23,18,1,10023, 기독교와세계,1,1,3,3,null
23,18,1,10023, 기독교와세계,1,2,3,3,null
23,18,2,11256, 공존과협력의유토피아,1,1,3,2,null
23,18,2,11256, 공존과협력의유토피아,1,2,3,2,null
23,18,2,11254, 관계의미학:사랑과윤리,1,1,3,2,null
23,18,2,11254, 관계의미학:사랑과윤리,1,2,3,2,null
23,18,2,11095, 나눔리더십,1,1,3,2,null
23,18,2,11095, 나눔리더십,1,2,3,2,null
23,18,2,11253, 나눔의인간학,1,1,3,2,null
23,18,2,11253, 나눔의인간학,1,2,3,2,null
23,18,2,11252, 청춘의자기이해,1,1,3,2,null
23,18,2,11252, 청춘의자기이해,1,2,3,2,null
23,18,2,11255, 호모엠파티쿠스:소통·공감·신뢰,1,1,3,2,null
23,18,2,11255, 호모엠파티쿠스:소통·공감·신뢰,1,2,3,2,null
23,18,3,10021, 우리말과글쓰기,1,1,3,3,null
23,18,3,10021, 우리말과글쓰기,1,2,3,3,null
23,18,3,11094, 고전읽기와글쓰기,2,1,3,2,10021
23,18,3,11094, 고전읽기와글쓰기,2,2,3,2,10021
23,18,4,10098, 대학영어,1,1,3,3,null
23,18,4,10098, 대학영어,1,2,3,3,null
23,18,6,10099, 고급영어,1,1,3,3,null
23,18,6,10099, 고급영어,1,2,3,3,null
23,18,5,11036, 중국어Ⅰ,1,1,3,2,null
23,18,5,11037, 중국어Ⅱ,1,2,3,2,null
23,18,5,11073, 프랑스어Ⅰ,1,1,3,2,null
23,18,5,11074, 프랑스어Ⅱ,1,2,3,2,null
23,18,5,11033, 독일어Ⅰ,1,1,3,2,null
23,18,5,11034, 독일어Ⅱ,1,2,3,2,null
23,18,5,11091, 일본어Ⅰ,1,1,3,2,null
23,18,5,11092, 일본어Ⅱ,1,2,3,2,null
23,18,5,11066, 스페인어Ⅰ,1,1,3,2,null
23,18,5,11067, 스페인어Ⅱ,1,2,3,2,null
23,18,5,11064, 러시아어Ⅰ,1,1,3,2,null
23,18,5,11065, 러시아어Ⅱ,1,2,3,2,null
23,18,7,11053, 21세기사회와문학의대화,null,1,3,3,null
23,18,7,11053, 21세기사회와문학의대화,null,2,3,3,null
23,18,7,11183, The Story of Human Language,null,1,3,3,null
23,18,7,11183, The Story of Human Language,null,2,3,3,null
23,18,7,11165, Topics in Multiethnic American Literature,null,1,3,3,null
23,18,7,11165, Topics in Multiethnic American Literature,null,2,3,3,null
23,18,7,11112, 다매체시대의비교문학,null,1,3,3,null
23,18,7,11112, 다매체시대의비교문학,null,2,3,3,null
23,18,7,11108, 동아시아문학으로문화읽기,null,1,3,3,null
23,18,7,11108, 동아시아문학으로문화읽기,null,2,3,3,null
23,18,7,11038, 디지털미디어시대의동아시아문자,null,1,3,3,null
23,18,7,11038, 디지털미디어시대의동아시아문자,null,2,3,3,null
23,18,7,10950, 디지털스토리텔링의이해,null,1,3,3,null
23,18,7,10950, 디지털스토리텔링의이해,null,2,3,3,null
23,18,7,10041, 문학과삶,null,1,3,3,null
23,18,7,10041, 문학과삶,null,2,3,3,null
23,18,7,10654, 문학과영화,null,1,3,3,null
23,18,7,10654, 문학과영화,null,2,3,3,null
23,18,7,11148, 문학으로보는사랑의역사,null,1,3,3,null
23,18,7,11148, 문학으로보는사랑의역사,null,2,3,3,null
23,18,7,11184, 문학으로함께배우는매체/이야기,null,1,3,3,null
23,18,7,11184, 문학으로함께배우는매체/이야기,null,2,3,3,null
23,18,7,11146, 문화로읽는현대시의세계,null,1,3,3,null
23,18,7,11146, 문화로읽는현대시의세계,null,1,3,3,null
23,18,7,11147, 사이언스픽션의이해,null,1,3,3,null
23,18,7,11147, 사이언스픽션의이해,null,2,3,3,null
23,18,7,11297, 생태와문학,null,1,3,3,null
23,18,7,11297, 생태와문학,null,2,3,3,null
23,18,7,10768, 신화·상상력·문화,null,1,3,3,null
23,18,7,10768, 신화·상상력·문화,null,2,3,3,null
23,18,7,11109, 여행문학과세계인식,null,1,3,3,null
23,18,7,11109, 여행문학과세계인식,null,2,3,3,null
23,18,7,10882, 인간과언어,null,1,3,3,null
23,18,7,10882, 인간과언어,null,2,3,3,null
23,18,7,11258, 자연과문학,null,1,3,3,null
23,18,7,11258, 자연과문학,null,2,3,3,null
23,18,7,10543, 한국현대시와삶읽기,null,1,3,3,null
23,18,7,10543, 한국현대시와삶읽기,null,2,3,3,null
23,18,7,11134, 현대영어권문학의동향,null,1,3,3,null
23,18,7,11134, 현대영어권문학의동향,null,2,3,3,null
23,18,7,10896, 환상문학의세계,null,1,3,3,null
23,18,7,10896, 환상문학의세계,null,2,3,3,null
23,18,7,11334, Critical and Creative Textual Studies,null,1,3,3,null
23,18,7,11334, Critical and Creative Textual Studies,null,2,3,3,null
23,18,7,11335, Technical Writing and Document Design in English,null,1,3,3,null
23,18,7,11335, Technical Writing and Document Design in English,null,2,3,3,null
23,18,8,11107, 21세기의예술과인간,null,1,3,3,null
23,18,8,11107, 21세기의예술과인간,null,2,3,3,null
23,18,8,11164, Contemporary Photography,null,1,3,3,null
23,18,8,11164, Contemporary Photography,null,2,3,3,null
23,18,8,10018, 국악의이해,null,1,3,3,null
23,18,8,10018, 국악의이해,null,2,3,3,null
23,18,8,10033, 동양미술의이해,null,1,3,3,null
23,18,8,10033, 동양미술의이해,null,2,3,3,null
23,18,8,10778, 디지털매체와예술,null,1,3,3,null
23,18,8,10778, 디지털매체와예술,null,2,3,3,null
23,18,8,10576, 무용의이해,null,1,3,3,null
23,18,8,10576, 무용의이해,null,2,3,3,null
23,18,8,11153, 문화콘텐츠기획의이해,null,1,3,3,null
23,18,8,11153, 문화콘텐츠기획의이해,null,2,3,3,null
23,18,8,11328, 미술로치유하는마음,null,1,3,3,null
23,18,8,11328, 미술로치유하는마음,null,2,3,3,null
23,18,8,11083, 미학과미술,null,1,3,3,null
23,18,8,11083, 미학과미술,null,2,3,3,null
23,18,8,11135, 사물과예술,null,1,3,3,null
23,18,8,11135, 사물과예술,null,2,3,3,null
23,18,8,11329, 색채의이해,null,1,3,3,null
23,18,8,11329, 색채의이해,null,2,3,3,null
23,18,8,10072, 서양미술의이해,null,1,3,3,null
23,18,8,10072, 서양미술의이해,null,2,3,3,null
23,18,8,10073, 서양음악의이해,null,1,3,3,null
23,18,8,10073, 서양음악의이해,null,2,3,3,null
23,18,8,11084, 시각문화로서미술작품읽기,null,1,3,3,null
23,18,8,11084, 시각문화로서미술작품읽기,null,2,3,3,null
23,18,8,10090, 여성과예술,null,1,3,3,null
23,18,8,10090, 여성과예술,null,2,3,3,null
23,18,8,11113, 여성의몸과창조적움직임,null,1,3,3,null
23,18,8,11113, 여성의몸과창조적움직임,null,2,3,3,null
23,18,8,10097, 연극의이론과실제,null,1,3,3,null
23,18,8,10097, 연극의이론과실제,null,2,3,3,null
23,18,8,11110, 예술가와그의시대,null,1,3,3,null
23,18,8,11110, 예술가와그의시대,null,2,3,3,null
23,18,8,10100, 예술과사상,null,1,3,3,null
23,18,8,10100, 예술과사상,null,2,3,3,null
23,18,8,11055, 옛시와그림의만남,null,1,3,3,null
23,18,8,11055, 옛시와그림의만남,null,2,3,3,null
23,18,8,11075, 창조와상상의기술,null,1,3,3,null
23,18,8,11075, 창조와상상의기술,null,2,3,3,null
23,18,8,11035," 퍼포먼스인문학:제의,놀이,연극",null,1,3,3,null
23,18,8,11035," 퍼포먼스인문학:제의,놀이,연극",null,2,3,3,null
23,18,8,10892," 표현,예술,그리고시대정신",null,1,3,3,null
23,18,8,10892," 표현,예술,그리고시대정신",null,2,3,3,null
23,18,8,10152, 한국미술의이해,null,1,3,3,null
23,18,8,10152, 한국미술의이해,null,2,3,3,null
23,18,8,11333," 한국사와상상력,스토리텔링",null,1,3,3,null
23,18,8,11333," 한국사와상상력,스토리텔링",null,2,3,3,null
23,18,8,10883, 한국의문화공간과예술,null,1,3,3,null
23,18,8,10883, 한국의문화공간과예술,null,2,3,3,null
23,18,8,10165, 현대미술사,null,1,3,3,null
23,18,8,10165, 현대미술사,null,2,3,3,null
23,18,8,11330, Reading American Popular Culture in the Digital Age,null,1,3,3,null
23,18,8,11330, Reading American Popular Culture in the Digital Age,null,2,3,3,null
23,18,8,11265, 음악과건강,null,1,3,3,null
23,18,8,11265, 음악과건강,null,2,3,3,null
23,18,8,11116, Introduction to World Music and Culture,null,1,3,3,null
23,18,8,11116, Introduction to World Music and Culture,null,2,3,3,null
23,18,9,11190, The Art of Thinking,null,1,3,3,null
23,18,9,11190, The Art of Thinking,null,2,3,3,null
23,18,9,10545, 근대일본과동아시아,null,1,3,3,null
23,18,9,10545, 근대일본과동아시아,null,2,3,3,null
23,18,9,11046, 동서양의인간이해,null,1,3,3,null
23,18,9,11046, 동서양의인간이해,null,2,3,3,null
23,18,9,10034, 동양철학의이해,null,1,3,3,null
23,18,9,10034, 동양철학의이해,null,2,3,3,null
23,18,9,10769, 모던/포스트모던문화읽기,null,1,3,3,null
23,18,9,10769, 모던/포스트모던문화읽기,null,2,3,3,null
23,18,9,11056, 문화로읽는한국사,null,1,3,3,null
23,18,9,11056, 문화로읽는한국사,null,2,3,3,null
23,18,9,11185, 문화와예술을통해본르네상스역사,null,1,3,3,null
23,18,9,11185, 문화와예술을통해본르네상스역사,null,2,3,3,null
23,18,9,10772, 여성과사회정의,null,1,3,3,null
23,18,9,10772, 여성과사회정의,null,2,3,3,null
23,18,9,11054, 연어프로젝트:한국여성나의뿌리를찾아서 ,null,1,3,3,null
23,18,9,11054, 연어프로젝트:한국여성나의뿌리를찾아서 ,null,2,3,3,null
23,18,9,10108, 인간과종교,null,1,3,3,null
23,18,9,10108, 인간과종교,null,2,3,3,null
23,18,9,11041, 인간과철학적사유,null,1,3,3,null
23,18,9,11041, 인간과철학적사유,null,2,3,3,null
23,18,9,11293, 인물로본중국의역사,null,1,3,3,null
23,18,9,11293, 인물로본중국의역사,null,2,3,3,null
23,18,9,10581, 인물로본한국사,null,1,3,3,null
23,18,9,10581, 인물로본한국사,null,2,3,3,null
23,18,9,11078, 젠더와역사,null,1,3,3,null
23,18,9,11078, 젠더와역사,null,2,3,3,null
23,18,9,10767, 종교와문화,null,1,3,3,null
23,18,9,10767, 종교와문화,null,2,3,3,null
23,18,9,11057, 주제로살펴보는서양근현대사,null,1,3,3,null
23,18,9,11057, 주제로살펴보는서양근현대사,null,2,3,3,null
23,18,9,10544, 중국의역사와문화,null,1,3,3,null
23,18,9,10544, 중국의역사와문화,null,2,3,3,null
23,18,9,11297, 질병치료와백신의역사,null,1,3,3,null
23,18,9,11297, 질병치료와백신의역사,null,2,3,3,null
23,18,9,11189, 철학의은유들,null,1,3,3,null
23,18,9,11189, 철학의은유들,null,2,3,3,null
23,18,9,11045, 패러다임전환과비판이론,null,1,3,3,null
23,18,9,11045, 패러다임전환과비판이론,null,2,3,3,null
23,18,9,10149, 한국근현대사 ,null,1,3,3,null
23,18,9,10149, 한국근현대사 ,null,2,3,3,null
23,18,9,11058, 한국사의새로운이해,null,1,3,3,null
23,18,9,11058, 한국사의새로운이해,null,2,3,3,null
23,18,9,11186, Evolutionary Origin of Humans,null,1,3,3,null
23,18,9,11186, Evolutionary Origin of Humans,null,2,3,3,null
23,18,9,11295, 인공지능시대의과학과종교,null,1,3,3,null
23,18,9,11295, 인공지능시대의과학과종교,null,2,3,3,null
23,18,10,10011, 가족건강과간호,null,1,3,3,null
23,18,10,10011, 가족건강과간호,null,2,3,3,null
23,18,10,10932, 건축으로읽는사회문화사,null,1,3,3,null
23,18,10,10932, 건축으로읽는사회문화사,null,2,3,3,null
23,18,10,10013, 경영과사회,null,1,3,3,null
23,18,10,10013, 경영과사회,null,2,3,3,null
23,18,10,11068, 글로벌사회변동과쟁점지역연구,null,1,3,3,null
23,18,10,11068, 글로벌사회변동과쟁점지역연구,null,2,3,3,null
23,18,10,10913, 글로벌시대의다문화사회,null,1,3,3,null
23,18,10,10913, 글로벌시대의다문화사회,null,2,3,3,null
23,18,10,10914, 글로벌시대의아시아여성,null,1,3,3,null
23,18,10,10914, 글로벌시대의아시아여성,null,2,3,3,null
23,18,10,10091, 노동과젠더,null,1,3,3,null
23,18,10,10091, 노동과젠더,null,2,3,3,null
23,18,10,11332, 도시공간문화로읽는한국사,null,1,3,3,null
23,18,10,11332, 도시공간문화로읽는한국사,null,2,3,3,null
23,18,10,10886, 동양고전의현대적이해,null,1,3,3,null
23,18,10,10886, 동양고전의현대적이해,null,2,3,3,null
23,18,10,11292, 모방과인간,null,1,3,3,null
23,18,10,11292, 모방과인간,null,2,3,3,null
23,18,10,11193, 법과젠더,null,1,3,3,null
23,18,10,11193, 법과젠더,null,2,3,3,null
23,18,10,10549, 북한정치의이해,null,1,3,3,null
23,18,10,10549, 북한정치의이해,null,2,3,3,null
23,18,10,10548, 북한주민의문화와생활,null,1,3,3,null
23,18,10,10548, 북한주민의문화와생활,null,2,3,3,null
23,18,10,10929, 브레인스펙트럼,null,1,3,3,null
23,18,10,10929, 브레인스펙트럼,null,2,3,3,null
23,18,10,10573, 생명윤리와법,null,1,3,3,null
23,18,10,10573, 생명윤리와법,null,2,3,3,null
23,18,10,10074, 성문화연구,null,1,3,3,null
23,18,10,10074, 성문화연구,null,2,3,3,null
23,18,10,10081, 시민생활과법,null,1,3,3,null
23,18,10,10081, 시민생활과법,null,2,3,3,null
23,18,10,10094, 여성학,null,1,3,3,null
23,18,10,10094, 여성학,null,2,3,3,null
23,18,10,11089, 여행과지리:글로벌화의지역탐색,null,1,3,3,null
23,18,10,11089, 여행과지리:글로벌화의지역탐색,null,2,3,3,null
23,18,10,10908, 영상이미지와젠더,null,1,3,3,null
23,18,10,10908, 영상이미지와젠더,null,2,3,3,null
23,18,10,10904, 우리사회의문제와쟁점찾기,null,1,3,3,null
23,18,10,10904, 우리사회의문제와쟁점찾기,null,2,3,3,null
23,18,10,10109, 인간발달과가족,null,1,3,3,null
23,18,10,10109, 인간발달과가족,null,2,3,3,null
23,18,10,10903, 인간발달과문화의다양성,null,1,3,3,null
23,18,10,10903, 인간발달과문화의다양성,null,2,3,3,null
23,18,10,11114, 인간은왜춤을추는가,null,1,3,3,null
23,18,10,11114, 인간은왜춤을추는가,null,2,3,3,null
23,18,10,11103, 인터넷과법,null,1,3,3,null
23,18,10,11103, 인터넷과법,null,2,3,3,null
23,18,10,11104, 죄와벌,null,1,3,3,null
23,18,10,11104, 죄와벌,null,2,3,3,null
23,18,10,10905, 지구촌의사회복지,null,1,3,3,null
23,18,10,10905, 지구촌의사회복지,null,2,3,3,null
23,18,10,11105, 직업세계와법,null,1,3,3,null
23,18,10,11105, 직업세계와법,null,2,3,3,null
23,18,10,11039, 키워드로읽는중국문화,null,1,3,3,null
23,18,10,11039, 키워드로읽는중국문화,null,2,3,3,null
23,18,10,10887, 현대중국의사회와문화,null,1,3,3,null
23,18,10,10887, 현대중국의사회와문화,null,2,3,3,null
23,18,10,11162, Middle Eastern Political Theology: Religious Sources,null,1,3,3,null
23,18,10,11162, Middle Eastern Political Theology: Religious Sources,null,2,3,3,null
23,18,10,11259, SDGs시대글로벌보건협력:개발도상국의보건의료현황과국제사회의지원,null,1,3,3,null
23,18,10,11259, SDGs시대글로벌보건협력:개발도상국의보건의료현황과국제사회의지원,null,2,3,3,null
23,18,10,11161, Social and Cultural Impact of Video Games,null,1,3,3,null
23,18,10,11161, Social and Cultural Impact of Video Games,null,2,3,3,null
23,18,10,11296, 청춘의아픔과치유:행복인문학,null,1,3,3,null
23,18,10,11296, 청춘의아픔과치유:행복인문학,null,2,3,3,null
23,18,10,10181, 환경과인간,null,1,3,3,null
23,18,10,10181, 환경과인간,null,2,3,3,null
23,18,10,11188, Introduction to Ethnic Conflict and Management,null,1,3,3,null
23,18,10,11188, Introduction to Ethnic Conflict and Management,null,2,3,3,null
23,18,10,11163, Literacy in the 21st Century,null,1,3,3,null
23,18,10,11163, Literacy in the 21st Century,null,2,3,3,null
23,18,10,10949, 국제구호와개발협력,null,1,3,3,null
23,18,10,10949, 국제구호와개발협력,null,2,3,3,null
23,18,10,11106, 글로벌시민의이해와리더십,null,1,3,3,null
23,18,10,11106, 글로벌시민의이해와리더십,null,2,3,3,null
23,18,10,10933, 대학생의성건강,null,1,3,3,null
23,18,10,10933, 대학생의성건강,null,2,3,3,null
23,18,10,11308, 데이터로고전읽기,null,1,3,3,null
23,18,10,11308, 데이터로고전읽기,null,2,3,3,null
23,18,10,11079, 장애와사회,null,1,3,3,null
23,18,10,11079, 장애와사회,null,2,3,3,null
23,18,11,11154, 사물인터넷개론,null,1,3,3,null
23,18,11,11154, 사물인터넷개론,null,2,3,3,null
23,18,11,10556, 인터넷과소셜컴퓨팅,null,1,3,3,null
23,18,11,10556, 인터넷과소셜컴퓨팅,null,2,3,3,null
23,18,11,11160, 정보기술과미래사회,null,1,3,3,null
23,18,11,11160, 정보기술과미래사회,null,2,3,3,null
23,18,11,10123, 정보사회와인터넷윤리,null,1,3,3,null
23,18,11,10123, 정보사회와인터넷윤리,null,2,3,3,null
23,18,11,10930, Behavior of Animals,null,1,3,3,null
23,18,11,10930, Behavior of Animals,null,2,3,3,null
23,18,11,11111, SF영화로배우는철학,null,1,3,3,null
23,18,11,11111, SF영화로배우는철학,null,2,3,3,null
23,18,11,11155, 과학과허구,null,1,3,3,null
23,18,11,11155, 과학과허구,null,2,3,3,null
23,18,11,11101, 과학과문화의커뮤니케이션,null,1,3,3,null
23,18,11,11101, 과학과문화의커뮤니케이션,null,2,3,3,null
23,18,11,11043, 글로벌사회의기록과정보,null,1,3,3,null
23,18,11,11043, 글로벌사회의기록과정보,null,2,3,3,null
23,18,11,10776, 글로벌시민을위한과학소양,null,1,3,3,null
23,18,11,10776, 글로벌시민을위한과학소양,null,2,3,3,null
23,18,11,11044, 디지털네이티브와검색엔진,null,1,3,3,null
23,18,11,11044, 디지털네이티브와검색엔진,null,2,3,3,null
23,18,11,11152, 모바일멀티미디어프로그래밍,null,1,3,3,null
23,18,11,11152, 모바일멀티미디어프로그래밍,null,2,3,3,null
23,18,11,10559, 미래를위한환경의이해,null,1,3,3,null
23,18,11,10559, 미래를위한환경의이해,null,2,3,3,null
23,18,11,11191, 식물의모든것,null,1,3,3,null
23,18,11,11191, 식물의모든것,null,2,3,3,null
23,18,11,10052, 약과건강,null,1,3,3,null
23,18,11,10052, 약과건강,null,2,3,3,null
23,18,11,11102," 에너지의이해,이용,실천",null,1,3,3,null
23,18,11,11102," 에너지의이해,이용,실천",null,2,3,3,null
23,18,11,11257, 에피소드로보는과학철학,null,1,3,3,null
23,18,11,11257, 에피소드로보는과학철학,null,2,3,3,null
23,18,11,10910, 위험판단심리학,null,1,3,3,null
23,18,11,10910, 위험판단심리학,null,2,3,3,null
23,18,11,10104, 응용통계입문,null,1,3,3,null
23,18,11,10104, 응용통계입문,null,2,3,3,null
23,18,11,11336, 인공지능과인간,null,1,3,3,null
23,18,11,11336, 인공지능과인간,null,2,3,3,null
23,18,11,11261, 인공지능시대의정보산업이해,null,1,3,3,null
23,18,11,11261, 인공지능시대의정보산업이해,null,2,3,3,null
23,18,11,11156," 자연과의대화,환경생태",null,1,3,3,null
23,18,11,11156," 자연과의대화,환경생태",null,2,3,3,null
23,18,11,11096, 정보화사회와통계,null,1,3,3,null
23,18,11,11096, 정보화사회와통계,null,2,3,3,null
23,18,11,10135, 지구의역사,null,1,3,3,null
23,18,11,10135, 지구의역사,null,2,3,3,null
23,18,11,11042, 컴퓨터와마음,null,1,3,3,null
23,18,11,11042, 컴퓨터와마음,null,2,3,3,null
23,18,11,11145, 크리에이티브컴퓨팅,null,1,3,3,null
23,18,11,11145, 크리에이티브컴퓨팅,null,2,3,3,null
23,18,11,10164, 현대물리학과인간사고의변혁,null,1,3,3,null
23,18,11,10164, 현대물리학과인간사고의변혁,null,2,3,3,null
23,18,11,11157, 환경재난과국제협력,null,1,3,3,null
23,18,11,11157, 환경재난과국제협력,null,2,3,3,null
23,18,11,11159, General Biology,null,1,3,3,null
23,18,11,11159, General Biology,null,2,3,3,null
23,18,11,11262, 생활속의미생물,null,1,3,3,null
23,18,11,11262, 생활속의미생물,null,2,3,3,null
23,18,11,11187, 빅데이터사회와정보활용,null,1,3,3,null
23,18,11,11187, 빅데이터사회와정보활용,null,2,3,3,null
23,18,11,11264, 세계의자연유산과지오투어리즘,null,1,3,3,null
23,18,11,11264, 세계의자연유산과지오투어리즘,null,2,3,3,null
23,18,11,11098, 주거로보는건축문화,null,1,3,3,null
23,18,11,11098, 주거로보는건축문화,null,2,3,3,null
23,18,12,11208, IT융합설계개론,null,1,3,3,null
23,18,12,11208, IT융합설계개론,null,2,3,3,null
23,18,12,11309, 문제해결과SW프로그래밍,null,1,3,3,null
23,18,12,11309, 문제해결과SW프로그래밍,null,2,3,3,null
23,18,12,11214, 간호와휴머니즘,null,1,3,3,null
23,18,12,11214, 간호와휴머니즘,null,2,3,3,null
23,18,12,11206, 계산의기초와융합적문제해결,null,1,3,3,null
23,18,12,11206, 계산의기초와융합적문제해결,null,2,3,3,null
23,18,12,11207, 과학자를위한기초현대통계학론,null,1,3,3,null
23,18,12,11207, 과학자를위한기초현대통계학론,null,2,3,3,null
23,18,12,11210, 교육커뮤니케이션의이해와실제,null,1,3,3,null
23,18,12,11210, 교육커뮤니케이션의이해와실제,null,2,3,3,null
23,18,12,11212, 글로벌커리어개발과기업가정신,null,1,3,3,null
23,18,12,11212, 글로벌커리어개발과기업가정신,null,2,3,3,null
23,18,12,11204, 논리로과학읽기,null,1,3,3,null
23,18,12,11204, 논리로과학읽기,null,2,3,3,null
23,18,12,11209, 시각적사고를통한일상의문화와트랜드,null,1,3,3,null
23,18,12,11209, 시각적사고를통한일상의문화와트랜드,null,2,3,3,null
23,18,12,11263, 예술과기술,null,1,3,3,null
23,18,12,11263, 예술과기술,null,2,3,3,null
23,18,12,11233, 음악과테크놀로지,null,1,3,3,null
23,18,12,11233, 음악과테크놀로지,null,2,3,3,null
23,18,12,11235, 의료생명분야에서의컴퓨터적사고,null,1,3,3,null
23,18,12,11235, 의료생명분야에서의컴퓨터적사고,null,2,3,3,null
23,18,12,11213, 질병과몸의역사,null,1,3,3,null
23,18,12,11213, 질병과몸의역사,null,2,3,3,null
23,18,12,11205, 컴퓨터과학적인식과문제해결,null,1,3,3,null
23,18,12,11205, 컴퓨터과학적인식과문제해결,null,2,3,3,null
23,18,12,11232, 컴퓨터적사고와이해,null,1,3,3,null
23,18,12,11232, 컴퓨터적사고와이해,null,2,3,3,null
23,18,12,11234, 컴퓨터적사고와조형적활용,null,1,3,3,null
23,18,12,11234, 컴퓨터적사고와조형적활용,null,2,3,3,null
23,18,12,11211, 컴퓨팅적사고와프로그래밍,null,1,3,3,null
23,18,12,11211, 컴퓨팅적사고와프로그래밍,null,2,3,3,null
23,18,12,11215, 통합적분쟁이해와조정,null,1,3,3,null
23,18,12,11215, 통합적분쟁이해와조정,null,2,3,3,null
23,18,12,11260, 기업가정신과기술혁신,null,1,3,3,null
23,18,13,38403, Python프로그래밍및실습,1,1,3,3,null
23,18,13,35339, 객체지향프로그래밍,2,1,3,3,null
23,18,13,20479, 이산수학,2,1,3,3,null
23,18,13,38408, SW리더십세미나I,null,1,1,1,null
23,18,13,38408, SW리더십세미나I,null,2,1,1,null
23,18,13,38409, SW리더십세미나II,null,1,1,1,null
23,18,13,38409, SW리더십세미나II,null,2,1,1,null
23,18,13,38410, SW리더십세미나III,null,1,1,1,null
23,18,13,38410, SW리더십세미나III,null,2,1,1,null
23,18,13,20410, 일반물리학실험I,1,1,1.5,1,null
23,18,14,20413, 일반생물학I,1,1,3,3,null
23,18,14,20416, 일반화학I,1,1,3,3,null
23,18,14,30002, 일반물리학II,1,2,3,3,null
23,18,14,20412, 일반생물학,1,2,3,3,null
23,18,14,20415, 일반화학,1,2,3,3,null
23,18,15,30001, 일반물리학,1,1,3,3,null
23,18,15,20409, 일반물리학I,1,1,3,3,null
23,18,16,36339, 컴퓨터프로그래밍및실습,1,1,3,3,null
23,18,16,36339, 컴퓨터프로그래밍및실습,1,2,3,3,null
23,18,16,38407, C프로그래밍및실습,1,2,3,3,null
23,18,17,20406, 미분적분학,1,1,3,3,null
23,18,17,20407, 미분적분학I,1,1,3,3,null
23,18,13,36340, 글로벌여성엔지니어와기업가정신,3,1,1,1,null
23,18,19,20642, 수치해석,2,1,3,3,null
23,18,19,20642, 수치해석,2,2,3,3,null
23,18,19,36341, 공학수학,1,2,3,3,null
23,18,19,20441, 선형대수학I,1,2,4.5,3,null
23,18,19,20454, 정수론,1,2,3,3,null
23,18,19,34980, 확률및통계학,2,1,3,3,null
23,18,20,36503, 소프트웨어융합창의설계,2,1,4.5,3,null
23,18,20,20481, 자료구조,2,2,3,3,null
23,18,20,20493, 컴퓨터구조,2,2,3,3,null
23,18,20,20477, 운영체제,3,1,3,3,null
23,18,20,34743, 정보통신공학,3,1,3,3,null
23,18,20,20472, 소프트웨어공학,3,2,3,3,null
23,18,21,36500, 디지털논리설계,2,1,3,3,null
23,18,21,36502, 디지털논리실험,2,1,1.5,1,null
23,18,21,30226, 오토마타및형식언어,2,1,3,3,null
23,18,21,35914, JAVA프로그래밍및실습,2,2,4.5,3,null
23,18,21,38425, 시스템SW및실습,2,2,3,3,null
23,18,21,38426,오픈SW플랫폼,2,2,3,3,null
23,18,21,37082, SW산학실무설계I,3,1,2,2,null
23,18,21,37083, SW산학실무설계II,3,1,2,3,null
23,18,21,37084, SW산학실무설계III,3,1,2,4,null
23,18,21,20471, 데이터베이스,3,1,3,3,null
23,18,21,37269, 오픈SW프로젝트,3,1,3,3,null
23,18,21,20497, 컴퓨터알고리즘,3,1,3,3,null
23,18,21,37271, 임베디드시스템및실험,3,2,3,3,null
23,18,21,36506, 캡스톤디자인프로젝트A,3,2,4.5,3,null
23,18,21,20494, 컴퓨터그래픽스,3,2,3,3,null
23,18,21,20495, 컴퓨터네트워크,3,2,3,3,null
23,18,21,36510, 가상현실,4,1,3,3,null
23,18,21,38427, 스마트SW시스템설계I,4,1,3,3,null
23,18,21,35913, 인간컴퓨터상호작용,4,1,3,3,null
23,18,21,20480, 인공지능,4,1,3,3,null
23,18,21,36508, 정보통신시스템실습I,4,1,3,2,null
23,18,21,36507, 캡스톤디자인프로젝트B,4,1,4.5,3,null
23,18,21,34811, 컴파일러,4,1,3,3,null
23,18,21,38428, 기계학습,4,2,3,3,null
23,18,21,36511, 빅데이터응용,4,2,3,3,null
23,18,21,38429, 스마트SW시스템설계II,4,2,3,3,null
23,18,21,36509, 정보통신시스템실습II,4,2,3,2,null
23,18,21,37270, 클라우드컴퓨팅,4,2,3,3,null
23,18,21,20499, 프로그래밍언어론,4,2,3,3,null
23,18,21,38569, 바이오데이터전산기초및실습,3,1,4.5,3,null
23,18,21,38475, 현대암호기초,3,1,3,3,null
23,18,21,38487, 블록체인응용,3,2,3,3,null
23,18,21,38601, 의학영상처리,3,2,3,3,null
23,18,21,38483, 네트워크보안,4,1,3,3,null
23,18,21,38497, 디지털포렌식스,4,1,3,3,null
23,18,21,38480, 정보시스템보안,4,1,3,3,null
23,18,21,38596, 바이오로봇공학,4,2,3,3,null
23,18,21,38082, SW자기설계학습I,null,1,null,3,null
23,18,21,38082, SW자기설계학습I,null,2,null,3,null
23,18,21,38083, SW자기설계학습II,null,1,null,3,null
23,18,21,38083, SW자기설계학습II,null,2,null,3,null
23,18,21,38084, SW자기설계학습III,null,1,null,3,null
23,18,21,38084, SW자기설계학습III,null,2,null,3,null
23,18,21,37404, 컴퓨터공학단기인턴십I,null,1,null,1,null
23,18,21,37404, 컴퓨터공학단기인턴십I,null,2,null,1,null
23,18,21,37405, 컴퓨터공학단기인턴십II,null,1,null,1,null
23,18,21,37405, 컴퓨터공학단기인턴십II,null,2,null,1,null
23,18,21,37406, 컴퓨터공학단기인턴십III,null,1,null,1,null
23,18,21,37406, 컴퓨터공학단기인턴십III,null,2,null,1,null
23,19,22,10023, 기독교와세계,1,1,3,3,null
23,19,22,10023, 기독교와세계,1,2,3,3,null
23,19,23,11256, 공존과협력의유토피아,1,1,3,2,null
23,19,23,11256, 공존과협력의유토피아,1,2,3,2,null
23,19,23,11254, 관계의미학:사랑과윤리,1,1,3,2,null
23,19,23,11254, 관계의미학:사랑과윤리,1,2,3,2,null
23,19,23,11095, 나눔리더십,1,1,3,2,null
23,19,23,11095, 나눔리더십,1,2,3,2,null
23,19,23,11253, 나눔의인간학,1,1,3,2,null
23,19,23,11253, 나눔의인간학,1,2,3,2,null
23,19,23,11252, 청춘의자기이해,1,1,3,2,null
23,19,23,11252, 청춘의자기이해,1,2,3,2,null
23,19,23,11255, 호모엠파티쿠스:소통·공감·신뢰,1,1,3,2,null
23,19,23,11255, 호모엠파티쿠스:소통·공감·신뢰,1,2,3,2,null
23,19,24,10021, 우리말과글쓰기,1,1,3,3,null
23,19,24,10021, 우리말과글쓰기,1,2,3,3,null
23,19,24,11094, 고전읽기와글쓰기,2,1,3,2,10021
23,19,24,11094, 고전읽기와글쓰기,2,2,3,2,10021
23,19,25,10098, 대학영어,1,1,3,3,null
23,19,25,10098, 대학영어,1,2,3,3,null
23,19,27,10099, 고급영어,1,1,3,3,null
23,19,27,10099, 고급영어,1,2,3,3,null
23,19,26,11036, 중국어Ⅰ,1,1,3,2,null
23,19,26,11037, 중국어Ⅱ,1,2,3,2,null
23,19,26,11073, 프랑스어Ⅰ,1,1,3,2,null
23,19,26,11074, 프랑스어Ⅱ,1,2,3,2,null
23,19,26,11033, 독일어Ⅰ,1,1,3,2,null
23,19,26,11034, 독일어Ⅱ,1,2,3,2,null
23,19,26,11091, 일본어Ⅰ,1,1,3,2,null
23,19,26,11092, 일본어Ⅱ,1,2,3,2,null
23,19,26,11066, 스페인어Ⅰ,1,1,3,2,null
23,19,26,11067, 스페인어Ⅱ,1,2,3,2,null
23,19,26,11064, 러시아어Ⅰ,1,1,3,2,null
23,19,26,11065, 러시아어Ⅱ,1,2,3,2,null
23,19,28,11053, 21세기사회와문학의대화,null,1,3,3,null
23,19,28,11053, 21세기사회와문학의대화,null,2,3,3,null
23,19,28,11183, The Story of Human Language,null,1,3,3,null
23,19,28,11183, The Story of Human Language,null,2,3,3,null
23,19,28,11165, Topics in Multiethnic American Literature,null,1,3,3,null
23,19,28,11165, Topics in Multiethnic American Literature,null,2,3,3,null
23,19,28,11112, 다매체시대의비교문학,null,1,3,3,null
23,19,28,11112, 다매체시대의비교문학,null,2,3,3,null
23,19,28,11108, 동아시아문학으로문화읽기,null,1,3,3,null
23,19,28,11108, 동아시아문학으로문화읽기,null,2,3,3,null
23,19,28,11038, 디지털미디어시대의동아시아문자,null,1,3,3,null
23,19,28,11038, 디지털미디어시대의동아시아문자,null,2,3,3,null
23,19,28,10950, 디지털스토리텔링의이해,null,1,3,3,null
23,19,28,10950, 디지털스토리텔링의이해,null,2,3,3,null
23,19,28,10041, 문학과삶,null,1,3,3,null
23,19,28,10041, 문학과삶,null,2,3,3,null
23,19,28,10654, 문학과영화,null,1,3,3,null
23,19,28,10654, 문학과영화,null,2,3,3,null
23,19,28,11148, 문학으로보는사랑의역사,null,1,3,3,null
23,19,28,11148, 문학으로보는사랑의역사,null,2,3,3,null
23,19,28,11184, 문학으로함께배우는매체/이야기,null,1,3,3,null
23,19,28,11184, 문학으로함께배우는매체/이야기,null,2,3,3,null
23,19,28,11146, 문화로읽는현대시의세계,null,1,3,3,null
23,19,28,11146, 문화로읽는현대시의세계,null,1,3,3,null
23,19,28,11147, 사이언스픽션의이해,null,1,3,3,null
23,19,28,11147, 사이언스픽션의이해,null,2,3,3,null
23,19,28,11297, 생태와문학,null,1,3,3,null
23,19,28,11297, 생태와문학,null,2,3,3,null
23,19,28,10768, 신화·상상력·문화,null,1,3,3,null
23,19,28,10768, 신화·상상력·문화,null,2,3,3,null
23,19,28,11109, 여행문학과세계인식,null,1,3,3,null
23,19,28,11109, 여행문학과세계인식,null,2,3,3,null
23,19,28,10882, 인간과언어,null,1,3,3,null
23,19,28,10882, 인간과언어,null,2,3,3,null
23,19,28,11258, 자연과문학,null,1,3,3,null
23,19,28,11258, 자연과문학,null,2,3,3,null
23,19,28,10543, 한국현대시와삶읽기,null,1,3,3,null
23,19,28,10543, 한국현대시와삶읽기,null,2,3,3,null
23,19,28,11134, 현대영어권문학의동향,null,1,3,3,null
23,19,28,11134, 현대영어권문학의동향,null,2,3,3,null
23,19,28,10896, 환상문학의세계,null,1,3,3,null
23,19,28,10896, 환상문학의세계,null,2,3,3,null
23,19,28,11334, Critical and Creative Textual Studies,null,1,3,3,null
23,19,28,11334, Critical and Creative Textual Studies,null,2,3,3,null
23,19,28,11335, Technical Writing and Document Design in English,null,1,3,3,null
23,19,28,11335, Technical Writing and Document Design in English,null,2,3,3,null
23,19,29,11107, 21세기의예술과인간,null,1,3,3,null
23,19,29,11107, 21세기의예술과인간,null,2,3,3,null
23,19,29,11164, Contemporary Photography,null,1,3,3,null
23,19,29,11164, Contemporary Photography,null,2,3,3,null
23,19,29,10018, 국악의이해,null,1,3,3,null
23,19,29,10018, 국악의이해,null,2,3,3,null
23,19,29,10033, 동양미술의이해,null,1,3,3,null
23,19,29,10033, 동양미술의이해,null,2,3,3,null
23,19,29,10778, 디지털매체와예술,null,1,3,3,null
23,19,29,10778, 디지털매체와예술,null,2,3,3,null
23,19,29,10576, 무용의이해,null,1,3,3,null
23,19,29,10576, 무용의이해,null,2,3,3,null
23,19,29,11153, 문화콘텐츠기획의이해,null,1,3,3,null
23,19,29,11153, 문화콘텐츠기획의이해,null,2,3,3,null
23,19,29,11328, 미술로치유하는마음,null,1,3,3,null
23,19,29,11328, 미술로치유하는마음,null,2,3,3,null
23,19,29,11083, 미학과미술,null,1,3,3,null
23,19,29,11083, 미학과미술,null,2,3,3,null
23,19,29,11135, 사물과예술,null,1,3,3,null
23,19,29,11135, 사물과예술,null,2,3,3,null
23,19,29,11329, 색채의이해,null,1,3,3,null
23,19,29,11329, 색채의이해,null,2,3,3,null
23,19,29,10072, 서양미술의이해,null,1,3,3,null
23,19,29,10072, 서양미술의이해,null,2,3,3,null
23,19,29,10073, 서양음악의이해,null,1,3,3,null
23,19,29,10073, 서양음악의이해,null,2,3,3,null
23,19,29,11084, 시각문화로서미술작품읽기,null,1,3,3,null
23,19,29,11084, 시각문화로서미술작품읽기,null,2,3,3,null
23,19,29,10090, 여성과예술,null,1,3,3,null
23,19,29,10090, 여성과예술,null,2,3,3,null
23,19,29,11113, 여성의몸과창조적움직임,null,1,3,3,null
23,19,29,11113, 여성의몸과창조적움직임,null,2,3,3,null
23,19,29,10097, 연극의이론과실제,null,1,3,3,null
23,19,29,10097, 연극의이론과실제,null,2,3,3,null
23,19,29,11110, 예술가와그의시대,null,1,3,3,null
23,19,29,11110, 예술가와그의시대,null,2,3,3,null
23,19,29,10100, 예술과사상,null,1,3,3,null
23,19,29,10100, 예술과사상,null,2,3,3,null
23,19,29,11055, 옛시와그림의만남,null,1,3,3,null
23,19,29,11055, 옛시와그림의만남,null,2,3,3,null
23,19,29,11075, 창조와상상의기술,null,1,3,3,null
23,19,29,11075, 창조와상상의기술,null,2,3,3,null
23,19,29,11035," 퍼포먼스인문학:제의,놀이,연극",null,1,3,3,null
23,19,29,11035," 퍼포먼스인문학:제의,놀이,연극",null,2,3,3,null
23,19,29,10892," 표현,예술,그리고시대정신",null,1,3,3,null
23,19,29,10892," 표현,예술,그리고시대정신",null,2,3,3,null
23,19,29,10152, 한국미술의이해,null,1,3,3,null
23,19,29,10152, 한국미술의이해,null,2,3,3,null
23,19,29,11333," 한국사와상상력,스토리텔링",null,1,3,3,null
23,19,29,11333," 한국사와상상력,스토리텔링",null,2,3,3,null
23,19,29,10883, 한국의문화공간과예술,null,1,3,3,null
23,19,29,10883, 한국의문화공간과예술,null,2,3,3,null
23,19,29,10165, 현대미술사,null,1,3,3,null
23,19,29,10165, 현대미술사,null,2,3,3,null
23,19,29,11330, Reading American Popular Culture in the Digital Age,null,1,3,3,null
23,19,29,11330, Reading American Popular Culture in the Digital Age,null,2,3,3,null
23,19,29,11265, 음악과건강,null,1,3,3,null
23,19,29,11265, 음악과건강,null,2,3,3,null
23,19,29,11116, Introduction to World Music and Culture,null,1,3,3,null
23,19,29,11116, Introduction to World Music and Culture,null,2,3,3,null
23,19,30,11190, The Art of Thinking,null,1,3,3,null
23,19,30,11190, The Art of Thinking,null,2,3,3,null
23,19,30,10545, 근대일본과동아시아,null,1,3,3,null
23,19,30,10545, 근대일본과동아시아,null,2,3,3,null
23,19,30,11046, 동서양의인간이해,null,1,3,3,null
23,19,30,11046, 동서양의인간이해,null,2,3,3,null
23,19,30,10034, 동양철학의이해,null,1,3,3,null
23,19,30,10034, 동양철학의이해,null,2,3,3,null
23,19,30,10769, 모던/포스트모던문화읽기,null,1,3,3,null
23,19,30,10769, 모던/포스트모던문화읽기,null,2,3,3,null
23,19,30,11056, 문화로읽는한국사,null,1,3,3,null
23,19,30,11056, 문화로읽는한국사,null,2,3,3,null
23,19,30,11185, 문화와예술을통해본르네상스역사,null,1,3,3,null
23,19,30,11185, 문화와예술을통해본르네상스역사,null,2,3,3,null
23,19,30,10772, 여성과사회정의,null,1,3,3,null
23,19,30,10772, 여성과사회정의,null,2,3,3,null
23,19,30,11054, 연어프로젝트:한국여성나의뿌리를찾아서 ,null,1,3,3,null
23,19,30,11054, 연어프로젝트:한국여성나의뿌리를찾아서 ,null,2,3,3,null
23,19,30,10108, 인간과종교,null,1,3,3,null
23,19,30,10108, 인간과종교,null,2,3,3,null
23,19,30,11041, 인간과철학적사유,null,1,3,3,null
23,19,30,11041, 인간과철학적사유,null,2,3,3,null
23,19,30,11293, 인물로본중국의역사,null,1,3,3,null
23,19,30,11293, 인물로본중국의역사,null,2,3,3,null
23,19,30,10581, 인물로본한국사,null,1,3,3,null
23,19,30,10581, 인물로본한국사,null,2,3,3,null
23,19,30,11078, 젠더와역사,null,1,3,3,null
23,19,30,11078, 젠더와역사,null,2,3,3,null
23,19,30,10767, 종교와문화,null,1,3,3,null
23,19,30,10767, 종교와문화,null,2,3,3,null
23,19,30,11057, 주제로살펴보는서양근현대사,null,1,3,3,null
23,19,30,11057, 주제로살펴보는서양근현대사,null,2,3,3,null
23,19,30,10544, 중국의역사와문화,null,1,3,3,null
23,19,30,10544, 중국의역사와문화,null,2,3,3,null
23,19,30,11297, 질병치료와백신의역사,null,1,3,3,null
23,19,30,11297, 질병치료와백신의역사,null,2,3,3,null
23,19,30,11189, 철학의은유들,null,1,3,3,null
23,19,30,11189, 철학의은유들,null,2,3,3,null
23,19,30,11045, 패러다임전환과비판이론,null,1,3,3,null
23,19,30,11045, 패러다임전환과비판이론,null,2,3,3,null
23,19,30,10149, 한국근현대사 ,null,1,3,3,null
23,19,30,10149, 한국근현대사 ,null,2,3,3,null
23,19,30,11058, 한국사의새로운이해,null,1,3,3,null
23,19,30,11058, 한국사의새로운이해,null,2,3,3,null
23,19,30,11186, Evolutionary Origin of Humans,null,1,3,3,null
23,19,30,11186, Evolutionary Origin of Humans,null,2,3,3,null
23,19,30,11295, 인공지능시대의과학과종교,null,1,3,3,null
23,19,30,11295, 인공지능시대의과학과종교,null,2,3,3,null
23,19,31,10011, 가족건강과간호,null,1,3,3,null
23,19,31,10011, 가족건강과간호,null,2,3,3,null
23,19,31,10932, 건축으로읽는사회문화사,null,1,3,3,null
23,19,31,10932, 건축으로읽는사회문화사,null,2,3,3,null
23,19,31,10013, 경영과사회,null,1,3,3,null
23,19,31,10013, 경영과사회,null,2,3,3,null
23,19,31,11068, 글로벌사회변동과쟁점지역연구,null,1,3,3,null
23,19,31,11068, 글로벌사회변동과쟁점지역연구,null,2,3,3,null
23,19,31,10913, 글로벌시대의다문화사회,null,1,3,3,null
23,19,31,10913, 글로벌시대의다문화사회,null,2,3,3,null
23,19,31,10914, 글로벌시대의아시아여성,null,1,3,3,null
23,19,31,10914, 글로벌시대의아시아여성,null,2,3,3,null
23,19,31,10091, 노동과젠더,null,1,3,3,null
23,19,31,10091, 노동과젠더,null,2,3,3,null
23,19,31,11332, 도시공간문화로읽는한국사,null,1,3,3,null
23,19,31,11332, 도시공간문화로읽는한국사,null,2,3,3,null
23,19,31,10886, 동양고전의현대적이해,null,1,3,3,null
23,19,31,10886, 동양고전의현대적이해,null,2,3,3,null
23,19,31,11292, 모방과인간,null,1,3,3,null
23,19,31,11292, 모방과인간,null,2,3,3,null
23,19,31,11193, 법과젠더,null,1,3,3,null
23,19,31,11193, 법과젠더,null,2,3,3,null
23,19,31,10549, 북한정치의이해,null,1,3,3,null
23,19,31,10549, 북한정치의이해,null,2,3,3,null
23,19,31,10548, 북한주민의문화와생활,null,1,3,3,null
23,19,31,10548, 북한주민의문화와생활,null,2,3,3,null
23,19,31,10929, 브레인스펙트럼,null,1,3,3,null
23,19,31,10929, 브레인스펙트럼,null,2,3,3,null
23,19,31,10573, 생명윤리와법,null,1,3,3,null
23,19,31,10573, 생명윤리와법,null,2,3,3,null
23,19,31,10074, 성문화연구,null,1,3,3,null
23,19,31,10074, 성문화연구,null,2,3,3,null
23,19,31,10081, 시민생활과법,null,1,3,3,null
23,19,31,10081, 시민생활과법,null,2,3,3,null
23,19,31,10094, 여성학,null,1,3,3,null
23,19,31,10094, 여성학,null,2,3,3,null
23,19,31,11089, 여행과지리:글로벌화의지역탐색,null,1,3,3,null
23,19,31,11089, 여행과지리:글로벌화의지역탐색,null,2,3,3,null
23,19,31,10908, 영상이미지와젠더,null,1,3,3,null
23,19,31,10908, 영상이미지와젠더,null,2,3,3,null
23,19,31,10904, 우리사회의문제와쟁점찾기,null,1,3,3,null
23,19,31,10904, 우리사회의문제와쟁점찾기,null,2,3,3,null
23,19,31,10109, 인간발달과가족,null,1,3,3,null
23,19,31,10109, 인간발달과가족,null,2,3,3,null
23,19,31,10903, 인간발달과문화의다양성,null,1,3,3,null
23,19,31,10903, 인간발달과문화의다양성,null,2,3,3,null
23,19,31,11114, 인간은왜춤을추는가,null,1,3,3,null
23,19,31,11114, 인간은왜춤을추는가,null,2,3,3,null
23,19,31,11103, 인터넷과법,null,1,3,3,null
23,19,31,11103, 인터넷과법,null,2,3,3,null
23,19,31,11104, 죄와벌,null,1,3,3,null
23,19,31,11104, 죄와벌,null,2,3,3,null
23,19,31,10905, 지구촌의사회복지,null,1,3,3,null
23,19,31,10905, 지구촌의사회복지,null,2,3,3,null
23,19,31,11105, 직업세계와법,null,1,3,3,null
23,19,31,11105, 직업세계와법,null,2,3,3,null
23,19,31,11039, 키워드로읽는중국문화,null,1,3,3,null
23,19,31,11039, 키워드로읽는중국문화,null,2,3,3,null
23,19,31,10887, 현대중국의사회와문화,null,1,3,3,null
23,19,31,10887, 현대중국의사회와문화,null,2,3,3,null
23,19,31,11162, Middle Eastern Political Theology: Religious Sources,null,1,3,3,null
23,19,31,11162, Middle Eastern Political Theology: Religious Sources,null,2,3,3,null
23,19,31,11259, SDGs시대글로벌보건협력:개발도상국의보건의료현황과국제사회의지원,null,1,3,3,null
23,19,31,11259, SDGs시대글로벌보건협력:개발도상국의보건의료현황과국제사회의지원,null,2,3,3,null
23,19,31,11161, Social and Cultural Impact of Video Games,null,1,3,3,null
23,19,31,11161, Social and Cultural Impact of Video Games,null,2,3,3,null
23,19,31,11296, 청춘의아픔과치유:행복인문학,null,1,3,3,null
23,19,31,11296, 청춘의아픔과치유:행복인문학,null,2,3,3,null
23,19,31,10181, 환경과인간,null,1,3,3,null
23,19,31,10181, 환경과인간,null,2,3,3,null
23,19,31,11188, Introduction to Ethnic Conflict and Management,null,1,3,3,null
23,19,31,11188, Introduction to Ethnic Conflict and Management,null,2,3,3,null
23,19,31,11163, Literacy in the 21st Century,null,1,3,3,null
23,19,31,11163, Literacy in the 21st Century,null,2,3,3,null
23,19,31,10949, 국제구호와개발협력,null,1,3,3,null
23,19,31,10949, 국제구호와개발협력,null,2,3,3,null
23,19,31,11106, 글로벌시민의이해와리더십,null,1,3,3,null
23,19,31,11106, 글로벌시민의이해와리더십,null,2,3,3,null
23,19,31,10933, 대학생의성건강,null,1,3,3,null
23,19,31,10933, 대학생의성건강,null,2,3,3,null
23,19,31,11308, 데이터로고전읽기,null,1,3,3,null
23,19,31,11308, 데이터로고전읽기,null,2,3,3,null
23,19,31,11079, 장애와사회,null,1,3,3,null
23,19,31,11079, 장애와사회,null,2,3,3,null
23,19,32,11154, 사물인터넷개론,null,1,3,3,null
23,19,32,11154, 사물인터넷개론,null,2,3,3,null
23,19,32,10556, 인터넷과소셜컴퓨팅,null,1,3,3,null
23,19,32,10556, 인터넷과소셜컴퓨팅,null,2,3,3,null
23,19,32,11160, 정보기술과미래사회,null,1,3,3,null
23,19,32,11160, 정보기술과미래사회,null,2,3,3,null
23,19,32,10123, 정보사회와인터넷윤리,null,1,3,3,null
23,19,32,10123, 정보사회와인터넷윤리,null,2,3,3,null
23,19,32,10930, Behavior of Animals,null,1,3,3,null
23,19,32,10930, Behavior of Animals,null,2,3,3,null
23,19,32,11111, SF영화로배우는철학,null,1,3,3,null
23,19,32,11111, SF영화로배우는철학,null,2,3,3,null
23,19,32,11155, 과학과허구,null,1,3,3,null
23,19,32,11155, 과학과허구,null,2,3,3,null
23,19,32,11101, 과학과문화의커뮤니케이션,null,1,3,3,null
23,19,32,11101, 과학과문화의커뮤니케이션,null,2,3,3,null
23,19,32,11043, 글로벌사회의기록과정보,null,1,3,3,null
23,19,32,11043, 글로벌사회의기록과정보,null,2,3,3,null
23,19,32,10776, 글로벌시민을위한과학소양,null,1,3,3,null
23,19,32,10776, 글로벌시민을위한과학소양,null,2,3,3,null
23,19,32,11044, 디지털네이티브와검색엔진,null,1,3,3,null
23,19,32,11044, 디지털네이티브와검색엔진,null,2,3,3,null
23,19,32,11152, 모바일멀티미디어프로그래밍,null,1,3,3,null
23,19,32,11152, 모바일멀티미디어프로그래밍,null,2,3,3,null
23,19,32,10559, 미래를위한환경의이해,null,1,3,3,null
23,19,32,10559, 미래를위한환경의이해,null,2,3,3,null
23,19,32,11191, 식물의모든것,null,1,3,3,null
23,19,32,11191, 식물의모든것,null,2,3,3,null
23,19,32,10052, 약과건강,null,1,3,3,null
23,19,32,10052, 약과건강,null,2,3,3,null
23,19,32,11102," 에너지의이해,이용,실천",null,1,3,3,null
23,19,32,11102," 에너지의이해,이용,실천",null,2,3,3,null
23,19,32,11257, 에피소드로보는과학철학,null,1,3,3,null
23,19,32,11257, 에피소드로보는과학철학,null,2,3,3,null
23,19,32,10910, 위험판단심리학,null,1,3,3,null
23,19,32,10910, 위험판단심리학,null,2,3,3,null
23,19,32,10104, 응용통계입문,null,1,3,3,null
23,19,32,10104, 응용통계입문,null,2,3,3,null
23,19,32,11336, 인공지능과인간,null,1,3,3,null
23,19,32,11336, 인공지능과인간,null,2,3,3,null
23,19,32,11261, 인공지능시대의정보산업이해,null,1,3,3,null
23,19,32,11261, 인공지능시대의정보산업이해,null,2,3,3,null
23,19,32,11156," 자연과의대화,환경생태",null,1,3,3,null
23,19,32,11156," 자연과의대화,환경생태",null,2,3,3,null
23,19,32,11096, 정보화사회와통계,null,1,3,3,null
23,19,32,11096, 정보화사회와통계,null,2,3,3,null
23,19,32,10135, 지구의역사,null,1,3,3,null
23,19,32,10135, 지구의역사,null,2,3,3,null
23,19,32,11042, 컴퓨터와마음,null,1,3,3,null
23,19,32,11042, 컴퓨터와마음,null,2,3,3,null
23,19,32,11145, 크리에이티브컴퓨팅,null,1,3,3,null
23,19,32,11145, 크리에이티브컴퓨팅,null,2,3,3,null
23,19,32,10164, 현대물리학과인간사고의변혁,null,1,3,3,null
23,19,32,10164, 현대물리학과인간사고의변혁,null,2,3,3,null
23,19,32,11157, 환경재난과국제협력,null,1,3,3,null
23,19,32,11157, 환경재난과국제협력,null,2,3,3,null
23,19,32,11159, General Biology,null,1,3,3,null
23,19,32,11159, General Biology,null,2,3,3,null
23,19,32,11262, 생활속의미생물,null,1,3,3,null
23,19,32,11262, 생활속의미생물,null,2,3,3,null
23,19,32,11187, 빅데이터사회와정보활용,null,1,3,3,null
23,19,32,11187, 빅데이터사회와정보활용,null,2,3,3,null
23,19,32,11264, 세계의자연유산과지오투어리즘,null,1,3,3,null
23,19,32,11264, 세계의자연유산과지오투어리즘,null,2,3,3,null
23,19,32,11098, 주거로보는건축문화,null,1,3,3,null
23,19,32,11098, 주거로보는건축문화,null,2,3,3,null
23,19,33,11208, IT융합설계개론,null,1,3,3,null
23,19,33,11208, IT융합설계개론,null,2,3,3,null
23,19,33,11309, 문제해결과SW프로그래밍,null,1,3,3,null
23,19,33,11309, 문제해결과SW프로그래밍,null,2,3,3,null
23,19,33,11214, 간호와휴머니즘,null,1,3,3,null
23,19,33,11214, 간호와휴머니즘,null,2,3,3,null
23,19,33,11206, 계산의기초와융합적문제해결,null,1,3,3,null
23,19,33,11206, 계산의기초와융합적문제해결,null,2,3,3,null
23,19,33,11207, 과학자를위한기초현대통계학론,null,1,3,3,null
23,19,33,11207, 과학자를위한기초현대통계학론,null,2,3,3,null
23,19,33,11210, 교육커뮤니케이션의이해와실제,null,1,3,3,null
23,19,33,11210, 교육커뮤니케이션의이해와실제,null,2,3,3,null
23,19,33,11212, 글로벌커리어개발과기업가정신,null,1,3,3,null
23,19,33,11212, 글로벌커리어개발과기업가정신,null,2,3,3,null
23,19,33,11204, 논리로과학읽기,null,1,3,3,null
23,19,33,11204, 논리로과학읽기,null,2,3,3,null
23,19,33,11209, 시각적사고를통한일상의문화와트랜드,null,1,3,3,null
23,19,33,11209, 시각적사고를통한일상의문화와트랜드,null,2,3,3,null
23,19,33,11263, 예술과기술,null,1,3,3,null
23,19,33,11263, 예술과기술,null,2,3,3,null
23,19,33,11233, 음악과테크놀로지,null,1,3,3,null
23,19,33,11233, 음악과테크놀로지,null,2,3,3,null
23,19,33,11235, 의료생명분야에서의컴퓨터적사고,null,1,3,3,null
23,19,33,11235, 의료생명분야에서의컴퓨터적사고,null,2,3,3,null
23,19,33,11213, 질병과몸의역사,null,1,3,3,null
23,19,33,11213, 질병과몸의역사,null,2,3,3,null
23,19,33,11205, 컴퓨터과학적인식과문제해결,null,1,3,3,null
23,19,33,11205, 컴퓨터과학적인식과문제해결,null,2,3,3,null
23,19,33,11232, 컴퓨터적사고와이해,null,1,3,3,null
23,19,33,11232, 컴퓨터적사고와이해,null,2,3,3,null
23,19,33,11234, 컴퓨터적사고와조형적활용,null,1,3,3,null
23,19,33,11234, 컴퓨터적사고와조형적활용,null,2,3,3,null
23,19,33,11211, 컴퓨팅적사고와프로그래밍,null,1,3,3,null
23,19,33,11211, 컴퓨팅적사고와프로그래밍,null,2,3,3,null
23,19,33,11215, 통합적분쟁이해와조정,null,1,3,3,null
23,19,33,11215, 통합적분쟁이해와조정,null,2,3,3,null
23,19,33,11260, 기업가정신과기술혁신,null,1,3,3,null
23,19,34,38403, Python프로그래밍및실습,1,1,3,3,null
23,19,34,35339, 객체지향프로그래밍,2,1,3,3,null
23,19,34,20479, 이산수학,2,1,3,3,null
23,19,34,38408, SW리더십세미나I,null,1,1,1,null
23,19,34,38408, SW리더십세미나I,null,2,1,1,null
23,19,34,38409, SW리더십세미나II,null,1,1,1,null
23,19,34,38409, SW리더십세미나II,null,2,1,1,null
23,19,34,38410, SW리더십세미나III,null,1,1,1,null
23,19,34,38410, SW리더십세미나III,null,2,1,1,null
23,19,34,20410, 일반물리학실험I,1,1,1.5,1,null
23,19,35,20413, 일반생물학I,1,1,3,3,null
23,19,35,20416, 일반화학I,1,1,3,3,null
23,19,35,30002, 일반물리학II,1,2,3,3,null
23,19,35,20412, 일반생물학,1,2,3,3,null
23,19,35,20415, 일반화학,1,2,3,3,null
23,19,36,30001, 일반물리학,1,1,3,3,null
23,19,36,20409, 일반물리학I,1,1,3,3,null
23,19,37,36339, 컴퓨터프로그래밍및실습,1,1,3,3,null
23,19,37,36339, 컴퓨터프로그래밍및실습,1,2,3,3,null
23,19,37,38407, C프로그래밍및실습,1,2,3,3,null
23,19,38,20406, 미분적분학,1,1,3,3,null
23,19,38,20407, 미분적분학I,1,1,3,3,null
23,19,42,36340, 글로벌여성엔지니어와기업가정신,3,1,1,1,null
23,19,40,20642, 수치해석,2,1,3,3,null
23,19,40,20642, 수치해석,2,2,3,3,null
23,19,40,36341, 공학수학,1,2,3,3,null
23,19,40,20441, 선형대수학I,1,2,4.5,3,null
23,19,40,20454, 정수론,1,2,3,3,null
23,19,40,34980, 확률및통계학,2,1,3,3,null
23,19,41,36503, 소프트웨어융합창의설계,2,1,4.5,3,null
23,19,41,20481, 자료구조,2,2,3,3,null
23,19,41,20493, 컴퓨터구조,2,2,3,3,null
23,19,41,20477, 운영체제,3,1,3,3,null
23,19,41,34743, 정보통신공학,3,1,3,3,null
23,19,41,20472, 소프트웨어공학,3,2,3,3,null
23,19,42,36500, 디지털논리설계,2,1,3,3,null
23,19,42,36502, 디지털논리실험,2,1,1.5,1,null
23,19,42,30226, 오토마타및형식언어,2,1,3,3,null
23,19,42,35914, JAVA프로그래밍및실습,2,2,4.5,3,null
23,19,42,38425, 시스템SW및실습,2,2,3,3,null
23,19,42,38426,오픈SW플랫폼,2,2,3,3,null
23,19,42,37082, SW산학실무설계I,3,1,2,2,null
23,19,42,37083, SW산학실무설계II,3,1,2,3,null
23,19,42,37084, SW산학실무설계III,3,1,2,4,null
23,19,42,20471, 데이터베이스,3,1,3,3,null
23,19,42,37269, 오픈SW프로젝트,3,1,3,3,null
23,19,42,20497, 컴퓨터알고리즘,3,1,3,3,null
23,19,42,37271, 임베디드시스템및실험,3,2,3,3,null
23,19,42,36506, 캡스톤디자인프로젝트A,3,2,4.5,3,null
23,19,42,20494, 컴퓨터그래픽스,3,2,3,3,null
23,19,42,20495, 컴퓨터네트워크,3,2,3,3,null
23,19,42,36510, 가상현실,4,1,3,3,null
23,19,42,38427, 스마트SW시스템설계I,4,1,3,3,null
23,19,42,35913, 인간컴퓨터상호작용,4,1,3,3,null
23,19,42,20480, 인공지능,4,1,3,3,null
23,19,42,36508, 정보통신시스템실습I,4,1,3,2,null
23,19,42,36507, 캡스톤디자인프로젝트B,4,1,4.5,3,null
23,19,42,34811, 컴파일러,4,1,3,3,null
23,19,42,38428, 기계학습,4,2,3,3,null
23,19,42,36511, 빅데이터응용,4,2,3,3,null
23,19,42,38429, 스마트SW시스템설계II,4,2,3,3,null
23,19,42,36509, 정보통신시스템실습II,4,2,3,2,null
23,19,42,37270, 클라우드컴퓨팅,4,2,3,3,null
23,19,42,20499, 프로그래밍언어론,4,2,3,3,null
23,19,42,38569, 바이오데이터전산기초및실습,3,1,4.5,3,null
23,19,42,38475, 현대암호기초,3,1,3,3,null
23,19,42,38487, 블록체인응용,3,2,3,3,null
23,19,42,38601, 의학영상처리,3,2,3,3,null
23,19,42,38483, 네트워크보안,4,1,3,3,null
23,19,42,38497, 디지털포렌식스,4,1,3,3,null
23,19,42,38480, 정보시스템보안,4,1,3,3,null
23,19,42,38596, 바이오로봇공학,4,2,3,3,null
23,19,42,38082, SW자기설계학습I,null,1,null,3,null
23,19,42,38082, SW자기설계학습I,null,2,null,3,null
23,19,42,38083, SW자기설계학습II,null,1,null,3,null
23,19,42,38083, SW자기설계학습II,null,2,null,3,null
23,19,42,38084, SW자기설계학습III,null,1,null,3,null
23,19,42,38084, SW자기설계학습III,null,2,null,3,null
23,19,42,37404, 컴퓨터공학단기인턴십I,null,1,null,1,null
23,19,42,37404, 컴퓨터공학단기인턴십I,null,2,null,1,null
23,19,42,37405, 컴퓨터공학단기인턴십II,null,1,null,1,null
23,19,42,37405, 컴퓨터공학단기인턴십II,null,2,null,1,null
23,19,42,37406, 컴퓨터공학단기인턴십III,null,1,null,1,null
23,19,42,37406, 컴퓨터공학단기인턴십III,null,2,null,1,null
23,20,43,10023, 기독교와세계,1,1,3,3,null
23,20,43,10023, 기독교와세계,1,2,3,3,null
23,20,44,11352, 통합적사고와글쓰기,1,1,3,2,null
23,20,44,11352, 통합적사고와글쓰기,1,2,3,2,null
23,20,45,10098, College English,1,1,3,3,null
23,20,45,10098, College English,1,2,3,3,null
23,20,45,10099, Advanced English,1,1,3,3,null
23,20,45,10099, Advanced English,1,2,3,3,null
23,20,51,11208, IT융합설계개론,null,1,3,3,null
23,20,51,11208, IT융합설계개론,null,2,3,3,null
23,20,51,11206, 계산의기초와융합적문제해결,null,1,3,3,null
23,20,51,11206, 계산의기초와융합적문제해결,null,2,3,3,null
23,20,51,11204, 논리와컴퓨터,null,1,3,3,null
23,20,51,11204, 논리와컴퓨터,null,2,3,3,null
23,20,51,11357, 데이터컨버전스와법,null,1,3,3,null
23,20,51,11357, 데이터컨버전스와법,null,2,3,3,null
23,20,51,11373, 데이터컴퓨팅,null,1,3,3,null
23,20,51,11373, 데이터컴퓨팅,null,2,3,3,null
23,20,51,11356, 리눅스와시스템적사고,null,1,3,3,null
23,20,51,11356, 리눅스와시스템적사고,null,2,3,3,null
23,20,51,11309, 문제해결과SW프로그래밍,null,1,3,3,null
23,20,51,11309, 문제해결과SW프로그래밍,null,2,3,3,null
23,20,51,11365, 빅데이터와젠더,null,1,3,3,null
23,20,51,11365, 빅데이터와젠더,null,2,3,3,null
23,20,51,11367, 사회문제해결을위한R프로그래밍기초,null,1,3,3,null
23,20,51,11367, 사회문제해결을위한R프로그래밍기초,null,2,3,3,null
23,20,51,11233, 음악테크놀로지와프로그래밍,null,1,3,3,null
23,20,51,11233, 음악테크놀로지와프로그래밍,null,2,3,3,null
23,20,51,11368, 정보와인공지능의수리적이해,null,1,3,3,null
23,20,51,11368, 정보와인공지능의수리적이해,null,2,3,3,null
23,20,51,11205, 컴퓨터과학적인식과문제해결,null,1,3,3,null
23,20,51,11205, 컴퓨터과학적인식과문제해결,null,2,3,3,null
23,20,51,11374, 컴퓨터보안과윈도우포렌식,null,1,3,3,null
23,20,51,11374, 컴퓨터보안과윈도우포렌식,null,2,3,3,null
23,20,51,11362, 컴퓨터속의우주,null,1,3,3,null
23,20,51,11362, 컴퓨터속의우주,null,2,3,3,null
23,20,51,11369, 컴퓨터식문제해결기법,null,1,3,3,null
23,20,51,11369, 컴퓨터식문제해결기법,null,2,3,3,null
23,20,51,11232, 컴퓨터적사고와이해,null,1,3,3,null
23,20,51,11232, 컴퓨터적사고와이해,null,2,3,3,null
23,20,51,11234, 컴퓨터적사고와조형적활용,null,1,3,3,null
23,20,51,11234, 컴퓨터적사고와조형적활용,null,2,3,3,null
23,20,51,11211, 컴퓨팅적사고와프로그래밍,null,1,3,3,null
23,20,51,11211, 컴퓨팅적사고와프로그래밍,null,2,3,3,null
23,20,51,11364, 푸드테크시대의음식과디자인,null,1,3,3,null
23,20,51,11364, 푸드테크시대의음식과디자인,null,2,3,3,null
23,20,51,11207, 프로그래밍과통계적사고,null,1,3,3,null
23,20,51,11207, 프로그래밍과통계적사고,null,2,3,3,null
23,20,51,11361, 프로그래밍을위한컴퓨팅적사고,null,1,3,3,null
23,20,51,11361, 프로그래밍을위한컴퓨팅적사고,null,2,3,3,null
23,20,46,11053, 21세기사회와문학의대화,null,1,3,3,null
23,20,46,11053, 21세기사회와문학의대화,null,2,3,3,null
23,20,46,11334, Critical and Creative Textual Studies,null,1,3,3,null
23,20,46,11334, Critical and Creative Textual Studies,null,2,3,3,null
23,20,46,11183, The Story of Human Language,null,1,3,3,null
23,20,46,11183, The Story of Human Language,null,2,3,3,null
23,20,46,11165, Topics in Multiethnic American Literature,null,1,3,3,null
23,20,46,11165, Topics in Multiethnic American Literature,null,2,3,3,null
23,20,46,11112, 다매체시대의비교문학,null,1,3,3,null
23,20,46,11112, 다매체시대의비교문학,null,2,3,3,null
23,20,46,11108, 동아시아문학으로문화읽기,null,1,3,3,null
23,20,46,11108, 동아시아문학으로문화읽기,null,2,3,3,null
23,20,46,11038, 디지털미디어시대의동아시아문자,null,1,3,3,null
23,20,46,11038, 디지털미디어시대의동아시아문자,null,2,3,3,null
23,20,46,10041, 문학과삶,null,1,3,3,null
23,20,46,10041, 문학과삶,null,2,3,3,null
23,20,46,10654, 문학과영화,null,1,3,3,null
23,20,46,10654, 문학과영화,null,2,3,3,null
23,20,46,11148, 문학으로보는사랑의역사,null,1,3,3,null
23,20,46,11148, 문학으로보는사랑의역사,null,2,3,3,null
23,20,46,11184, 문학으로함께배우는매체/이야기,null,1,3,3,null
23,20,46,11184, 문학으로함께배우는매체/이야기,null,2,3,3,null
23,20,46,11146, 문화로읽는현대시의세계,null,1,3,3,null
23,20,46,11146, 문화로읽는현대시의세계,null,1,3,3,null
23,20,46,11147, 사이언스픽션의이해,null,1,3,3,null
23,20,46,11147, 사이언스픽션의이해,null,2,3,3,null
23,20,46,11297, 생태와문학,null,1,3,3,null
23,20,46,11297, 생태와문학,null,2,3,3,null
23,20,46,10768, 신화·상상력·문화,null,1,3,3,null
23,20,46,10768, 신화·상상력·문화,null,2,3,3,null
23,20,46,11109, 여행문학과세계인식,null,1,3,3,null
23,20,46,11109, 여행문학과세계인식,null,2,3,3,null
23,20,46,10882, 인간과언어,null,1,3,3,null
23,20,46,10882, 인간과언어,null,2,3,3,null
23,20,46,11258, 자연과문학,null,1,3,3,null
23,20,46,11258, 자연과문학,null,2,3,3,null
23,20,46,10543, 한국현대시와삶읽기,null,1,3,3,null
23,20,46,10543, 한국현대시와삶읽기,null,2,3,3,null
23,20,46,11134, 현대영어권문학의동향,null,1,3,3,null
23,20,46,11134, 현대영어권문학의동향,null,2,3,3,null
23,20,46,10896, 환상문학의세계,null,1,3,3,null
23,20,46,10896, 환상문학의세계,null,2,3,3,null
23,20,46,10950, 디지털스토리텔링의이해,null,1,3,3,null
23,20,46,10950, 디지털스토리텔링의이해,null,2,3,3,null
23,20,46,11335, Technical Writing and Document Design in English,null,1,3,3,null
23,20,46,11335, Technical Writing and Document Design in English,null,2,3,3,null
23,20,47,11107, 21세기의예술과인간,null,1,3,3,null
23,20,47,11107, 21세기의예술과인간,null,2,3,3,null
23,20,47,11164, Contemporary Photography,null,1,3,3,null
23,20,47,11164, Contemporary Photography,null,2,3,3,null
23,20,47,10033, 동양미술의이해,null,1,3,3,null
23,20,47,10033, 동양미술의이해,null,2,3,3,null
23,20,47,10778, 디지털매체와예술,null,1,3,3,null
23,20,47,10778, 디지털매체와예술,null,2,3,3,null
23,20,47,10576, 무용의이해,null,1,3,3,null
23,20,47,10576, 무용의이해,null,2,3,3,null
23,20,47,11153, 문화콘텐츠기획의이해,null,1,3,3,null
23,20,47,11153, 문화콘텐츠기획의이해,null,2,3,3,null
23,20,47,11328, 미술로치유하는마음,null,1,3,3,null
23,20,47,11328, 미술로치유하는마음,null,2,3,3,null
23,20,47,11083, 미학과미술,null,1,3,3,null
23,20,47,11083, 미학과미술,null,2,3,3,null
23,20,47,10072, 서양미술의이해,null,1,3,3,null
23,20,47,10072, 서양미술의이해,null,2,3,3,null
23,20,47,10073, 서양음악의이해,null,1,3,3,null
23,20,47,10073, 서양음악의이해,null,2,3,3,null
23,20,47,11084, 시각문화로서미술작품읽기,null,1,3,3,null
23,20,47,11084, 시각문화로서미술작품읽기,null,2,3,3,null
23,20,47,11209, 시각적사고를통한일상의문화와트랜드,null,1,3,3,null
23,20,47,11209, 시각적사고를통한일상의문화와트랜드,null,2,3,3,null
23,20,47,10090, 여성과예술,null,1,3,3,null
23,20,47,10090, 여성과예술,null,2,3,3,null
23,20,47,11113, 여성의몸과창조적움직임,null,1,3,3,null
23,20,47,11113, 여성의몸과창조적움직임,null,2,3,3,null
23,20,47,10097, 연극의이론과실제,null,1,3,3,null
23,20,47,10097, 연극의이론과실제,null,2,3,3,null
23,20,47,11110, 예술가와그의시대,null,1,3,3,null
23,20,47,11110, 예술가와그의시대,null,2,3,3,null
23,20,47,10100, 예술과사상,null,1,3,3,null
23,20,47,10100, 예술과사상,null,2,3,3,null
23,20,47,11055, 옛시와그림의만남,null,1,3,3,null
23,20,47,11055, 옛시와그림의만남,null,2,3,3,null
23,20,47,11265, 음악과건강,null,1,3,3,null
23,20,47,11265, 음악과건강,null,2,3,3,null
23,20,47,11075, 창조와상상의기술,null,1,3,3,null
23,20,47,11075, 창조와상상의기술,null,2,3,3,null
23,20,47,11035," 퍼포먼스인문학:제의,놀이,연극",null,1,3,3,null
23,20,47,11035," 퍼포먼스인문학:제의,놀이,연극",null,2,3,3,null
23,20,47,10892," 표현,예술,그리고시대정신",null,1,3,3,null
23,20,47,10892," 표현,예술,그리고시대정신",null,2,3,3,null
23,20,47,10152, 한국미술의이해,null,1,3,3,null
23,20,47,10152, 한국미술의이해,null,2,3,3,null
23,20,47,11333," 한국사와상상력,스토리텔링",null,1,3,3,null
23,20,47,11333," 한국사와상상력,스토리텔링",null,2,3,3,null
23,20,47,10883, 한국의문화공간과예술,null,1,3,3,null
23,20,47,10883, 한국의문화공간과예술,null,2,3,3,null
23,20,47,10165, 현대미술사,null,1,3,3,null
23,20,47,10165, 현대미술사,null,2,3,3,null
23,20,47,11330, Reading American Popular Culture in the Digital Age,null,1,3,3,null
23,20,47,11330, Reading American Popular Culture in the Digital Age,null,2,3,3,null
23,20,47,10018, 국악의이해,null,1,3,3,null
23,20,47,10018, 국악의이해,null,2,3,3,null
23,20,47,11329, 색채의이해,null,1,3,3,null
23,20,47,11329, 색채의이해,null,2,3,3,null
23,20,47,11263, 예술과기술,null,1,3,3,null
23,20,47,11263, 예술과기술,null,2,3,3,null
23,20,47,11116, Introduction to World Music and Culture,null,1,3,3,null
23,20,47,11116, Introduction to World Music and Culture,null,2,3,3,null
23,20,47,11135, 사물과예술,null,1,3,3,null
23,20,47,11135, 사물과예술,null,2,3,3,null
23,20,48,11190, The Art of Thinking,null,1,3,3,null
23,20,48,11190, The Art of Thinking,null,2,3,3,null
23,20,48,10545, 근대일본과동아시아,null,1,3,3,null
23,20,48,10545, 근대일본과동아시아,null,2,3,3,null
23,20,48,11046, 동서양의인간이해,null,1,3,3,null
23,20,48,11046, 동서양의인간이해,null,2,3,3,null
23,20,48,10034, 동양철학의이해,null,1,3,3,null
23,20,48,10034, 동양철학의이해,null,2,3,3,null
23,20,48,10769, 모던/포스트모던문화읽기,null,1,3,3,null
23,20,48,10769, 모던/포스트모던문화읽기,null,2,3,3,null
23,20,48,11056, 문화로읽는한국사,null,1,3,3,null
23,20,48,11056, 문화로읽는한국사,null,2,3,3,null
23,20,48,11185, 문화와예술을통해본르네상스역사,null,1,3,3,null
23,20,48,11185, 문화와예술을통해본르네상스역사,null,2,3,3,null
23,20,48,10772, 여성과사회정의,null,1,3,3,null
23,20,48,10772, 여성과사회정의,null,2,3,3,null
23,20,48,11054, 연어프로젝트:한국여성나의뿌리를찾아서 ,null,1,3,3,null
23,20,48,11054, 연어프로젝트:한국여성나의뿌리를찾아서 ,null,2,3,3,null
23,20,48,10108, 인간과종교,null,1,3,3,null
23,20,48,10108, 인간과종교,null,2,3,3,null
23,20,48,11041, 인간과철학적사유,null,1,3,3,null
23,20,48,11041, 인간과철학적사유,null,2,3,3,null
23,20,48,11293, 인물로본중국의역사,null,1,3,3,null
23,20,48,11293, 인물로본중국의역사,null,2,3,3,null
23,20,48,10581, 인물로본한국사,null,1,3,3,null
23,20,48,10581, 인물로본한국사,null,2,3,3,null
23,20,48,11078, 젠더와역사,null,1,3,3,null
23,20,48,11078, 젠더와역사,null,2,3,3,null
23,20,48,10767, 종교와문화,null,1,3,3,null
23,20,48,10767, 종교와문화,null,2,3,3,null
23,20,48,11057, 주제로살펴보는서양근현대사,null,1,3,3,null
23,20,48,11057, 주제로살펴보는서양근현대사,null,2,3,3,null
23,20,48,10544, 중국의역사와문화,null,1,3,3,null
23,20,48,10544, 중국의역사와문화,null,2,3,3,null
23,20,48,11297, 질병치료와백신의역사,null,1,3,3,null
23,20,48,11297, 질병치료와백신의역사,null,2,3,3,null
23,20,48,11189, 철학의은유들,null,1,3,3,null
23,20,48,11189, 철학의은유들,null,2,3,3,null
23,20,48,11045, 패러다임전환과비판이론,null,1,3,3,null
23,20,48,11045, 패러다임전환과비판이론,null,2,3,3,null
23,20,48,10149, 한국근현대사 ,null,1,3,3,null
23,20,48,10149, 한국근현대사 ,null,2,3,3,null
23,20,48,11058, 한국사의새로운이해,null,1,3,3,null
23,20,48,11058, 한국사의새로운이해,null,2,3,3,null
23,20,48,11366, 한국의문화유산역사여행,null,1,3,3,null
23,20,48,11366, 한국의문화유산역사여행,null,2,3,3,null
23,20,48,11186, Evolutionary Origin of Humans,null,1,3,3,null
23,20,48,11186, Evolutionary Origin of Humans,null,2,3,3,null
23,20,48,11295, 인공지능시대의과학과종교,null,1,3,3,null
23,20,48,11295, 인공지능시대의과학과종교,null,2,3,3,null
23,20,49,11360, ICT융복합복지와법,null,1,3,3,null
23,20,49,11360, ICT융복합복지와법,null,2,3,3,null
23,20,49,11259, SDGs시대글로벌보건협력:개발도상국의보건의료현황과국제사회의지원 ,null,1,3,3,null
23,20,49,11259, SDGs시대글로벌보건협력:개발도상국의보건의료현황과국제사회의지원 ,null,2,3,3,null
23,20,49,10011, 가족건강과간호,null,1,3,3,null
23,20,49,10011, 가족건강과간호,null,2,3,3,null
23,20,49,10932, 건축으로읽는사회문화사,null,1,3,3,null
23,20,49,10932, 건축으로읽는사회문화사,null,2,3,3,null
23,20,49,10013, 경영과사회,null,1,3,3,null
23,20,49,10013, 경영과사회,null,2,3,3,null
23,20,49,11210, 교육커뮤니케이션의이해와실제,null,1,3,3,null
23,20,49,11210, 교육커뮤니케이션의이해와실제,null,2,3,3,null
23,20,49,10949, 국제구호와개발협력,null,1,3,3,null
23,20,49,10949, 국제구호와개발협력,null,2,3,3,null
23,20,49,10913, 글로벌시대의다문화사회,null,1,3,3,null
23,20,49,10913, 글로벌시대의다문화사회,null,2,3,3,null
23,20,49,10914, 글로벌시대의아시아여성,null,1,3,3,null
23,20,49,10914, 글로벌시대의아시아여성,null,2,3,3,null
23,20,49,11260, 기업과정신과혁신,null,1,3,3,null
23,20,49,11260, 기업과정신과혁신,null,2,3,3,null
23,20,49,10091, 노동과젠더,null,1,3,3,null
23,20,49,10091, 노동과젠더,null,2,3,3,null
23,20,49,11332, 도시공간문화로읽는한국사,null,1,3,3,null
23,20,49,11332, 도시공간문화로읽는한국사,null,2,3,3,null
23,20,49,10886, 동양고전의현대적이해,null,1,3,3,null
23,20,49,10886, 동양고전의현대적이해,null,2,3,3,null
23,20,49,11292, 모방과인간,null,1,3,3,null
23,20,49,11292, 모방과인간,null,2,3,3,null
23,20,49,11193, 법과젠더,null,1,3,3,null
23,20,49,11193, 법과젠더,null,2,3,3,null
23,20,49,10549, 북한정치의이해,null,1,3,3,null
23,20,49,10549, 북한정치의이해,null,2,3,3,null
23,20,49,10548, 북한주민의문화와생활,null,1,3,3,null
23,20,49,10548, 북한주민의문화와생활,null,2,3,3,null
23,20,49,10929, 브레인스펙트럼,null,1,3,3,null
23,20,49,10929, 브레인스펙트럼,null,2,3,3,null
23,20,49,10573, 생명윤리와법,null,1,3,3,null
23,20,49,10573, 생명윤리와법,null,2,3,3,null
23,20,49,10074, 성문화연구,null,1,3,3,null
23,20,49,10074, 성문화연구,null,2,3,3,null
23,20,49,10081, 시민생활과법,null,1,3,3,null
23,20,49,10081, 시민생활과법,null,2,3,3,null
23,20,49,10094, 여성학,null,1,3,3,null
23,20,49,10094, 여성학,null,2,3,3,null
23,20,49,11089, 여행과지리:글로벌화의지역탐색,null,1,3,3,null
23,20,49,11089, 여행과지리:글로벌화의지역탐색,null,2,3,3,null
23,20,49,10908, 영상이미지와젠더,null,1,3,3,null
23,20,49,10908, 영상이미지와젠더,null,2,3,3,null
23,20,49,10904, 우리사회의문제와쟁점찾기,null,1,3,3,null
23,20,49,10904, 우리사회의문제와쟁점찾기,null,2,3,3,null
23,20,49,11358, 인간관계심리,null,1,3,3,null
23,20,49,11358, 인간관계심리,null,2,3,3,null
23,20,49,10109, 인간발달과가족,null,1,3,3,null
23,20,49,10109, 인간발달과가족,null,2,3,3,null
23,20,49,10903, 인간발달과문화의다양성,null,1,3,3,null
23,20,49,10903, 인간발달과문화의다양성,null,2,3,3,null
23,20,49,11114, 인간은왜춤을추는가,null,1,3,3,null
23,20,49,11114, 인간은왜춤을추는가,null,2,3,3,null
23,20,49,11103, 인터넷과법,null,1,3,3,null
23,20,49,11103, 인터넷과법,null,2,3,3,null
23,20,49,11359, 정신건강과행복,null,1,3,3,null
23,20,49,11359, 정신건강과행복,null,2,3,3,null
23,20,49,11104, 죄와벌,null,1,3,3,null
23,20,49,11104, 죄와벌,null,2,3,3,null
23,20,49,10905, 지구촌의사회복지,null,1,3,3,null
23,20,49,10905, 지구촌의사회복지,null,2,3,3,null
23,20,49,11105, 직업세계와법,null,1,3,3,null
23,20,49,11105, 직업세계와법,null,2,3,3,null
23,20,49,11039, 키워드로읽는중국문화,null,1,3,3,null
23,20,49,11039, 키워드로읽는중국문화,null,2,3,3,null
23,20,49,11215, 통합적분쟁이해와조정,null,1,3,3,null
23,20,49,11215, 통합적분쟁이해와조정,null,2,3,3,null
23,19,31,10887, 현대중국의이해,null,1,3,3,null
23,19,31,10887, 현대중국의이해,null,2,3,3,null
23,20,49,11162, Middle Eastern Political Theology: Religious Sources,null,1,3,3,null
23,20,49,11162, Middle Eastern Political Theology: Religious Sources,null,2,3,3,null
23,20,49,11079, 장애와사회,null,1,3,3,null
23,20,49,11079, 장애와사회,null,2,3,3,null
23,20,49,11296, 청춘의아픔과치유:행복인문학,null,1,3,3,null
23,20,49,11296, 청춘의아픔과치유:행복인문학,null,2,3,3,null
23,20,49,10181, 환경과인간,null,1,3,3,null
23,20,49,10181, 환경과인간,null,2,3,3,null
23,20,49,11188, Introduction to Ethnic Conflict and Management,null,1,3,3,null
23,20,49,11188, Introduction to Ethnic Conflict and Management,null,2,3,3,null
23,20,49,11106, 글로벌시민의이해와리더십,null,1,3,3,null
23,20,49,11106, 글로벌시민의이해와리더십,null,2,3,3,null
23,20,49,10933, 대학생의성건강,null,1,3,3,null
23,20,49,10933, 대학생의성건강,null,2,3,3,null
23,20,49,11308, 데이터로고전읽기,null,1,3,3,null
23,20,49,11308, 데이터로고전읽기,null,2,3,3,null
23,20,49,11351, 삶을위한멘탈코칭,null,1,3,3,null
23,20,49,11351, 삶을위한멘탈코칭,null,1,3,3,null
23,20,50,10556, 4차산업혁명과창의융합SW,null,1,3,3,null
23,20,50,10556, 4차산업혁명과창의융합SW,null,2,3,3,null
23,20,50,10930, Behavior of Animals,null,1,3,3,null
23,20,50,10930, Behavior of Animals,null,2,3,3,null
23,20,50,11111, SF영화로배우는철학,null,1,3,3,null
23,20,50,11111, SF영화로배우는철학,null,2,3,3,null
23,20,50,11213, 과학과몸의역사,null,1,3,3,null
23,20,50,11213, 과학과몸의역사,null,2,3,3,null
23,20,50,11155, 과학과허구,null,1,3,3,null
23,20,50,11155, 과학과허구,null,2,3,3,null
23,20,50,11101, 과학문화와커뮤니케이션,null,1,3,3,null
23,20,50,11101, 과학문화와커뮤니케이션,null,2,3,3,null
23,20,50,10776, 글로벌시민을위한과학소양,null,1,3,3,null
23,20,50,10776, 글로벌시민을위한과학소양,null,2,3,3,null
23,20,50,11154, 사물인터넷개론,null,1,3,3,null
23,20,50,11154, 사물인터넷개론,null,2,3,3,null
23,20,50,10052, 약과건강,null,1,3,3,null
23,20,50,10052, 약과건강,null,2,3,3,null
23,20,50,11102," 에너지의이해,이용,실천",null,1,3,3,null
23,20,50,11102," 에너지의이해,이용,실천",null,2,3,3,null
23,20,50,11257, 에피소드로보는과학철학,null,1,3,3,null
23,20,50,11257, 에피소드로보는과학철학,null,2,3,3,null
23,20,50,10910, 위험판단심리학,null,1,3,3,null
23,20,50,10910, 위험판단심리학,null,2,3,3,null
23,20,50,10104, 응용통계입문,null,1,3,3,null
23,20,50,10104, 응용통계입문,null,2,3,3,null
23,20,50,11336, 인공지능과인간,null,1,3,3,null
23,20,50,11336, 인공지능과인간,null,2,3,3,null
23,20,50,11261, 인공지능시대의정보산업이해,null,1,3,3,null
23,20,50,11261, 인공지능시대의정보산업이해,null,2,3,3,null
23,20,50,10559, 인류문명과환경과학,null,1,3,3,null
23,20,50,10559, 인류문명과환경과학,null,2,3,3,null
23,20,50,11156," 자연과의대화,환경생태",null,1,3,3,null
23,20,50,11156," 자연과의대화,환경생태",null,2,3,3,null
23,20,50,11160, 정보기술과미래사회,null,1,3,3,null
23,20,50,11160, 정보기술과미래사회,null,2,3,3,null
23,20,50,10123, 정보사회와인터넷윤리,null,1,3,3,null
23,20,50,10123, 정보사회와인터넷윤리,null,2,3,3,null
23,20,50,11096, 정보화사회와통계,null,1,3,3,null
23,20,50,11096, 정보화사회와통계,null,2,3,3,null
23,20,50,10135, 지구의역사,null,1,3,3,null
23,20,50,10135, 지구의역사,null,2,3,3,null
23,20,50,11042, 컴퓨터와마음,null,1,3,3,null
23,20,50,11042, 컴퓨터와마음,null,2,3,3,null
23,20,50,11152, 콘텐츠컴퓨팅,null,1,3,3,null
23,20,50,11152, 콘텐츠컴퓨팅,null,2,3,3,null
23,20,50,11145, 크리에이티브컴퓨팅,null,1,3,3,null
23,20,50,11145, 크리에이티브컴퓨팅,null,2,3,3,null
23,20,50,10164, 현대물리학과인간사고의변혁,null,1,3,3,null
23,20,50,10164, 현대물리학과인간사고의변혁,null,2,3,3,null
23,20,50,11157, 환경재난과국제협력,null,1,3,3,null
23,20,50,11157, 환경재난과국제협력,null,2,3,3,null
23,20,50,11262, 생활속의미생물,null,1,3,3,null
23,20,50,11262, 생활속의미생물,null,2,3,3,null
23,20,50,11264, 세계의자연유산과지오투어리즘,null,1,3,3,null
23,20,50,11264, 세계의자연유산과지오투어리즘,null,2,3,3,null
23,20,50,11043, 현대사회의기록과정보,null,1,3,3,null
23,20,50,11043, 현대사회의기록과정보,null,2,3,3,null
23,20,50,11187, 빅데이터사회와정보활용,null,1,3,3,null
23,20,50,11187, 빅데이터사회와정보활용,null,2,3,3,null
23,20,50,11098, 주거로보는건축문화,null,1,3,3,null
23,20,50,11098, 주거로보는건축문화,null,2,3,3,null
23,20,52,38403, Python프로그래밍및실습,1,1,3,3,null
23,20,52,35339, 객체지향프로그래밍,2,1,3,3,null
23,20,52,20479, 이산수학,2,1,3,3,null
23,20,52,35914, JAVA프로그래밍및실습,2,2,4.5,3,null
23,20,52,38408, SW리더십세미나,null,1,1,1,null
23,20,52,38408, SW리더십세미나,null,1,2,1,null
23,20,52,20410, 일반물리학실험I,1,1,1.5,1,null
23,20,53,20413, 일반생물학I,1,1,3,3,null
23,20,53,20416, 일반화학I,1,1,3,3,null
23,20,53,30002, 일반물리학II,1,2,3,3,null
23,20,53,20412, 일반생물학,1,2,3,3,null
23,20,53,20415, 일반화학,1,2,3,3,null
23,20,54,30001, 일반물리학,1,1,3,3,null
23,20,54,20409, 일반물리학I,1,1,3,3,null
23,20,55,36339, 컴퓨터프로그래밍및실습,1,1,3,3,null
23,20,55,36339, 컴퓨터프로그래밍및실습,1,2,3,3,null
23,20,55,38407, C프로그래밍및실습,1,2,3,3,null
23,20,56,20406, 미분적분학,1,1,3,3,null
23,20,56,20407, 미분적분학I,1,1,3,3,null
23,20,58,20642, 수치해석,2,1,3,3,null
23,20,58,20642, 수치해석,2,2,3,3,null
23,20,58,36341, 공학수학,1,2,3,3,null
23,20,58,20441, 선형대수학I,1,2,4.5,3,null
23,20,58,20454, 정수론,1,2,3,3,null
23,20,58,34980, 확률및통계학,2,1,3,3,null
23,20,59,36503, 소프트웨어융합창의설계,2,1,4.5,3,null
23,20,59,20481, 자료구조,2,2,3,3,null
23,20,59,20493, 컴퓨터구조,2,2,3,3,null
23,20,59,20477, 운영체제,3,1,3,3,null
23,20,59,34743, 정보통신공학,3,1,3,3,null
23,20,59,20472, 소프트웨어공학,3,2,3,3,null
23,20,60,36500, 디지털논리설계,2,1,3,3,null
23,20,60,36502, 디지털논리실험,2,1,1.5,1,null
23,20,60,30226, 오토마타및형식언어,2,1,3,3,null
23,20,60,38425, 시스템SW및실습,2,2,3,3,null
23,20,60,38426,오픈SW플랫폼,2,2,3,3,null
23,20,60,37271, 임베디드시스템및실험,2,2,3,3,null
23,20,60,37082, SW산학실무설계I,3,1,2,2,null
23,20,60,37082, SW산학실무설계I,3,2,2,2,null
23,20,60,37083, SW산학실무설계II,3,1,2,3,null
23,20,60,37083, SW산학실무설계II,3,2,2,3,null
23,20,60,37084, SW산학실무설계III,3,1,2,4,null
23,20,60,37084, SW산학실무설계III,3,2,2,4,null
23,20,60,20471, 데이터베이스,3,1,3,3,null
23,20,60,37269, 오픈SW프로젝트,3,1,3,3,null
23,20,60,20497, 컴퓨터알고리즘,3,1,3,3,null
23,20,62,35913, 인간컴퓨터상호작용,3,2,3,3,null
23,20,60,36506, 캡스톤디자인프로젝트A,3,2,4.5,3,null
23,20,60,20494, 컴퓨터그래픽스,3,2,3,3,null
23,20,60,20495, 컴퓨터네트워크,3,2,3,3,null
23,20,60,36510, 가상현실,4,1,3,3,null
23,20,60,38427, 스마트SW시스템설계I,4,1,3,3,null
23,20,60,20480, 인공지능,4,1,3,3,null
23,20,60,36507, 캡스톤디자인프로젝트B,4,1,4.5,3,null
23,20,60,34811, 컴파일러,4,1,3,3,null
23,20,60,38428, 기계학습,4,2,3,3,null
23,20,60,36511, 빅데이터응용,4,2,3,3,null
23,20,60,38429, 스마트SW시스템설계II,4,2,3,3,null
23,20,60,38759, 자연언어처리,4,2,3,3,null
23,20,60,37270, 클라우드컴퓨팅,4,2,3,3,null
23,20,60,37407, SW자기설계학습I,null,1,null,3,null
23,20,60,37408, SW자기설계학습II,null,3,null,1,null
23,20,60,37409, SW자기설계학습III,null,3,null,1,null
23,20,60,38430, SW특별교육I,null,3,null,1,null
23,20,60,38431, SW특별교육II,null,3,null,1,null
23,20,60,38431, SW특별교육II,null,3,null,1,null
23,20,60,38432, SW특별교육III,null,3,null,1,null
23,20,60,38433, SW특별교육IV,null,3,null,1,null
23,20,60,38434, SW특별교육V,null,3,null,1,null
23,20,60,38082, SW자기설계학습I,null,1,null,3,null
23,20,60,38082, SW자기설계학습I,null,2,null,3,null
23,20,60,38083, SW자기설계학습II,null,1,null,3,null
23,20,60,38083, SW자기설계학습II,null,2,null,3,null
23,20,60,38473, 사이버보안개론,2,1,3,3,null
23,20,60,38475, 현대암호기초,3,1,3,3,null
23,20,60,38487, 블록체인응용,3,2,3,3,null
23,20,60,38480, 정보시스템보안,3,2,3,3,null
23,20,60,38483, 네트워크보안,4,1,3,3,null
23,21,61,10023, 기독교와세계,1,1,3,3,null
23,21,61,10023, 기독교와세계,1,2,3,3,null
23,21,62,11352, 통합적사고와글쓰기,1,1,3,2,null
23,21,62,11352, 통합적사고와글쓰기,1,2,3,2,null
23,21,63,10098, College English,1,1,3,3,null
23,21,63,10098, College English,1,2,3,3,null
23,21,63,10099, Advanced English,1,1,3,3,null
23,21,63,10099, Advanced English,1,2,3,3,null
23,21,69,11208, IT융합설계개론,null,1,3,3,null
23,21,69,11208, IT융합설계개론,null,2,3,3,null
23,21,69,11206, 계산의기초와융합적문제해결,null,1,3,3,null
23,21,69,11206, 계산의기초와융합적문제해결,null,2,3,3,null
23,21,69,11204, 논리와컴퓨터,null,1,3,3,null
23,21,69,11204, 논리와컴퓨터,null,2,3,3,null
23,21,69,11357, 데이터컨버전스와법,null,1,3,3,null
23,21,69,11357, 데이터컨버전스와법,null,2,3,3,null
23,21,69,11373, 데이터컴퓨팅,null,1,3,3,null
23,21,69,11373, 데이터컴퓨팅,null,2,3,3,null
23,21,69,11356, 리눅스와시스템적사고,null,1,3,3,null
23,21,69,11356, 리눅스와시스템적사고,null,2,3,3,null
23,21,69,11309, 문제해결과SW프로그래밍,null,1,3,3,null
23,21,69,11309, 문제해결과SW프로그래밍,null,2,3,3,null
23,21,69,11365, 빅데이터와젠더,null,1,3,3,null
23,21,69,11365, 빅데이터와젠더,null,2,3,3,null
23,21,69,11367, 사회문제해결을위한R프로그래밍기초,null,1,3,3,null
23,21,69,11367, 사회문제해결을위한R프로그래밍기초,null,2,3,3,null
23,21,69,11233, 음악테크놀로지와프로그래밍,null,1,3,3,null
23,21,69,11233, 음악테크놀로지와프로그래밍,null,2,3,3,null
23,21,69,11368, 정보와인공지능의수리적이해,null,1,3,3,null
23,21,69,11368, 정보와인공지능의수리적이해,null,2,3,3,null
23,21,69,11205, 컴퓨터과학적인식과문제해결,null,1,3,3,null
23,21,69,11205, 컴퓨터과학적인식과문제해결,null,2,3,3,null
23,21,69,11374, 컴퓨터보안과윈도우포렌식,null,1,3,3,null
23,21,69,11374, 컴퓨터보안과윈도우포렌식,null,2,3,3,null
23,21,69,11362, 컴퓨터속의우주,null,1,3,3,null
23,21,69,11362, 컴퓨터속의우주,null,2,3,3,null
23,21,69,11369, 컴퓨터식문제해결기법,null,1,3,3,null
23,21,69,11369, 컴퓨터식문제해결기법,null,2,3,3,null
23,21,69,11232, 컴퓨터적사고와이해,null,1,3,3,null
23,21,69,11232, 컴퓨터적사고와이해,null,2,3,3,null
23,21,69,11234, 컴퓨터적사고와조형적활용,null,1,3,3,null
23,21,69,11234, 컴퓨터적사고와조형적활용,null,2,3,3,null
23,21,69,11211, 컴퓨팅적사고와프로그래밍,null,1,3,3,null
23,21,69,11211, 컴퓨팅적사고와프로그래밍,null,2,3,3,null
23,21,69,11364, 푸드테크시대의음식과디자인,null,1,3,3,null
23,21,69,11364, 푸드테크시대의음식과디자인,null,2,3,3,null
23,21,69,11207, 프로그래밍과통계적사고,null,1,3,3,null
23,21,69,11207, 프로그래밍과통계적사고,null,2,3,3,null
23,21,69,11361, 프로그래밍을위한컴퓨팅적사고,null,1,3,3,null
23,21,69,11361, 프로그래밍을위한컴퓨팅적사고,null,2,3,3,null
23,21,64,11053, 21세기사회와문학의대화,null,1,3,3,null
23,21,64,11053, 21세기사회와문학의대화,null,2,3,3,null
23,21,64,11334, Critical and Creative Textual Studies,null,1,3,3,null
23,21,64,11334, Critical and Creative Textual Studies,null,2,3,3,null
23,21,64,11183, The Story of Human Language,null,1,3,3,null
23,21,64,11183, The Story of Human Language,null,2,3,3,null
23,21,64,11165, Topics in Multiethnic American Literature,null,1,3,3,null
23,21,64,11165, Topics in Multiethnic American Literature,null,2,3,3,null
23,21,64,11112, 다매체시대의비교문학,null,1,3,3,null
23,21,64,11112, 다매체시대의비교문학,null,2,3,3,null
23,21,64,11108, 동아시아문학으로문화읽기,null,1,3,3,null
23,21,64,11108, 동아시아문학으로문화읽기,null,2,3,3,null
23,21,64,11038, 디지털미디어시대의동아시아문자,null,1,3,3,null
23,21,64,11038, 디지털미디어시대의동아시아문자,null,2,3,3,null
23,21,64,10041, 문학과삶,null,1,3,3,null
23,21,64,10041, 문학과삶,null,2,3,3,null
23,21,64,10654, 문학과영화,null,1,3,3,null
23,21,64,10654, 문학과영화,null,2,3,3,null
23,21,64,11148, 문학으로보는사랑의역사,null,1,3,3,null
23,21,64,11148, 문학으로보는사랑의역사,null,2,3,3,null
23,21,64,11184, 문학으로함께배우는매체/이야기,null,1,3,3,null
23,21,64,11184, 문학으로함께배우는매체/이야기,null,2,3,3,null
23,21,64,11146, 문화로읽는현대시의세계,null,1,3,3,null
23,21,64,11146, 문화로읽는현대시의세계,null,1,3,3,null
23,21,64,11147, 사이언스픽션의이해,null,1,3,3,null
23,21,64,11147, 사이언스픽션의이해,null,2,3,3,null
23,21,64,11297, 생태와문학,null,1,3,3,null
23,21,64,11297, 생태와문학,null,2,3,3,null
23,21,64,10768, 신화·상상력·문화,null,1,3,3,null
23,21,64,10768, 신화·상상력·문화,null,2,3,3,null
23,21,64,11109, 여행문학과세계인식,null,1,3,3,null
23,21,64,11109, 여행문학과세계인식,null,2,3,3,null
23,21,64,10882, 인간과언어,null,1,3,3,null
23,21,64,10882, 인간과언어,null,2,3,3,null
23,21,64,11258, 자연과문학,null,1,3,3,null
23,21,64,11258, 자연과문학,null,2,3,3,null
23,21,64,10543, 한국현대시와삶읽기,null,1,3,3,null
23,21,64,10543, 한국현대시와삶읽기,null,2,3,3,null
23,21,64,11134, 현대영어권문학의동향,null,1,3,3,null
23,21,64,11134, 현대영어권문학의동향,null,2,3,3,null
23,21,64,10896, 환상문학의세계,null,1,3,3,null
23,21,64,10896, 환상문학의세계,null,2,3,3,null
23,21,64,10950, 디지털스토리텔링의이해,null,1,3,3,null
23,21,64,10950, 디지털스토리텔링의이해,null,2,3,3,null
23,21,64,11335, Technical Writing and Document Design in English,null,1,3,3,null
23,21,64,11335, Technical Writing and Document Design in English,null,2,3,3,null
23,21,65,11107, 21세기의예술과인간,null,1,3,3,null
23,21,65,11107, 21세기의예술과인간,null,2,3,3,null
23,21,65,11164, Contemporary Photography,null,1,3,3,null
23,21,65,11164, Contemporary Photography,null,2,3,3,null
23,21,65,10033, 동양미술의이해,null,1,3,3,null
23,21,65,10033, 동양미술의이해,null,2,3,3,null
23,21,65,10778, 디지털매체와예술,null,1,3,3,null
23,21,65,10778, 디지털매체와예술,null,2,3,3,null
23,21,65,10576, 무용의이해,null,1,3,3,null
23,21,65,10576, 무용의이해,null,2,3,3,null
23,21,65,11153, 문화콘텐츠기획의이해,null,1,3,3,null
23,21,65,11153, 문화콘텐츠기획의이해,null,2,3,3,null
23,21,65,11328, 미술로치유하는마음,null,1,3,3,null
23,21,65,11328, 미술로치유하는마음,null,2,3,3,null
23,21,65,11083, 미학과미술,null,1,3,3,null
23,21,65,11083, 미학과미술,null,2,3,3,null
23,21,65,10072, 서양미술의이해,null,1,3,3,null
23,21,65,10072, 서양미술의이해,null,2,3,3,null
23,21,65,10073, 서양음악의이해,null,1,3,3,null
23,21,65,10073, 서양음악의이해,null,2,3,3,null
23,21,65,11084, 시각문화로서미술작품읽기,null,1,3,3,null
23,21,65,11084, 시각문화로서미술작품읽기,null,2,3,3,null
23,21,65,11209, 시각적사고를통한일상의문화와트랜드,null,1,3,3,null
23,21,65,11209, 시각적사고를통한일상의문화와트랜드,null,2,3,3,null
23,21,65,10090, 여성과예술,null,1,3,3,null
23,21,65,10090, 여성과예술,null,2,3,3,null
23,21,65,11113, 여성의몸과창조적움직임,null,1,3,3,null
23,21,65,11113, 여성의몸과창조적움직임,null,2,3,3,null
23,21,65,10097, 연극의이론과실제,null,1,3,3,null
23,21,65,10097, 연극의이론과실제,null,2,3,3,null
23,21,65,11110, 예술가와그의시대,null,1,3,3,null
23,21,65,11110, 예술가와그의시대,null,2,3,3,null
23,21,65,10100, 예술과사상,null,1,3,3,null
23,21,65,10100, 예술과사상,null,2,3,3,null
23,21,65,11055, 옛시와그림의만남,null,1,3,3,null
23,21,65,11055, 옛시와그림의만남,null,2,3,3,null
23,21,65,11265, 음악과건강,null,1,3,3,null
23,21,65,11265, 음악과건강,null,2,3,3,null
23,21,65,11075, 창조와상상의기술,null,1,3,3,null
23,21,65,11075, 창조와상상의기술,null,2,3,3,null
23,21,65,11035," 퍼포먼스인문학:제의,놀이,연극",null,1,3,3,null
23,21,65,11035," 퍼포먼스인문학:제의,놀이,연극",null,2,3,3,null
23,21,65,10892," 표현,예술,그리고시대정신",null,1,3,3,null
23,21,65,10892," 표현,예술,그리고시대정신",null,2,3,3,null
23,21,65,10152, 한국미술의이해,null,1,3,3,null
23,21,65,10152, 한국미술의이해,null,2,3,3,null
23,21,65,11333," 한국사와상상력,스토리텔링",null,1,3,3,null
23,21,65,11333," 한국사와상상력,스토리텔링",null,2,3,3,null
23,21,65,10883, 한국의문화공간과예술,null,1,3,3,null
23,21,65,10883, 한국의문화공간과예술,null,2,3,3,null
23,21,65,10165, 현대미술사,null,1,3,3,null
23,21,65,10165, 현대미술사,null,2,3,3,null
23,21,65,11330, Reading American Popular Culture in the Digital Age,null,1,3,3,null
23,21,65,11330, Reading American Popular Culture in the Digital Age,null,2,3,3,null
23,21,65,10018, 국악의이해,null,1,3,3,null
23,21,65,10018, 국악의이해,null,2,3,3,null
23,21,65,11329, 색채의이해,null,1,3,3,null
23,21,65,11329, 색채의이해,null,2,3,3,null
23,21,65,11263, 예술과기술,null,1,3,3,null
23,21,65,11263, 예술과기술,null,2,3,3,null
23,21,65,11116, Introduction to World Music and Culture,null,1,3,3,null
23,21,65,11116, Introduction to World Music and Culture,null,2,3,3,null
23,21,65,11135, 사물과예술,null,1,3,3,null
23,21,65,11135, 사물과예술,null,2,3,3,null
23,21,66,11190, The Art of Thinking,null,1,3,3,null
23,21,66,11190, The Art of Thinking,null,2,3,3,null
23,21,66,10545, 근대일본과동아시아,null,1,3,3,null
23,21,66,10545, 근대일본과동아시아,null,2,3,3,null
23,21,66,11046, 동서양의인간이해,null,1,3,3,null
23,21,66,11046, 동서양의인간이해,null,2,3,3,null
23,21,66,10034, 동양철학의이해,null,1,3,3,null
23,21,66,10034, 동양철학의이해,null,2,3,3,null
23,21,66,10769, 모던/포스트모던문화읽기,null,1,3,3,null
23,21,66,10769, 모던/포스트모던문화읽기,null,2,3,3,null
23,21,66,11056, 문화로읽는한국사,null,1,3,3,null
23,21,66,11056, 문화로읽는한국사,null,2,3,3,null
23,21,66,11185, 문화와예술을통해본르네상스역사,null,1,3,3,null
23,21,66,11185, 문화와예술을통해본르네상스역사,null,2,3,3,null
23,21,66,10772, 여성과사회정의,null,1,3,3,null
23,21,66,10772, 여성과사회정의,null,2,3,3,null
23,21,66,11054, 연어프로젝트:한국여성나의뿌리를찾아서 ,null,1,3,3,null
23,21,66,11054, 연어프로젝트:한국여성나의뿌리를찾아서 ,null,2,3,3,null
23,21,66,10108, 인간과종교,null,1,3,3,null
23,21,66,10108, 인간과종교,null,2,3,3,null
23,21,66,11041, 인간과철학적사유,null,1,3,3,null
23,21,66,11041, 인간과철학적사유,null,2,3,3,null
23,21,66,11293, 인물로본중국의역사,null,1,3,3,null
23,21,66,11293, 인물로본중국의역사,null,2,3,3,null
23,21,66,10581, 인물로본한국사,null,1,3,3,null
23,21,66,10581, 인물로본한국사,null,2,3,3,null
23,21,66,11078, 젠더와역사,null,1,3,3,null
23,21,66,11078, 젠더와역사,null,2,3,3,null
23,21,66,10767, 종교와문화,null,1,3,3,null
23,21,66,10767, 종교와문화,null,2,3,3,null
23,21,66,11057, 주제로살펴보는서양근현대사,null,1,3,3,null
23,21,66,11057, 주제로살펴보는서양근현대사,null,2,3,3,null
23,21,66,10544, 중국의역사와문화,null,1,3,3,null
23,21,66,10544, 중국의역사와문화,null,2,3,3,null
23,21,66,11297, 질병치료와백신의역사,null,1,3,3,null
23,21,66,11297, 질병치료와백신의역사,null,2,3,3,null
23,21,66,11189, 철학의은유들,null,1,3,3,null
23,21,66,11189, 철학의은유들,null,2,3,3,null
23,21,66,11045, 패러다임전환과비판이론,null,1,3,3,null
23,21,66,11045, 패러다임전환과비판이론,null,2,3,3,null
23,21,66,10149, 한국근현대사 ,null,1,3,3,null
23,21,66,10149, 한국근현대사 ,null,2,3,3,null
23,21,66,11058, 한국사의새로운이해,null,1,3,3,null
23,21,66,11058, 한국사의새로운이해,null,2,3,3,null
23,21,66,11366, 한국의문화유산역사여행,null,1,3,3,null
23,21,66,11366, 한국의문화유산역사여행,null,2,3,3,null
23,21,66,11186, Evolutionary Origin of Humans,null,1,3,3,null
23,21,66,11186, Evolutionary Origin of Humans,null,2,3,3,null
23,21,66,11295, 인공지능시대의과학과종교,null,1,3,3,null
23,21,66,11295, 인공지능시대의과학과종교,null,2,3,3,null
23,21,67,11360, ICT융복합복지와법,null,1,3,3,null
23,21,67,11360, ICT융복합복지와법,null,2,3,3,null
23,21,67,11259, SDGs시대글로벌보건협력:개발도상국의보건의료현황과국제사회의지원 ,null,1,3,3,null
23,21,67,11259, SDGs시대글로벌보건협력:개발도상국의보건의료현황과국제사회의지원 ,null,2,3,3,null
23,21,67,10011, 가족건강과간호,null,1,3,3,null
23,21,67,10011, 가족건강과간호,null,2,3,3,null
23,21,67,10932, 건축으로읽는사회문화사,null,1,3,3,null
23,21,67,10932, 건축으로읽는사회문화사,null,2,3,3,null
23,21,67,10013, 경영과사회,null,1,3,3,null
23,21,67,10013, 경영과사회,null,2,3,3,null
23,21,67,11210, 교육커뮤니케이션의이해와실제,null,1,3,3,null
23,21,67,11210, 교육커뮤니케이션의이해와실제,null,2,3,3,null
23,21,67,10949, 국제구호와개발협력,null,1,3,3,null
23,21,67,10949, 국제구호와개발협력,null,2,3,3,null
23,21,67,10913, 글로벌시대의다문화사회,null,1,3,3,null
23,21,67,10913, 글로벌시대의다문화사회,null,2,3,3,null
23,21,67,10914, 글로벌시대의아시아여성,null,1,3,3,null
23,21,67,10914, 글로벌시대의아시아여성,null,2,3,3,null
23,21,67,11260, 기업과정신과혁신,null,1,3,3,null
23,21,67,11260, 기업과정신과혁신,null,2,3,3,null
23,21,67,10091, 노동과젠더,null,1,3,3,null
23,21,67,10091, 노동과젠더,null,2,3,3,null
23,21,67,11332, 도시공간문화로읽는한국사,null,1,3,3,null
23,21,67,11332, 도시공간문화로읽는한국사,null,2,3,3,null
23,21,67,10886, 동양고전의현대적이해,null,1,3,3,null
23,21,67,10886, 동양고전의현대적이해,null,2,3,3,null
23,21,67,11292, 모방과인간,null,1,3,3,null
23,21,67,11292, 모방과인간,null,2,3,3,null
23,21,67,11193, 법과젠더,null,1,3,3,null
23,21,67,11193, 법과젠더,null,2,3,3,null
23,21,67,10549, 북한정치의이해,null,1,3,3,null
23,21,67,10549, 북한정치의이해,null,2,3,3,null
23,21,67,10548, 북한주민의문화와생활,null,1,3,3,null
23,21,67,10548, 북한주민의문화와생활,null,2,3,3,null
23,21,67,10929, 브레인스펙트럼,null,1,3,3,null
23,21,67,10929, 브레인스펙트럼,null,2,3,3,null
23,21,67,10573, 생명윤리와법,null,1,3,3,null
23,21,67,10573, 생명윤리와법,null,2,3,3,null
23,21,67,10074, 성문화연구,null,1,3,3,null
23,21,67,10074, 성문화연구,null,2,3,3,null
23,21,67,10081, 시민생활과법,null,1,3,3,null
23,21,67,10081, 시민생활과법,null,2,3,3,null
23,21,67,10094, 여성학,null,1,3,3,null
23,21,67,10094, 여성학,null,2,3,3,null
23,21,67,11089, 여행과지리:글로벌화의지역탐색,null,1,3,3,null
23,21,67,11089, 여행과지리:글로벌화의지역탐색,null,2,3,3,null
23,21,67,10908, 영상이미지와젠더,null,1,3,3,null
23,21,67,10908, 영상이미지와젠더,null,2,3,3,null
23,21,67,10904, 우리사회의문제와쟁점찾기,null,1,3,3,null
23,21,67,10904, 우리사회의문제와쟁점찾기,null,2,3,3,null
23,21,67,11358, 인간관계심리,null,1,3,3,null
23,21,67,11358, 인간관계심리,null,2,3,3,null
23,21,67,10109, 인간발달과가족,null,1,3,3,null
23,21,67,10109, 인간발달과가족,null,2,3,3,null
23,21,67,10903, 인간발달과문화의다양성,null,1,3,3,null
23,21,67,10903, 인간발달과문화의다양성,null,2,3,3,null
23,21,67,11114, 인간은왜춤을추는가,null,1,3,3,null
23,21,67,11114, 인간은왜춤을추는가,null,2,3,3,null
23,21,67,11103, 인터넷과법,null,1,3,3,null
23,21,67,11103, 인터넷과법,null,2,3,3,null
23,21,67,11359, 정신건강과행복,null,1,3,3,null
23,21,67,11359, 정신건강과행복,null,2,3,3,null
23,21,67,11104, 죄와벌,null,1,3,3,null
23,21,67,11104, 죄와벌,null,2,3,3,null
23,21,67,10905, 지구촌의사회복지,null,1,3,3,null
23,21,67,10905, 지구촌의사회복지,null,2,3,3,null
23,21,67,11105, 직업세계와법,null,1,3,3,null
23,21,67,11105, 직업세계와법,null,2,3,3,null
23,21,67,11039, 키워드로읽는중국문화,null,1,3,3,null
23,21,67,11039, 키워드로읽는중국문화,null,2,3,3,null
23,21,67,11215, 통합적분쟁이해와조정,null,1,3,3,null
23,21,67,11215, 통합적분쟁이해와조정,null,2,3,3,null
23,19,31,10887, 현대중국의이해,null,1,3,3,null
23,19,31,10887, 현대중국의이해,null,2,3,3,null
23,21,67,11162, Middle Eastern Political Theology: Religious Sources,null,1,3,3,null
23,21,67,11162, Middle Eastern Political Theology: Religious Sources,null,2,3,3,null
23,21,67,11079, 장애와사회,null,1,3,3,null
23,21,67,11079, 장애와사회,null,2,3,3,null
23,21,67,11296, 청춘의아픔과치유:행복인문학,null,1,3,3,null
23,21,67,11296, 청춘의아픔과치유:행복인문학,null,2,3,3,null
23,21,67,10181, 환경과인간,null,1,3,3,null
23,21,67,10181, 환경과인간,null,2,3,3,null
23,21,67,11188, Introduction to Ethnic Conflict and Management,null,1,3,3,null
23,21,67,11188, Introduction to Ethnic Conflict and Management,null,2,3,3,null
23,21,67,11106, 글로벌시민의이해와리더십,null,1,3,3,null
23,21,67,11106, 글로벌시민의이해와리더십,null,2,3,3,null
23,21,67,10933, 대학생의성건강,null,1,3,3,null
23,21,67,10933, 대학생의성건강,null,2,3,3,null
23,21,67,11308, 데이터로고전읽기,null,1,3,3,null
23,21,67,11308, 데이터로고전읽기,null,2,3,3,null
23,21,67,11351, 삶을위한멘탈코칭,null,1,3,3,null
23,21,67,11351, 삶을위한멘탈코칭,null,1,3,3,null
23,21,68,10556, 4차산업혁명과창의융합SW,null,1,3,3,null
23,21,68,10556, 4차산업혁명과창의융합SW,null,2,3,3,null
23,21,68,10930, Behavior of Animals,null,1,3,3,null
23,21,68,10930, Behavior of Animals,null,2,3,3,null
23,21,68,11111, SF영화로배우는철학,null,1,3,3,null
23,21,68,11111, SF영화로배우는철학,null,2,3,3,null
23,21,68,11213, 과학과몸의역사,null,1,3,3,null
23,21,68,11213, 과학과몸의역사,null,2,3,3,null
23,21,68,11155, 과학과허구,null,1,3,3,null
23,21,68,11155, 과학과허구,null,2,3,3,null
23,21,68,11101, 과학문화와커뮤니케이션,null,1,3,3,null
23,21,68,11101, 과학문화와커뮤니케이션,null,2,3,3,null
23,21,68,10776, 글로벌시민을위한과학소양,null,1,3,3,null
23,21,68,10776, 글로벌시민을위한과학소양,null,2,3,3,null
23,21,68,11154, 사물인터넷개론,null,1,3,3,null
23,21,68,11154, 사물인터넷개론,null,2,3,3,null
23,21,68,10052, 약과건강,null,1,3,3,null
23,21,68,10052, 약과건강,null,2,3,3,null
23,21,68,11102," 에너지의이해,이용,실천",null,1,3,3,null
23,21,68,11102," 에너지의이해,이용,실천",null,2,3,3,null
23,21,68,11257, 에피소드로보는과학철학,null,1,3,3,null
23,21,68,11257, 에피소드로보는과학철학,null,2,3,3,null
23,21,68,10910, 위험판단심리학,null,1,3,3,null
23,21,68,10910, 위험판단심리학,null,2,3,3,null
23,21,68,10104, 응용통계입문,null,1,3,3,null
23,21,68,10104, 응용통계입문,null,2,3,3,null
23,21,68,11336, 인공지능과인간,null,1,3,3,null
23,21,68,11336, 인공지능과인간,null,2,3,3,null
23,21,68,11261, 인공지능시대의정보산업이해,null,1,3,3,null
23,21,68,11261, 인공지능시대의정보산업이해,null,2,3,3,null
23,21,68,10559, 인류문명과환경과학,null,1,3,3,null
23,21,68,10559, 인류문명과환경과학,null,2,3,3,null
23,21,68,11156," 자연과의대화,환경생태",null,1,3,3,null
23,21,68,11156," 자연과의대화,환경생태",null,2,3,3,null
23,21,68,11160, 정보기술과미래사회,null,1,3,3,null
23,21,68,11160, 정보기술과미래사회,null,2,3,3,null
23,21,68,10123, 정보사회와인터넷윤리,null,1,3,3,null
23,21,68,10123, 정보사회와인터넷윤리,null,2,3,3,null
23,21,68,11096, 정보화사회와통계,null,1,3,3,null
23,21,68,11096, 정보화사회와통계,null,2,3,3,null
23,21,68,10135, 지구의역사,null,1,3,3,null
23,21,68,10135, 지구의역사,null,2,3,3,null
23,21,68,11042, 컴퓨터와마음,null,1,3,3,null
23,21,68,11042, 컴퓨터와마음,null,2,3,3,null
23,21,68,11152, 콘텐츠컴퓨팅,null,1,3,3,null
23,21,68,11152, 콘텐츠컴퓨팅,null,2,3,3,null
23,21,68,11145, 크리에이티브컴퓨팅,null,1,3,3,null
23,21,68,11145, 크리에이티브컴퓨팅,null,2,3,3,null
23,21,68,10164, 현대물리학과인간사고의변혁,null,1,3,3,null
23,21,68,10164, 현대물리학과인간사고의변혁,null,2,3,3,null
23,21,68,11157, 환경재난과국제협력,null,1,3,3,null
23,21,68,11157, 환경재난과국제협력,null,2,3,3,null
23,21,68,11262, 생활속의미생물,null,1,3,3,null
23,21,68,11262, 생활속의미생물,null,2,3,3,null
23,21,68,11264, 세계의자연유산과지오투어리즘,null,1,3,3,null
23,21,68,11264, 세계의자연유산과지오투어리즘,null,2,3,3,null
23,21,68,11043, 현대사회의기록과정보,null,1,3,3,null
23,21,68,11043, 현대사회의기록과정보,null,2,3,3,null
23,21,68,11187, 빅데이터사회와정보활용,null,1,3,3,null
23,21,68,11187, 빅데이터사회와정보활용,null,2,3,3,null
23,21,68,11098, 주거로보는건축문화,null,1,3,3,null
23,21,68,11098, 주거로보는건축문화,null,2,3,3,null
23,21,70,38403, Python프로그래밍및실습,1,1,3,3,null
23,21,70,35339, 객체지향프로그래밍,2,1,3,3,null
23,21,70,20479, 이산수학,2,1,3,3,null
23,21,70,35914, JAVA프로그래밍및실습,2,2,4.5,3,null
23,21,70,38408, SW리더십세미나,null,1,1,1,null
23,21,70,38408, SW리더십세미나,null,1,2,1,null
23,21,70,20410, 일반물리학실험I,1,1,1.5,1,null
23,21,71,20413, 일반생물학I,1,1,3,3,null
23,21,71,20416, 일반화학I,1,1,3,3,null
23,21,71,30002, 일반물리학II,1,2,3,3,null
23,21,71,20412, 일반생물학,1,2,3,3,null
23,21,71,20415, 일반화학,1,2,3,3,null
23,21,72,30001, 일반물리학,1,1,3,3,null
23,21,72,20409, 일반물리학I,1,1,3,3,null
23,21,73,36339, 컴퓨터프로그래밍및실습,1,1,3,3,null
23,21,73,36339, 컴퓨터프로그래밍및실습,1,2,3,3,null
23,21,73,38407, C프로그래밍및실습,1,2,3,3,null
23,21,74,20406, 미분적분학,1,1,3,3,null
23,21,74,20407, 미분적분학I,1,1,3,3,null
23,21,76,20642, 수치해석,2,1,3,3,null
23,21,76,20642, 수치해석,2,2,3,3,null
23,21,76,36341, 공학수학,1,2,3,3,null
23,21,76,20441, 선형대수학I,1,2,4.5,3,null
23,21,76,20454, 정수론,1,2,3,3,null
23,21,76,34980, 확률및통계학,2,1,3,3,null
23,21,77,36503, 소프트웨어융합창의설계,2,1,4.5,3,null
23,21,77,20481, 자료구조,2,2,3,3,null
23,21,77,20493, 컴퓨터구조,2,2,3,3,null
23,21,77,20477, 운영체제,3,1,3,3,null
23,21,77,34743, 정보통신공학,3,1,3,3,null
23,21,77,20472, 소프트웨어공학,3,2,3,3,null
23,21,78,36500, 디지털논리설계,2,1,3,3,null
23,21,78,36502, 디지털논리실험,2,1,1.5,1,null
23,21,78,30226, 오토마타및형식언어,2,1,3,3,null
23,21,78,38425, 시스템SW및실습,2,2,3,3,null
23,21,78,38426,오픈SW플랫폼,2,2,3,3,null
23,21,78,37271, 임베디드시스템및실험,2,2,3,3,null
23,21,78,37082, SW산학실무설계I,3,1,2,2,null
23,21,78,37082, SW산학실무설계I,3,2,2,2,null
23,21,78,37083, SW산학실무설계II,3,1,2,3,null
23,21,78,37083, SW산학실무설계II,3,2,2,3,null
23,21,78,37084, SW산학실무설계III,3,1,2,4,null
23,21,78,37084, SW산학실무설계III,3,2,2,4,null
23,21,78,20471, 데이터베이스,3,1,3,3,null
23,21,78,37269, 오픈SW프로젝트,3,1,3,3,null
23,21,78,20497, 컴퓨터알고리즘,3,1,3,3,null
23,21,78,35913, 인간컴퓨터상호작용,3,2,3,3,null
23,21,78,36506, 캡스톤디자인프로젝트A,3,2,4.5,3,null
23,21,78,20494, 컴퓨터그래픽스,3,2,3,3,null
23,21,78,20495, 컴퓨터네트워크,3,2,3,3,null
23,21,78,36510, 가상현실,4,1,3,3,null
23,21,78,38427, 스마트SW시스템설계I,4,1,3,3,null
23,21,78,20480, 인공지능,4,1,3,3,null
23,21,78,36507, 캡스톤디자인프로젝트B,4,1,4.5,3,null
23,21,78,34811, 컴파일러,4,1,3,3,null
23,21,78,38428, 기계학습,4,2,3,3,null
23,21,78,36511, 빅데이터응용,4,2,3,3,null
23,21,78,38429, 스마트SW시스템설계II,4,2,3,3,null
23,21,78,38759, 자연언어처리,4,2,3,3,null
23,21,78,37270, 클라우드컴퓨팅,4,2,3,3,null
23,21,78,37407, SW자기설계학습I,null,1,null,3,null
23,21,78,37408, SW자기설계학습II,null,3,null,1,null
23,21,78,37409, SW자기설계학습III,null,3,null,1,null
23,21,78,38430, SW특별교육I,null,3,null,1,null
23,21,78,38431, SW특별교육II,null,3,null,1,null
23,21,78,38431, SW특별교육II,null,3,null,1,null
23,21,78,38432, SW특별교육III,null,3,null,1,null
23,21,78,38433, SW특별교육IV,null,3,null,1,null
23,21,78,38434, SW특별교육V,null,3,null,1,null
23,21,78,38082, SW자기설계학습I,null,1,null,3,null
23,21,78,38082, SW자기설계학습I,null,2,null,3,null
23,21,78,38083, SW자기설계학습II,null,1,null,3,null
23,21,78,38083, SW자기설계학습II,null,2,null,3,null
23,21,78,38473, 사이버보안개론,2,1,3,3,null
23,21,78,38475, 현대암호기초,3,1,3,3,null
23,21,78,38487, 블록체인응용,3,2,3,3,null
23,21,78,38480, 정보시스템보안,3,2,3,3,null
23,21,78,38483, 네트워크보안,4,1,3,3,null
1,18,79,10023, 기독교와세계,1,1,3,3,null
1,18,79,10023, 기독교와세계,1,2,3,3,null
1,18,80,11256, 공존과협력의유토피아,1,1,3,2,null
1,18,80,11256, 공존과협력의유토피아,1,2,3,2,null
1,18,80,11254, 관계의미학:사랑과윤리,1,1,3,2,null
1,18,80,11254, 관계의미학:사랑과윤리,1,2,3,2,null
1,18,80,11095, 나눔리더십,1,1,3,2,null
1,18,80,11095, 나눔리더십,1,2,3,2,null
1,18,80,11253, 나눔의인간학,1,1,3,2,null
1,18,80,11253, 나눔의인간학,1,2,3,2,null
1,18,80,11252, 청춘의자기이해,1,1,3,2,null
1,18,80,11252, 청춘의자기이해,1,2,3,2,null
1,18,80,11255, 호모엠파티쿠스:소통·공감·신뢰,1,1,3,2,null
1,18,80,11255, 호모엠파티쿠스:소통·공감·신뢰,1,2,3,2,null
1,18,81,10021, 우리말과글쓰기,1,1,3,3,null
1,18,81,10021, 우리말과글쓰기,1,2,3,3,null
1,18,82,11094, 고전읽기와글쓰기,1,1,3,2,10021
1,18,82,11094, 고전읽기와글쓰기,1,2,3,2,10021
1,18,82,11250,사이보그와이미지의권력,2,1,3,2,10021
1,18,82,11250,사이보그와이미지의권력,2,2,3,2,10021
1,18,82,11249,역사와철학으로질문던지기,2,1,3,2,10021
1,18,82,11249,역사와철학으로질문던지기,2,1,3,2,10021
1,18,82,11248,읽기와쓰기의다이내미즘,2,2,3,2,10021
1,18,82,11248,읽기와쓰기의다이내미즘,2,1,3,2,10021
1,18,83,10098, 대학영어,1,1,3,3,null
1,18,83,10098, 대학영어,1,2,3,3,null
1,18,83,10099, 고급영어,1,1,3,3,null
1,18,83,10099, 고급영어,1,2,3,3,null
1,18,84,11036, 중국어Ⅰ,1,1,3,2,null
1,18,84,11037, 중국어Ⅱ,1,2,3,2,null
1,18,84,11073, 프랑스어Ⅰ,1,1,3,2,null
1,18,84,11074, 프랑스어Ⅱ,1,2,3,2,null
1,18,84,11033, 독일어Ⅰ,1,1,3,2,null
1,18,84,11034, 독일어Ⅱ,1,2,3,2,null
1,18,84,11091, 일본어Ⅰ,1,1,3,2,null
1,18,84,11092, 일본어Ⅱ,1,2,3,2,null
1,18,84,11066, 스페인어Ⅰ,1,1,3,2,null
1,18,84,11067, 스페인어Ⅱ,1,2,3,2,null
1,18,84,11064, 러시아어Ⅰ,1,1,3,2,null
1,18,84,11065, 러시아어Ⅱ,1,2,3,2,null
1,18,85,11053, 21세기사회와문학의대화,null,1,3,3,null
1,18,85,11053, 21세기사회와문학의대화,null,2,3,3,null
1,18,85,11183, The Story of Human Language,null,1,3,3,null
1,18,85,11183, The Story of Human Language,null,2,3,3,null
1,18,85,11165, Topics in Multiethnic American Literature,null,1,3,3,null
1,18,85,11165, Topics in Multiethnic American Literature,null,2,3,3,null
1,18,85,11112, 다매체시대의비교문학,null,1,3,3,null
1,18,85,11112, 다매체시대의비교문학,null,2,3,3,null
1,18,85,11108, 동아시아문학으로문화읽기,null,1,3,3,null
1,18,85,11108, 동아시아문학으로문화읽기,null,2,3,3,null
1,18,85,11038, 디지털미디어시대의동아시아문자,null,1,3,3,null
1,18,85,11038, 디지털미디어시대의동아시아문자,null,2,3,3,null
1,18,85,10950, 디지털스토리텔링의이해,null,1,3,3,null
1,18,85,10950, 디지털스토리텔링의이해,null,2,3,3,null
1,18,85,10041, 문학과삶,null,1,3,3,null
1,18,85,10041, 문학과삶,null,2,3,3,null
1,18,85,10654, 문학과영화,null,1,3,3,null
1,18,85,10654, 문학과영화,null,2,3,3,null
1,18,85,11148, 문학으로보는사랑의역사,null,1,3,3,null
1,18,85,11148, 문학으로보는사랑의역사,null,2,3,3,null
1,18,85,11184, 문학으로함께배우는매체/이야기,null,1,3,3,null
1,18,85,11184, 문학으로함께배우는매체/이야기,null,2,3,3,null
1,18,85,11146, 문화로읽는현대시의세계,null,1,3,3,null
1,18,85,11146, 문화로읽는현대시의세계,null,1,3,3,null
1,18,85,11147, 사이언스픽션의이해,null,1,3,3,null
1,18,85,11147, 사이언스픽션의이해,null,2,3,3,null
1,18,85,11297, 생태와문학,null,1,3,3,null
1,18,85,11297, 생태와문학,null,2,3,3,null
1,18,85,10768, 신화·상상력·문화,null,1,3,3,null
1,18,85,10768, 신화·상상력·문화,null,2,3,3,null
1,18,85,11109, 여행문학과세계인식,null,1,3,3,null
1,18,85,11109, 여행문학과세계인식,null,2,3,3,null
1,18,85,10882, 인간과언어,null,1,3,3,null
1,18,85,10882, 인간과언어,null,2,3,3,null
1,18,85,11258, 자연과문학,null,1,3,3,null
1,18,85,11258, 자연과문학,null,2,3,3,null
1,18,85,10543, 한국현대시와삶읽기,null,1,3,3,null
1,18,85,10543, 한국현대시와삶읽기,null,2,3,3,null
1,18,85,11134, 현대영어권문학의동향,null,1,3,3,null
1,18,85,11134, 현대영어권문학의동향,null,2,3,3,null
1,18,85,10896, 환상문학의세계,null,1,3,3,null
1,18,85,10896, 환상문학의세계,null,2,3,3,null
1,18,85,11334, Critical and Creative Textual Studies,null,1,3,3,null
1,18,85,11334, Critical and Creative Textual Studies,null,2,3,3,null
1,18,85,11335, Technical Writing and Document Design in English,null,1,3,3,null
1,18,85,11335, Technical Writing and Document Design in English,null,2,3,3,null
1,18,86,11107, 21세기의예술과인간,null,1,3,3,null
1,18,86,11107, 21세기의예술과인간,null,2,3,3,null
1,18,86,11164, Contemporary Photography,null,1,3,3,null
1,18,86,11164, Contemporary Photography,null,2,3,3,null
1,18,86,10018, 국악의이해,null,1,3,3,null
1,18,86,10018, 국악의이해,null,2,3,3,null
1,18,86,10033, 동양미술의이해,null,1,3,3,null
1,18,86,10033, 동양미술의이해,null,2,3,3,null
1,18,86,10778, 디지털매체와예술,null,1,3,3,null
1,18,86,10778, 디지털매체와예술,null,2,3,3,null
1,18,86,10576, 무용의이해,null,1,3,3,null
1,18,86,10576, 무용의이해,null,2,3,3,null
1,18,86,11153, 문화콘텐츠기획의이해,null,1,3,3,null
1,18,86,11153, 문화콘텐츠기획의이해,null,2,3,3,null
1,18,86,11328, 미술로치유하는마음,null,1,3,3,null
1,18,86,11328, 미술로치유하는마음,null,2,3,3,null
1,18,86,11083, 미학과미술,null,1,3,3,null
1,18,86,11083, 미학과미술,null,2,3,3,null
1,18,86,11135, 사물과예술,null,1,3,3,null
1,18,86,11135, 사물과예술,null,2,3,3,null
1,18,86,11329, 색채의이해,null,1,3,3,null
1,18,86,11329, 색채의이해,null,2,3,3,null
1,18,86,10072, 서양미술의이해,null,1,3,3,null
1,18,86,10072, 서양미술의이해,null,2,3,3,null
1,18,86,10073, 서양음악의이해,null,1,3,3,null
1,18,86,10073, 서양음악의이해,null,2,3,3,null
1,18,86,11084, 시각문화로서미술작품읽기,null,1,3,3,null
1,18,86,11084, 시각문화로서미술작품읽기,null,2,3,3,null
1,18,86,10090, 여성과예술,null,1,3,3,null
1,18,86,10090, 여성과예술,null,2,3,3,null
1,18,86,11113, 여성의몸과창조적움직임,null,1,3,3,null
1,18,86,11113, 여성의몸과창조적움직임,null,2,3,3,null
1,18,86,10097, 연극의이론과실제,null,1,3,3,null
1,18,86,10097, 연극의이론과실제,null,2,3,3,null
1,18,86,11110, 예술가와그의시대,null,1,3,3,null
1,18,86,11110, 예술가와그의시대,null,2,3,3,null
1,18,86,10100, 예술과사상,null,1,3,3,null
1,18,86,10100, 예술과사상,null,2,3,3,null
1,18,86,11055, 옛시와그림의만남,null,1,3,3,null
1,18,86,11055, 옛시와그림의만남,null,2,3,3,null
1,18,86,11075, 창조와상상의기술,null,1,3,3,null
1,18,86,11075, 창조와상상의기술,null,2,3,3,null
1,18,86,11035," 퍼포먼스인문학:제의,놀이,연극",null,1,3,3,null
1,18,86,11035," 퍼포먼스인문학:제의,놀이,연극",null,2,3,3,null
1,18,86,10892," 표현,예술,그리고시대정신",null,1,3,3,null
1,18,86,10892," 표현,예술,그리고시대정신",null,2,3,3,null
1,18,86,10152, 한국미술의이해,null,1,3,3,null
1,18,86,10152, 한국미술의이해,null,2,3,3,null
1,18,86,11333," 한국사와상상력,스토리텔링",null,1,3,3,null
1,18,86,11333," 한국사와상상력,스토리텔링",null,2,3,3,null
1,18,86,10883, 한국의문화공간과예술,null,1,3,3,null
1,18,86,10883, 한국의문화공간과예술,null,2,3,3,null
1,18,86,10165, 현대미술사,null,1,3,3,null
1,18,86,10165, 현대미술사,null,2,3,3,null
1,18,86,11330, Reading American Popular Culture in the Digital Age,null,1,3,3,null
1,18,86,11330, Reading American Popular Culture in the Digital Age,null,2,3,3,null
1,18,86,11265, 음악과건강,null,1,3,3,null
1,18,86,11265, 음악과건강,null,2,3,3,null
1,18,86,11116, Introduction to World Music and Culture,null,1,3,3,null
1,18,86,11116, Introduction to World Music and Culture,null,2,3,3,null
1,18,87,11190, The Art of Thinking,null,1,3,3,null
1,18,87,11190, The Art of Thinking,null,2,3,3,null
1,18,87,10545, 근대일본과동아시아,null,1,3,3,null
1,18,87,10545, 근대일본과동아시아,null,2,3,3,null
1,18,87,11046, 동서양의인간이해,null,1,3,3,null
1,18,87,11046, 동서양의인간이해,null,2,3,3,null
1,18,87,10034, 동양철학의이해,null,1,3,3,null
1,18,87,10034, 동양철학의이해,null,2,3,3,null
1,18,87,10769, 모던/포스트모던문화읽기,null,1,3,3,null
1,18,87,10769, 모던/포스트모던문화읽기,null,2,3,3,null
1,18,87,11056, 문화로읽는한국사,null,1,3,3,null
1,18,87,11056, 문화로읽는한국사,null,2,3,3,null
1,18,87,11185, 문화와예술을통해본르네상스역사,null,1,3,3,null
1,18,87,11185, 문화와예술을통해본르네상스역사,null,2,3,3,null
1,18,87,10772, 여성과사회정의,null,1,3,3,null
1,18,87,10772, 여성과사회정의,null,2,3,3,null
1,18,87,11054, 연어프로젝트:한국여성나의뿌리를찾아서 ,null,1,3,3,null
1,18,87,11054, 연어프로젝트:한국여성나의뿌리를찾아서 ,null,2,3,3,null
1,18,87,10108, 인간과종교,null,1,3,3,null
1,18,87,10108, 인간과종교,null,2,3,3,null
1,18,87,11041, 인간과철학적사유,null,1,3,3,null
1,18,87,11041, 인간과철학적사유,null,2,3,3,null
1,18,87,11293, 인물로본중국의역사,null,1,3,3,null
1,18,87,11293, 인물로본중국의역사,null,2,3,3,null
1,18,87,10581, 인물로본한국사,null,1,3,3,null
1,18,87,10581, 인물로본한국사,null,2,3,3,null
1,18,87,11078, 젠더와역사,null,1,3,3,null
1,18,87,11078, 젠더와역사,null,2,3,3,null
1,18,87,10767, 종교와문화,null,1,3,3,null
1,18,87,10767, 종교와문화,null,2,3,3,null
1,18,87,11057, 주제로살펴보는서양근현대사,null,1,3,3,null
1,18,87,11057, 주제로살펴보는서양근현대사,null,2,3,3,null
1,18,87,10544, 중국의역사와문화,null,1,3,3,null
1,18,87,10544, 중국의역사와문화,null,2,3,3,null
1,18,87,11297, 질병치료와백신의역사,null,1,3,3,null
1,18,87,11297, 질병치료와백신의역사,null,2,3,3,null
1,18,87,11189, 철학의은유들,null,1,3,3,null
1,18,87,11189, 철학의은유들,null,2,3,3,null
1,18,87,11045, 패러다임전환과비판이론,null,1,3,3,null
1,18,87,11045, 패러다임전환과비판이론,null,2,3,3,null
1,18,87,10149, 한국근현대사 ,null,1,3,3,null
1,18,87,10149, 한국근현대사 ,null,2,3,3,null
1,18,87,11058, 한국사의새로운이해,null,1,3,3,null
1,18,87,11058, 한국사의새로운이해,null,2,3,3,null
1,18,87,11186, Evolutionary Origin of Humans,null,1,3,3,null
1,18,87,11186, Evolutionary Origin of Humans,null,2,3,3,null
1,18,87,11295, 인공지능시대의과학과종교,null,1,3,3,null
1,18,87,11295, 인공지능시대의과학과종교,null,2,3,3,null
1,18,88,10011, 가족건강과간호,null,1,3,3,null
1,18,88,10011, 가족건강과간호,null,2,3,3,null
1,18,88,10932, 건축으로읽는사회문화사,null,1,3,3,null
1,18,88,10932, 건축으로읽는사회문화사,null,2,3,3,null
1,18,88,10013, 경영과사회,null,1,3,3,null
1,18,88,10013, 경영과사회,null,2,3,3,null
1,18,88,11068, 글로벌사회변동과쟁점지역연구,null,1,3,3,null
1,18,88,11068, 글로벌사회변동과쟁점지역연구,null,2,3,3,null
1,18,88,10913, 글로벌시대의다문화사회,null,1,3,3,null
1,18,88,10913, 글로벌시대의다문화사회,null,2,3,3,null
1,18,88,10914, 글로벌시대의아시아여성,null,1,3,3,null
1,18,88,10914, 글로벌시대의아시아여성,null,2,3,3,null
1,18,88,10091, 노동과젠더,null,1,3,3,null
1,18,88,10091, 노동과젠더,null,2,3,3,null
1,18,88,11332, 도시공간문화로읽는한국사,null,1,3,3,null
1,18,88,11332, 도시공간문화로읽는한국사,null,2,3,3,null
1,18,88,10886, 동양고전의현대적이해,null,1,3,3,null
1,18,88,10886, 동양고전의현대적이해,null,2,3,3,null
1,18,88,11292, 모방과인간,null,1,3,3,null
1,18,88,11292, 모방과인간,null,2,3,3,null
1,18,88,11193, 법과젠더,null,1,3,3,null
1,18,88,11193, 법과젠더,null,2,3,3,null
1,18,88,10549, 북한정치의이해,null,1,3,3,null
1,18,88,10549, 북한정치의이해,null,2,3,3,null
1,18,88,10548, 북한주민의문화와생활,null,1,3,3,null
1,18,88,10548, 북한주민의문화와생활,null,2,3,3,null
1,18,88,10929, 브레인스펙트럼,null,1,3,3,null
1,18,88,10929, 브레인스펙트럼,null,2,3,3,null
1,18,88,10573, 생명윤리와법,null,1,3,3,null
1,18,88,10573, 생명윤리와법,null,2,3,3,null
1,18,88,10074, 성문화연구,null,1,3,3,null
1,18,88,10074, 성문화연구,null,2,3,3,null
1,18,88,10081, 시민생활과법,null,1,3,3,null
1,18,88,10081, 시민생활과법,null,2,3,3,null
1,18,88,10094, 여성학,null,1,3,3,null
1,18,88,10094, 여성학,null,2,3,3,null
1,18,88,11089, 여행과지리:글로벌화의지역탐색,null,1,3,3,null
1,18,88,11089, 여행과지리:글로벌화의지역탐색,null,2,3,3,null
1,18,88,10908, 영상이미지와젠더,null,1,3,3,null
1,18,88,10908, 영상이미지와젠더,null,2,3,3,null
1,18,88,10904, 우리사회의문제와쟁점찾기,null,1,3,3,null
1,18,88,10904, 우리사회의문제와쟁점찾기,null,2,3,3,null
1,18,88,10109, 인간발달과가족,null,1,3,3,null
1,18,88,10109, 인간발달과가족,null,2,3,3,null
1,18,88,10903, 인간발달과문화의다양성,null,1,3,3,null
1,18,88,10903, 인간발달과문화의다양성,null,2,3,3,null
1,18,88,11114, 인간은왜춤을추는가,null,1,3,3,null
1,18,88,11114, 인간은왜춤을추는가,null,2,3,3,null
1,18,88,11103, 인터넷과법,null,1,3,3,null
1,18,88,11103, 인터넷과법,null,2,3,3,null
1,18,88,11104, 죄와벌,null,1,3,3,null
1,18,88,11104, 죄와벌,null,2,3,3,null
1,18,88,10905, 지구촌의사회복지,null,1,3,3,null
1,18,88,10905, 지구촌의사회복지,null,2,3,3,null
1,18,88,11105, 직업세계와법,null,1,3,3,null
1,18,88,11105, 직업세계와법,null,2,3,3,null
1,18,88,11039, 키워드로읽는중국문화,null,1,3,3,null
1,18,88,11039, 키워드로읽는중국문화,null,2,3,3,null
1,18,88,10887, 현대중국의사회와문화,null,1,3,3,null
1,18,88,10887, 현대중국의사회와문화,null,2,3,3,null
1,18,88,11162, Middle Eastern Political Theology: Religious Sources,null,1,3,3,null
1,18,88,11162, Middle Eastern Political Theology: Religious Sources,null,2,3,3,null
1,18,88,11259, SDGs시대글로벌보건협력:개발도상국의보건의료현황과국제사회의지원,null,1,3,3,null
1,18,88,11259, SDGs시대글로벌보건협력:개발도상국의보건의료현황과국제사회의지원,null,2,3,3,null
1,18,88,11161, Social and Cultural Impact of Video Games,null,1,3,3,null
1,18,88,11161, Social and Cultural Impact of Video Games,null,2,3,3,null
1,18,88,11296, 청춘의아픔과치유:행복인문학,null,1,3,3,null
1,18,88,11296, 청춘의아픔과치유:행복인문학,null,2,3,3,null
1,18,88,10181, 환경과인간,null,1,3,3,null
1,18,88,10181, 환경과인간,null,2,3,3,null
1,18,88,11188, Introduction to Ethnic Conflict and Management,null,1,3,3,null
1,18,88,11188, Introduction to Ethnic Conflict and Management,null,2,3,3,null
1,18,88,11163, Literacy in the 21st Century,null,1,3,3,null
1,18,88,11163, Literacy in the 21st Century,null,2,3,3,null
1,18,88,10949, 국제구호와개발협력,null,1,3,3,null
1,18,88,10949, 국제구호와개발협력,null,2,3,3,null
1,18,88,11106, 글로벌시민의이해와리더십,null,1,3,3,null
1,18,88,11106, 글로벌시민의이해와리더십,null,2,3,3,null
1,18,88,10933, 대학생의성건강,null,1,3,3,null
1,18,88,10933, 대학생의성건강,null,2,3,3,null
1,18,88,11308, 데이터로고전읽기,null,1,3,3,null
1,18,88,11308, 데이터로고전읽기,null,2,3,3,null
1,18,88,11079, 장애와사회,null,1,3,3,null
1,18,88,11079, 장애와사회,null,2,3,3,null
1,18,89,11154, 사물인터넷개론,null,1,3,3,null
1,18,89,11154, 사물인터넷개론,null,2,3,3,null
1,18,89,10556, 인터넷과소셜컴퓨팅,null,1,3,3,null
1,18,89,10556, 인터넷과소셜컴퓨팅,null,2,3,3,null
1,18,89,11160, 정보기술과미래사회,null,1,3,3,null
1,18,89,11160, 정보기술과미래사회,null,2,3,3,null
1,18,89,10123, 정보사회와인터넷윤리,null,1,3,3,null
1,18,89,10123, 정보사회와인터넷윤리,null,2,3,3,null
1,18,89,10930, Behavior of Animals,null,1,3,3,null
1,18,89,10930, Behavior of Animals,null,2,3,3,null
1,18,89,11111, SF영화로배우는철학,null,1,3,3,null
1,18,89,11111, SF영화로배우는철학,null,2,3,3,null
1,18,89,11155, 과학과허구,null,1,3,3,null
1,18,89,11155, 과학과허구,null,2,3,3,null
1,18,89,11101, 과학과문화의커뮤니케이션,null,1,3,3,null
1,18,89,11101, 과학과문화의커뮤니케이션,null,2,3,3,null
1,18,89,11043, 글로벌사회의기록과정보,null,1,3,3,null
1,18,89,11043, 글로벌사회의기록과정보,null,2,3,3,null
1,18,89,10776, 글로벌시민을위한과학소양,null,1,3,3,null
1,18,89,10776, 글로벌시민을위한과학소양,null,2,3,3,null
1,18,89,11044, 디지털네이티브와검색엔진,null,1,3,3,null
1,18,89,11044, 디지털네이티브와검색엔진,null,2,3,3,null
1,18,89,11152, 모바일멀티미디어프로그래밍,null,1,3,3,null
1,18,89,11152, 모바일멀티미디어프로그래밍,null,2,3,3,null
1,18,89,10559, 미래를위한환경의이해,null,1,3,3,null
1,18,89,10559, 미래를위한환경의이해,null,2,3,3,null
1,18,89,11191, 식물의모든것,null,1,3,3,null
1,18,89,11191, 식물의모든것,null,2,3,3,null
1,18,89,10052, 약과건강,null,1,3,3,null
1,18,89,10052, 약과건강,null,2,3,3,null
1,18,89,11102," 에너지의이해,이용,실천",null,1,3,3,null
1,18,89,11102," 에너지의이해,이용,실천",null,2,3,3,null
1,18,89,11257, 에피소드로보는과학철학,null,1,3,3,null
1,18,89,11257, 에피소드로보는과학철학,null,2,3,3,null
1,18,89,10910, 위험판단심리학,null,1,3,3,null
1,18,89,10910, 위험판단심리학,null,2,3,3,null
1,18,89,10104, 응용통계입문,null,1,3,3,null
1,18,89,10104, 응용통계입문,null,2,3,3,null
1,18,89,11336, 인공지능과인간,null,1,3,3,null
1,18,89,11336, 인공지능과인간,null,2,3,3,null
1,18,89,11261, 인공지능시대의정보산업이해,null,1,3,3,null
1,18,89,11261, 인공지능시대의정보산업이해,null,2,3,3,null
1,18,89,11156," 자연과의대화,환경생태",null,1,3,3,null
1,18,89,11156," 자연과의대화,환경생태",null,2,3,3,null
1,18,89,11096, 정보화사회와통계,null,1,3,3,null
1,18,89,11096, 정보화사회와통계,null,2,3,3,null
1,18,89,10135, 지구의역사,null,1,3,3,null
1,18,89,10135, 지구의역사,null,2,3,3,null
1,18,89,11042, 컴퓨터와마음,null,1,3,3,null
1,18,89,11042, 컴퓨터와마음,null,2,3,3,null
1,18,89,11145, 크리에이티브컴퓨팅,null,1,3,3,null
1,18,89,11145, 크리에이티브컴퓨팅,null,2,3,3,null
1,18,89,10164, 현대물리학과인간사고의변혁,null,1,3,3,null
1,18,89,10164, 현대물리학과인간사고의변혁,null,2,3,3,null
1,18,89,11157, 환경재난과국제협력,null,1,3,3,null
1,18,89,11157, 환경재난과국제협력,null,2,3,3,null
1,18,89,11159, General Biology,null,1,3,3,null
1,18,89,11159, General Biology,null,2,3,3,null
1,18,89,11262, 생활속의미생물,null,1,3,3,null
1,18,89,11262, 생활속의미생물,null,2,3,3,null
1,18,89,11187, 빅데이터사회와정보활용,null,1,3,3,null
1,18,89,11187, 빅데이터사회와정보활용,null,2,3,3,null
1,18,89,11264, 세계의자연유산과지오투어리즘,null,1,3,3,null
1,18,89,11264, 세계의자연유산과지오투어리즘,null,2,3,3,null
1,18,89,11098, 주거로보는건축문화,null,1,3,3,null
1,18,89,11098, 주거로보는건축문화,null,2,3,3,null
1,18,90,11208, IT융합설계개론,null,1,3,3,null
1,18,90,11208, IT융합설계개론,null,2,3,3,null
1,18,90,11309, 문제해결과SW프로그래밍,null,1,3,3,null
1,18,90,11309, 문제해결과SW프로그래밍,null,2,3,3,null
1,18,90,11214, 간호와휴머니즘,null,1,3,3,null
1,18,90,11214, 간호와휴머니즘,null,2,3,3,null
1,18,90,11206, 계산의기초와융합적문제해결,null,1,3,3,null
1,18,90,11206, 계산의기초와융합적문제해결,null,2,3,3,null
1,18,90,11207, 과학자를위한기초현대통계학론,null,1,3,3,null
1,18,90,11207, 과학자를위한기초현대통계학론,null,2,3,3,null
1,18,90,11210, 교육커뮤니케이션의이해와실제,null,1,3,3,null
1,18,90,11210, 교육커뮤니케이션의이해와실제,null,2,3,3,null
1,18,90,11212, 글로벌커리어개발과기업가정신,null,1,3,3,null
1,18,90,11212, 글로벌커리어개발과기업가정신,null,2,3,3,null
1,18,90,11204, 논리로과학읽기,null,1,3,3,null
1,18,90,11204, 논리로과학읽기,null,2,3,3,null
1,18,90,11209, 시각적사고를통한일상의문화와트랜드,null,1,3,3,null
1,18,90,11209, 시각적사고를통한일상의문화와트랜드,null,2,3,3,null
1,18,90,11263, 예술과기술,null,1,3,3,null
1,18,90,11263, 예술과기술,null,2,3,3,null
1,18,90,11233, 음악과테크놀로지,null,1,3,3,null
1,18,90,11233, 음악과테크놀로지,null,2,3,3,null
1,18,90,11235, 의료생명분야에서의컴퓨터적사고,null,1,3,3,null
1,18,90,11235, 의료생명분야에서의컴퓨터적사고,null,2,3,3,null
1,18,90,11213, 질병과몸의역사,null,1,3,3,null
1,18,90,11213, 질병과몸의역사,null,2,3,3,null
1,18,90,11205, 컴퓨터과학적인식과문제해결,null,1,3,3,null
1,18,90,11205, 컴퓨터과학적인식과문제해결,null,2,3,3,null
1,18,90,11232, 컴퓨터적사고와이해,null,1,3,3,null
1,18,90,11232, 컴퓨터적사고와이해,null,2,3,3,null
1,18,90,11234, 컴퓨터적사고와조형적활용,null,1,3,3,null
1,18,90,11234, 컴퓨터적사고와조형적활용,null,2,3,3,null
1,18,90,11211, 컴퓨팅적사고와프로그래밍,null,1,3,3,null
1,18,90,11211, 컴퓨팅적사고와프로그래밍,null,2,3,3,null
1,18,90,11215, 통합적분쟁이해와조정,null,1,3,3,null
1,18,90,11215, 통합적분쟁이해와조정,null,2,3,3,null
1,18,90,11260, 기업가정신과기술혁신,null,1,3,3,null
1,18,91,37191,외국어로서의한국어학,1,1,3,3,null
1,18,91,33486,한국현대문학의이해,1,1,3,3,null
1,18,91,35067,한국문학의세계,1,2,3,3,null
1,18,91,20025,한국인의언어구조,1,2,3,3,null
1,18,91,36818,언어와여성,2,1,3,3,null
1,18,91,33574,한국고전소설읽기,2,1,3,3,null
1,18,91,36819,한국문학과세계문학,2,1,3,3,null
1,18,91,20024,한국어형태론,2,1,3,3,null
1,18,91,33572,한국현대문학비평의실제,2,1,3,3,null
1,18,91,20028,한국현대소설론,2,1,3,3,null
1,18,91,20016,창작의이론과실기,2,2,3,3,null
1,18,91,33577,한국어음운과문자,2,2,3,3,null
1,18,91,33576,한국한문고전강독,2,2,3,3,null
1,18,91,33575,한국현대시읽기,2,2,3,3,null
1,18,91,37714,현장실습1,3,1,0,1,null
1,18,91,37714,현장실습1,3,2,0,1,null
1,18,91,37715,현장실습2,3,1,0,2,null
1,18,91,37715,현장실습2,3,2,0,2,null
1,18,91,33207,문예창작론,3,1,3,3,null
1,18,91,20014,시조가사론,3,1,3,3,null
1,18,91,33209,우리옛말강독,3,1,3,3,null
1,18,91,33580,한국구비문학의세계,3,1,3,3,null
1,18,91,33211,한국어의미론,3,1,3,3,null
1,18,91,36820,이야기와스토리텔링,3,2,3,3,null
1,18,91,33582,한국고전소설의세계,3,2,3,3,null
1,18,91,38029,한국어능력개발의이론과실제,3,2,3,3,null
1,18,91,33579,한국어의문장구조,3,2,3,3,null
1,18,91,37192,한국현대서사와젠더,3,2,3,3,null
1,18,91,33573,한국현대소설작가연구,3,2,3,3,null
1,18,91,33581,희곡의이론과분석,3,2,3,3,null
1,18,91,38031,전공설계심화2,4,1,null,3,null
1,18,91,38031,전공설계심화2,4,2,null,3,null
1,18,91,38032,전공설계심화3,4,1,null,3,null
1,18,91,38032,전공설계심화3,4,2,null,3,null
1,18,91,38030,전공설계심화1,4,1,null,3,null
1,18,91,38030,전공설계심화1,4,2,null,3,null
1,18,91,37193,고전문학과현대문화,4,1,3,3,null
1,18,91,33583,한국어의뿌리와역사,4,1,3,3,null
1,18,91,20026,한국한문학의세계,4,1,3,3,null
1,18,91,20031,한국현대시론,4,1,3,3,null
1,18,91,20012,문학연구방법론,4,2,3,3,null
1,18,91,37194,창의적글쓰기와문화예술:캡스톤디자인,4,2,3,3,null
1,18,91,33584,향가와고려가요,4,2,3,3,null
1,18,91,35070,화법과미디어언어,4,2,3,3,null
1,19,92,10023, 기독교와세계,1,1,3,3,null
1,19,92,10023, 기독교와세계,1,2,3,3,null
1,19,93,11256, 공존과협력의유토피아,1,1,3,2,null
1,19,93,11256, 공존과협력의유토피아,1,2,3,2,null
1,19,93,11254, 관계의미학:사랑과윤리,1,1,3,2,null
1,19,93,11254, 관계의미학:사랑과윤리,1,2,3,2,null
1,19,93,11095, 나눔리더십,1,1,3,2,null
1,19,93,11095, 나눔리더십,1,2,3,2,null
1,19,93,11253, 나눔의인간학,1,1,3,2,null
1,19,93,11253, 나눔의인간학,1,2,3,2,null
1,19,93,11252, 청춘의자기이해,1,1,3,2,null
1,19,93,11252, 청춘의자기이해,1,2,3,2,null
1,19,93,11255, 호모엠파티쿠스:소통·공감·신뢰,1,1,3,2,null
1,19,93,11255, 호모엠파티쿠스:소통·공감·신뢰,1,2,3,2,null
1,19,94,10021, 우리말과글쓰기,1,1,3,3,null
1,19,94,10021, 우리말과글쓰기,1,2,3,3,null
1,19,95,11094, 고전읽기와글쓰기,1,1,3,2,10021
1,19,95,11094, 고전읽기와글쓰기,1,2,3,2,10021
1,19,95,11250,사이보그와이미지의권력,2,1,3,2,10021
1,19,95,11250,사이보그와이미지의권력,2,2,3,2,10021
1,19,95,11249,역사와철학으로질문던지기,2,1,3,2,10021
1,19,95,11249,역사와철학으로질문던지기,2,1,3,2,10021
1,19,95,11248,읽기와쓰기의다이내미즘,2,2,3,2,10021
1,19,95,11248,읽기와쓰기의다이내미즘,2,1,3,2,10021
1,19,96,10098, 대학영어,1,1,3,3,null
1,19,96,10098, 대학영어,1,2,3,3,null
1,19,96,10099, 고급영어,1,1,3,3,null
1,19,96,10099, 고급영어,1,2,3,3,null
1,19,97,11036, 중국어Ⅰ,1,1,3,2,null
1,19,97,11037, 중국어Ⅱ,1,2,3,2,null
1,19,97,11073, 프랑스어Ⅰ,1,1,3,2,null
1,19,97,11074, 프랑스어Ⅱ,1,2,3,2,null
1,19,97,11033, 독일어Ⅰ,1,1,3,2,null
1,19,97,11034, 독일어Ⅱ,1,2,3,2,null
1,19,97,11091, 일본어Ⅰ,1,1,3,2,null
1,19,97,11092, 일본어Ⅱ,1,2,3,2,null
1,19,97,11066, 스페인어Ⅰ,1,1,3,2,null
1,19,97,11067, 스페인어Ⅱ,1,2,3,2,null
1,19,97,11064, 러시아어Ⅰ,1,1,3,2,null
1,19,97,11065, 러시아어Ⅱ,1,2,3,2,null
1,19,98,11053, 21세기사회와문학의대화,null,1,3,3,null
1,19,98,11053, 21세기사회와문학의대화,null,2,3,3,null
1,19,98,11183, The Story of Human Language,null,1,3,3,null
1,19,98,11183, The Story of Human Language,null,2,3,3,null
1,19,98,11165, Topics in Multiethnic American Literature,null,1,3,3,null
1,19,98,11165, Topics in Multiethnic American Literature,null,2,3,3,null
1,19,98,11112, 다매체시대의비교문학,null,1,3,3,null
1,19,98,11112, 다매체시대의비교문학,null,2,3,3,null
1,19,98,11108, 동아시아문학으로문화읽기,null,1,3,3,null
1,19,98,11108, 동아시아문학으로문화읽기,null,2,3,3,null
1,19,98,11038, 디지털미디어시대의동아시아문자,null,1,3,3,null
1,19,98,11038, 디지털미디어시대의동아시아문자,null,2,3,3,null
1,19,98,10950, 디지털스토리텔링의이해,null,1,3,3,null
1,19,98,10950, 디지털스토리텔링의이해,null,2,3,3,null
1,19,98,10041, 문학과삶,null,1,3,3,null
1,19,98,10041, 문학과삶,null,2,3,3,null
1,19,98,10654, 문학과영화,null,1,3,3,null
1,19,98,10654, 문학과영화,null,2,3,3,null
1,19,98,11148, 문학으로보는사랑의역사,null,1,3,3,null
1,19,98,11148, 문학으로보는사랑의역사,null,2,3,3,null
1,19,98,11184, 문학으로함께배우는매체/이야기,null,1,3,3,null
1,19,98,11184, 문학으로함께배우는매체/이야기,null,2,3,3,null
1,19,98,11146, 문화로읽는현대시의세계,null,1,3,3,null
1,19,98,11146, 문화로읽는현대시의세계,null,1,3,3,null
1,19,98,11147, 사이언스픽션의이해,null,1,3,3,null
1,19,98,11147, 사이언스픽션의이해,null,2,3,3,null
1,19,98,11297, 생태와문학,null,1,3,3,null
1,19,98,11297, 생태와문학,null,2,3,3,null
1,19,98,10768, 신화·상상력·문화,null,1,3,3,null
1,19,98,10768, 신화·상상력·문화,null,2,3,3,null
1,19,98,11109, 여행문학과세계인식,null,1,3,3,null
1,19,98,11109, 여행문학과세계인식,null,2,3,3,null
1,19,98,10882, 인간과언어,null,1,3,3,null
1,19,98,10882, 인간과언어,null,2,3,3,null
1,19,98,11258, 자연과문학,null,1,3,3,null
1,19,98,11258, 자연과문학,null,2,3,3,null
1,19,98,10543, 한국현대시와삶읽기,null,1,3,3,null
1,19,98,10543, 한국현대시와삶읽기,null,2,3,3,null
1,19,98,11134, 현대영어권문학의동향,null,1,3,3,null
1,19,98,11134, 현대영어권문학의동향,null,2,3,3,null
1,19,98,10896, 환상문학의세계,null,1,3,3,null
1,19,98,10896, 환상문학의세계,null,2,3,3,null
1,19,98,11334, Critical and Creative Textual Studies,null,1,3,3,null
1,19,98,11334, Critical and Creative Textual Studies,null,2,3,3,null
1,19,98,11335, Technical Writing and Document Design in English,null,1,3,3,null
1,19,98,11335, Technical Writing and Document Design in English,null,2,3,3,null
1,19,99,11107, 21세기의예술과인간,null,1,3,3,null
1,19,99,11107, 21세기의예술과인간,null,2,3,3,null
1,19,99,11164, Contemporary Photography,null,1,3,3,null
1,19,99,11164, Contemporary Photography,null,2,3,3,null
1,19,99,10018, 국악의이해,null,1,3,3,null
1,19,99,10018, 국악의이해,null,2,3,3,null
1,19,99,10033, 동양미술의이해,null,1,3,3,null
1,19,99,10033, 동양미술의이해,null,2,3,3,null
1,19,99,10778, 디지털매체와예술,null,1,3,3,null
1,19,99,10778, 디지털매체와예술,null,2,3,3,null
1,19,99,10576, 무용의이해,null,1,3,3,null
1,19,99,10576, 무용의이해,null,2,3,3,null
1,19,99,11153, 문화콘텐츠기획의이해,null,1,3,3,null
1,19,99,11153, 문화콘텐츠기획의이해,null,2,3,3,null
1,19,99,11328, 미술로치유하는마음,null,1,3,3,null
1,19,99,11328, 미술로치유하는마음,null,2,3,3,null
1,19,99,11083, 미학과미술,null,1,3,3,null
1,19,99,11083, 미학과미술,null,2,3,3,null
1,19,99,11135, 사물과예술,null,1,3,3,null
1,19,99,11135, 사물과예술,null,2,3,3,null
1,19,99,11329, 색채의이해,null,1,3,3,null
1,19,99,11329, 색채의이해,null,2,3,3,null
1,19,99,10072, 서양미술의이해,null,1,3,3,null
1,19,99,10072, 서양미술의이해,null,2,3,3,null
1,19,99,10073, 서양음악의이해,null,1,3,3,null
1,19,99,10073, 서양음악의이해,null,2,3,3,null
1,19,99,11084, 시각문화로서미술작품읽기,null,1,3,3,null
1,19,99,11084, 시각문화로서미술작품읽기,null,2,3,3,null
1,19,99,10090, 여성과예술,null,1,3,3,null
1,19,99,10090, 여성과예술,null,2,3,3,null
1,19,99,11113, 여성의몸과창조적움직임,null,1,3,3,null
1,19,99,11113, 여성의몸과창조적움직임,null,2,3,3,null
1,19,99,10097, 연극의이론과실제,null,1,3,3,null
1,19,99,10097, 연극의이론과실제,null,2,3,3,null
1,19,99,11110, 예술가와그의시대,null,1,3,3,null
1,19,99,11110, 예술가와그의시대,null,2,3,3,null
1,19,99,10100, 예술과사상,null,1,3,3,null
1,19,99,10100, 예술과사상,null,2,3,3,null
1,19,99,11055, 옛시와그림의만남,null,1,3,3,null
1,19,99,11055, 옛시와그림의만남,null,2,3,3,null
1,19,99,11075, 창조와상상의기술,null,1,3,3,null
1,19,99,11075, 창조와상상의기술,null,2,3,3,null
1,19,99,11035," 퍼포먼스인문학:제의,놀이,연극",null,1,3,3,null
1,19,99,11035," 퍼포먼스인문학:제의,놀이,연극",null,2,3,3,null
1,19,99,10892," 표현,예술,그리고시대정신",null,1,3,3,null
1,19,99,10892," 표현,예술,그리고시대정신",null,2,3,3,null
1,19,99,10152, 한국미술의이해,null,1,3,3,null
1,19,99,10152, 한국미술의이해,null,2,3,3,null
1,19,99,11333," 한국사와상상력,스토리텔링",null,1,3,3,null
1,19,99,11333," 한국사와상상력,스토리텔링",null,2,3,3,null
1,19,99,10883, 한국의문화공간과예술,null,1,3,3,null
1,19,99,10883, 한국의문화공간과예술,null,2,3,3,null
1,19,99,10165, 현대미술사,null,1,3,3,null
1,19,99,10165, 현대미술사,null,2,3,3,null
1,19,99,11330, Reading American Popular Culture in the Digital Age,null,1,3,3,null
1,19,99,11330, Reading American Popular Culture in the Digital Age,null,2,3,3,null
1,19,99,11265, 음악과건강,null,1,3,3,null
1,19,99,11265, 음악과건강,null,2,3,3,null
1,19,99,11116, Introduction to World Music and Culture,null,1,3,3,null
1,19,99,11116, Introduction to World Music and Culture,null,2,3,3,null
1,19,100,11190, The Art of Thinking,null,1,3,3,null
1,19,100,11190, The Art of Thinking,null,2,3,3,null
1,19,100,10545, 근대일본과동아시아,null,1,3,3,null
1,19,100,10545, 근대일본과동아시아,null,2,3,3,null
1,19,100,11046, 동서양의인간이해,null,1,3,3,null
1,19,100,11046, 동서양의인간이해,null,2,3,3,null
1,19,100,10034, 동양철학의이해,null,1,3,3,null
1,19,100,10034, 동양철학의이해,null,2,3,3,null
1,19,100,10769, 모던/포스트모던문화읽기,null,1,3,3,null
1,19,100,10769, 모던/포스트모던문화읽기,null,2,3,3,null
1,19,100,11056, 문화로읽는한국사,null,1,3,3,null
1,19,100,11056, 문화로읽는한국사,null,2,3,3,null
1,19,100,11185, 문화와예술을통해본르네상스역사,null,1,3,3,null
1,19,100,11185, 문화와예술을통해본르네상스역사,null,2,3,3,null
1,19,100,10772, 여성과사회정의,null,1,3,3,null
1,19,100,10772, 여성과사회정의,null,2,3,3,null
1,19,100,11054, 연어프로젝트:한국여성나의뿌리를찾아서 ,null,1,3,3,null
1,19,100,11054, 연어프로젝트:한국여성나의뿌리를찾아서 ,null,2,3,3,null
1,19,100,10108, 인간과종교,null,1,3,3,null
1,19,100,10108, 인간과종교,null,2,3,3,null
1,19,100,11041, 인간과철학적사유,null,1,3,3,null
1,19,100,11041, 인간과철학적사유,null,2,3,3,null
1,19,100,11293, 인물로본중국의역사,null,1,3,3,null
1,19,100,11293, 인물로본중국의역사,null,2,3,3,null
1,19,100,10581, 인물로본한국사,null,1,3,3,null
1,19,100,10581, 인물로본한국사,null,2,3,3,null
1,19,100,11078, 젠더와역사,null,1,3,3,null
1,19,100,11078, 젠더와역사,null,2,3,3,null
1,19,100,10767, 종교와문화,null,1,3,3,null
1,19,100,10767, 종교와문화,null,2,3,3,null
1,19,100,11057, 주제로살펴보는서양근현대사,null,1,3,3,null
1,19,100,11057, 주제로살펴보는서양근현대사,null,2,3,3,null
1,19,100,10544, 중국의역사와문화,null,1,3,3,null
1,19,100,10544, 중국의역사와문화,null,2,3,3,null
1,19,100,11297, 질병치료와백신의역사,null,1,3,3,null
1,19,100,11297, 질병치료와백신의역사,null,2,3,3,null
1,19,100,11189, 철학의은유들,null,1,3,3,null
1,19,100,11189, 철학의은유들,null,2,3,3,null
1,19,100,11045, 패러다임전환과비판이론,null,1,3,3,null
1,19,100,11045, 패러다임전환과비판이론,null,2,3,3,null
1,19,100,10149, 한국근현대사 ,null,1,3,3,null
1,19,100,10149, 한국근현대사 ,null,2,3,3,null
1,19,100,11058, 한국사의새로운이해,null,1,3,3,null
1,19,100,11058, 한국사의새로운이해,null,2,3,3,null
1,19,100,11186, Evolutionary Origin of Humans,null,1,3,3,null
1,19,100,11186, Evolutionary Origin of Humans,null,2,3,3,null
1,19,100,11295, 인공지능시대의과학과종교,null,1,3,3,null
1,19,100,11295, 인공지능시대의과학과종교,null,2,3,3,null
1,19,101,10011, 가족건강과간호,null,1,3,3,null
1,19,101,10011, 가족건강과간호,null,2,3,3,null
1,19,101,10932, 건축으로읽는사회문화사,null,1,3,3,null
1,19,101,10932, 건축으로읽는사회문화사,null,2,3,3,null
1,19,101,10013, 경영과사회,null,1,3,3,null
1,19,101,10013, 경영과사회,null,2,3,3,null
1,19,101,11068, 글로벌사회변동과쟁점지역연구,null,1,3,3,null
1,19,101,11068, 글로벌사회변동과쟁점지역연구,null,2,3,3,null
1,19,101,10913, 글로벌시대의다문화사회,null,1,3,3,null
1,19,101,10913, 글로벌시대의다문화사회,null,2,3,3,null
1,19,101,10914, 글로벌시대의아시아여성,null,1,3,3,null
1,19,101,10914, 글로벌시대의아시아여성,null,2,3,3,null
1,19,101,10091, 노동과젠더,null,1,3,3,null
1,19,101,10091, 노동과젠더,null,2,3,3,null
1,19,101,11332, 도시공간문화로읽는한국사,null,1,3,3,null
1,19,101,11332, 도시공간문화로읽는한국사,null,2,3,3,null
1,19,101,10886, 동양고전의현대적이해,null,1,3,3,null
1,19,101,10886, 동양고전의현대적이해,null,2,3,3,null
1,19,101,11292, 모방과인간,null,1,3,3,null
1,19,101,11292, 모방과인간,null,2,3,3,null
1,19,101,11193, 법과젠더,null,1,3,3,null
1,19,101,11193, 법과젠더,null,2,3,3,null
1,19,101,10549, 북한정치의이해,null,1,3,3,null
1,19,101,10549, 북한정치의이해,null,2,3,3,null
1,19,101,10548, 북한주민의문화와생활,null,1,3,3,null
1,19,101,10548, 북한주민의문화와생활,null,2,3,3,null
1,19,101,10929, 브레인스펙트럼,null,1,3,3,null
1,19,101,10929, 브레인스펙트럼,null,2,3,3,null
1,19,101,10573, 생명윤리와법,null,1,3,3,null
1,19,101,10573, 생명윤리와법,null,2,3,3,null
1,19,101,10074, 성문화연구,null,1,3,3,null
1,19,101,10074, 성문화연구,null,2,3,3,null
1,19,101,10081, 시민생활과법,null,1,3,3,null
1,19,101,10081, 시민생활과법,null,2,3,3,null
1,19,101,10094, 여성학,null,1,3,3,null
1,19,101,10094, 여성학,null,2,3,3,null
1,19,101,11089, 여행과지리:글로벌화의지역탐색,null,1,3,3,null
1,19,101,11089, 여행과지리:글로벌화의지역탐색,null,2,3,3,null
1,19,101,10908, 영상이미지와젠더,null,1,3,3,null
1,19,101,10908, 영상이미지와젠더,null,2,3,3,null
1,19,101,10904, 우리사회의문제와쟁점찾기,null,1,3,3,null
1,19,101,10904, 우리사회의문제와쟁점찾기,null,2,3,3,null
1,19,101,10109, 인간발달과가족,null,1,3,3,null
1,19,101,10109, 인간발달과가족,null,2,3,3,null
1,19,101,10903, 인간발달과문화의다양성,null,1,3,3,null
1,19,101,10903, 인간발달과문화의다양성,null,2,3,3,null
1,19,101,11114, 인간은왜춤을추는가,null,1,3,3,null
1,19,101,11114, 인간은왜춤을추는가,null,2,3,3,null
1,19,101,11103, 인터넷과법,null,1,3,3,null
1,19,101,11103, 인터넷과법,null,2,3,3,null
1,19,101,11104, 죄와벌,null,1,3,3,null
1,19,101,11104, 죄와벌,null,2,3,3,null
1,19,101,10905, 지구촌의사회복지,null,1,3,3,null
1,19,101,10905, 지구촌의사회복지,null,2,3,3,null
1,19,101,11105, 직업세계와법,null,1,3,3,null
1,19,101,11105, 직업세계와법,null,2,3,3,null
1,19,101,11039, 키워드로읽는중국문화,null,1,3,3,null
1,19,101,11039, 키워드로읽는중국문화,null,2,3,3,null
1,19,101,10887, 현대중국의사회와문화,null,1,3,3,null
1,19,101,10887, 현대중국의사회와문화,null,2,3,3,null
1,19,101,11162, Middle Eastern Political Theology: Religious Sources,null,1,3,3,null
1,19,101,11162, Middle Eastern Political Theology: Religious Sources,null,2,3,3,null
1,19,101,11259, SDGs시대글로벌보건협력:개발도상국의보건의료현황과국제사회의지원,null,1,3,3,null
1,19,101,11259, SDGs시대글로벌보건협력:개발도상국의보건의료현황과국제사회의지원,null,2,3,3,null
1,19,101,11161, Social and Cultural Impact of Video Games,null,1,3,3,null
1,19,101,11161, Social and Cultural Impact of Video Games,null,2,3,3,null
1,19,101,11296, 청춘의아픔과치유:행복인문학,null,1,3,3,null
1,19,101,11296, 청춘의아픔과치유:행복인문학,null,2,3,3,null
1,19,101,10181, 환경과인간,null,1,3,3,null
1,19,101,10181, 환경과인간,null,2,3,3,null
1,19,101,11188, Introduction to Ethnic Conflict and Management,null,1,3,3,null
1,19,101,11188, Introduction to Ethnic Conflict and Management,null,2,3,3,null
1,19,101,11163, Literacy in the 21st Century,null,1,3,3,null
1,19,101,11163, Literacy in the 21st Century,null,2,3,3,null
1,19,101,10949, 국제구호와개발협력,null,1,3,3,null
1,19,101,10949, 국제구호와개발협력,null,2,3,3,null
1,19,101,11106, 글로벌시민의이해와리더십,null,1,3,3,null
1,19,101,11106, 글로벌시민의이해와리더십,null,2,3,3,null
1,19,101,10933, 대학생의성건강,null,1,3,3,null
1,19,101,10933, 대학생의성건강,null,2,3,3,null
1,19,101,11308, 데이터로고전읽기,null,1,3,3,null
1,19,101,11308, 데이터로고전읽기,null,2,3,3,null
1,19,101,11079, 장애와사회,null,1,3,3,null
1,19,101,11079, 장애와사회,null,2,3,3,null
1,19,102,11154, 사물인터넷개론,null,1,3,3,null
1,19,102,11154, 사물인터넷개론,null,2,3,3,null
1,19,102,10556, 인터넷과소셜컴퓨팅,null,1,3,3,null
1,19,102,10556, 인터넷과소셜컴퓨팅,null,2,3,3,null
1,19,102,11160, 정보기술과미래사회,null,1,3,3,null
1,19,102,11160, 정보기술과미래사회,null,2,3,3,null
1,19,102,10123, 정보사회와인터넷윤리,null,1,3,3,null
1,19,102,10123, 정보사회와인터넷윤리,null,2,3,3,null
1,19,102,10930, Behavior of Animals,null,1,3,3,null
1,19,102,10930, Behavior of Animals,null,2,3,3,null
1,19,102,11111, SF영화로배우는철학,null,1,3,3,null
1,19,102,11111, SF영화로배우는철학,null,2,3,3,null
1,19,102,11155, 과학과허구,null,1,3,3,null
1,19,102,11155, 과학과허구,null,2,3,3,null
1,19,102,11101, 과학과문화의커뮤니케이션,null,1,3,3,null
1,19,102,11101, 과학과문화의커뮤니케이션,null,2,3,3,null
1,19,102,11043, 글로벌사회의기록과정보,null,1,3,3,null
1,19,102,11043, 글로벌사회의기록과정보,null,2,3,3,null
1,19,102,10776, 글로벌시민을위한과학소양,null,1,3,3,null
1,19,102,10776, 글로벌시민을위한과학소양,null,2,3,3,null
1,19,102,11044, 디지털네이티브와검색엔진,null,1,3,3,null
1,19,102,11044, 디지털네이티브와검색엔진,null,2,3,3,null
1,19,102,11152, 모바일멀티미디어프로그래밍,null,1,3,3,null
1,19,102,11152, 모바일멀티미디어프로그래밍,null,2,3,3,null
1,19,102,10559, 미래를위한환경의이해,null,1,3,3,null
1,19,102,10559, 미래를위한환경의이해,null,2,3,3,null
1,19,102,11191, 식물의모든것,null,1,3,3,null
1,19,102,11191, 식물의모든것,null,2,3,3,null
1,19,102,10052, 약과건강,null,1,3,3,null
1,19,102,10052, 약과건강,null,2,3,3,null
1,19,102,11102," 에너지의이해,이용,실천",null,1,3,3,null
1,19,102,11102," 에너지의이해,이용,실천",null,2,3,3,null
1,19,102,11257, 에피소드로보는과학철학,null,1,3,3,null
1,19,102,11257, 에피소드로보는과학철학,null,2,3,3,null
1,19,102,10910, 위험판단심리학,null,1,3,3,null
1,19,102,10910, 위험판단심리학,null,2,3,3,null
1,19,102,10104, 응용통계입문,null,1,3,3,null
1,19,102,10104, 응용통계입문,null,2,3,3,null
1,19,102,11336, 인공지능과인간,null,1,3,3,null
1,19,102,11336, 인공지능과인간,null,2,3,3,null
1,19,102,11261, 인공지능시대의정보산업이해,null,1,3,3,null
1,19,102,11261, 인공지능시대의정보산업이해,null,2,3,3,null
1,19,102,11156," 자연과의대화,환경생태",null,1,3,3,null
1,19,102,11156," 자연과의대화,환경생태",null,2,3,3,null
1,19,102,11096, 정보화사회와통계,null,1,3,3,null
1,19,102,11096, 정보화사회와통계,null,2,3,3,null
1,19,102,10135, 지구의역사,null,1,3,3,null
1,19,102,10135, 지구의역사,null,2,3,3,null
1,19,102,11042, 컴퓨터와마음,null,1,3,3,null
1,19,102,11042, 컴퓨터와마음,null,2,3,3,null
1,19,102,11145, 크리에이티브컴퓨팅,null,1,3,3,null
1,19,102,11145, 크리에이티브컴퓨팅,null,2,3,3,null
1,19,102,10164, 현대물리학과인간사고의변혁,null,1,3,3,null
1,19,102,10164, 현대물리학과인간사고의변혁,null,2,3,3,null
1,19,102,11157, 환경재난과국제협력,null,1,3,3,null
1,19,102,11157, 환경재난과국제협력,null,2,3,3,null
1,19,102,11159, General Biology,null,1,3,3,null
1,19,102,11159, General Biology,null,2,3,3,null
1,19,102,11262, 생활속의미생물,null,1,3,3,null
1,19,102,11262, 생활속의미생물,null,2,3,3,null
1,19,102,11187, 빅데이터사회와정보활용,null,1,3,3,null
1,19,102,11187, 빅데이터사회와정보활용,null,2,3,3,null
1,19,102,11264, 세계의자연유산과지오투어리즘,null,1,3,3,null
1,19,102,11264, 세계의자연유산과지오투어리즘,null,2,3,3,null
1,19,102,11098, 주거로보는건축문화,null,1,3,3,null
1,19,102,11098, 주거로보는건축문화,null,2,3,3,null
1,19,103,11208, IT융합설계개론,null,1,3,3,null
1,19,103,11208, IT융합설계개론,null,2,3,3,null
1,19,103,11309, 문제해결과SW프로그래밍,null,1,3,3,null
1,19,103,11309, 문제해결과SW프로그래밍,null,2,3,3,null
1,19,103,11214, 간호와휴머니즘,null,1,3,3,null
1,19,103,11214, 간호와휴머니즘,null,2,3,3,null
1,19,103,11206, 계산의기초와융합적문제해결,null,1,3,3,null
1,19,103,11206, 계산의기초와융합적문제해결,null,2,3,3,null
1,19,103,11207, 과학자를위한기초현대통계학론,null,1,3,3,null
1,19,103,11207, 과학자를위한기초현대통계학론,null,2,3,3,null
1,19,103,11210, 교육커뮤니케이션의이해와실제,null,1,3,3,null
1,19,103,11210, 교육커뮤니케이션의이해와실제,null,2,3,3,null
1,19,103,11212, 글로벌커리어개발과기업가정신,null,1,3,3,null
1,19,103,11212, 글로벌커리어개발과기업가정신,null,2,3,3,null
1,19,103,11204, 논리로과학읽기,null,1,3,3,null
1,19,103,11204, 논리로과학읽기,null,2,3,3,null
1,19,103,11209, 시각적사고를통한일상의문화와트랜드,null,1,3,3,null
1,19,103,11209, 시각적사고를통한일상의문화와트랜드,null,2,3,3,null
1,19,103,11263, 예술과기술,null,1,3,3,null
1,19,103,11263, 예술과기술,null,2,3,3,null
1,19,103,11233, 음악과테크놀로지,null,1,3,3,null
1,19,103,11233, 음악과테크놀로지,null,2,3,3,null
1,19,103,11235, 의료생명분야에서의컴퓨터적사고,null,1,3,3,null
1,19,103,11235, 의료생명분야에서의컴퓨터적사고,null,2,3,3,null
1,19,103,11213, 질병과몸의역사,null,1,3,3,null
1,19,103,11213, 질병과몸의역사,null,2,3,3,null
1,19,103,11205, 컴퓨터과학적인식과문제해결,null,1,3,3,null
1,19,103,11205, 컴퓨터과학적인식과문제해결,null,2,3,3,null
1,19,103,11232, 컴퓨터적사고와이해,null,1,3,3,null
1,19,103,11232, 컴퓨터적사고와이해,null,2,3,3,null
1,19,103,11234, 컴퓨터적사고와조형적활용,null,1,3,3,null
1,19,103,11234, 컴퓨터적사고와조형적활용,null,2,3,3,null
1,19,103,11211, 컴퓨팅적사고와프로그래밍,null,1,3,3,null
1,19,103,11211, 컴퓨팅적사고와프로그래밍,null,2,3,3,null
1,19,103,11215, 통합적분쟁이해와조정,null,1,3,3,null
1,19,103,11215, 통합적분쟁이해와조정,null,2,3,3,null
1,19,103,11260, 기업가정신과기술혁신,null,1,3,3,null
1,19,104,37191,외국어로서의한국어학,1,1,3,3,null
1,19,104,33486,한국현대문학의이해,1,1,3,3,null
1,19,104,35067,한국문학의세계,1,2,3,3,null
1,19,104,20025,한국인의언어구조,1,2,3,3,null
1,19,104,36818,언어와여성,2,1,3,3,null
1,19,104,33574,한국고전소설읽기,2,1,3,3,null
1,19,104,36819,한국문학과세계문학,2,1,3,3,null
1,19,104,20024,한국어형태론,2,1,3,3,null
1,19,104,33572,한국현대문학비평의실제,2,1,3,3,null
1,19,104,20028,한국현대소설론,2,1,3,3,null
1,19,104,20016,창작의이론과실기,2,2,3,3,null
1,19,104,33577,한국어음운과문자,2,2,3,3,null
1,19,104,33576,한국한문고전강독,2,2,3,3,null
1,19,104,33575,한국현대시읽기,2,2,3,3,null
1,19,104,37714,현장실습1,3,1,0,1,null
1,19,104,37714,현장실습1,3,2,0,1,null
1,19,104,37715,현장실습2,3,1,0,2,null
1,19,104,37715,현장실습2,3,2,0,2,null
1,19,104,33207,문예창작론,3,1,3,3,null
1,19,104,20014,시조가사론,3,1,3,3,null
1,19,104,33209,우리옛말강독,3,1,3,3,null
1,19,104,33580,한국구비문학의세계,3,1,3,3,null
1,19,104,33211,한국어의미론,3,1,3,3,null
1,19,104,36820,이야기와스토리텔링,3,2,3,3,null
1,19,104,33582,한국고전소설의세계,3,2,3,3,null
1,19,104,38029,한국어능력개발의이론과실제,3,2,3,3,null
1,19,104,33579,한국어의문장구조,3,2,3,3,null
1,19,104,37192,한국현대서사와젠더,3,2,3,3,null
1,19,104,33573,한국현대소설작가연구,3,2,3,3,null
1,19,104,33581,희곡의이론과분석,3,2,3,3,null
1,19,104,38031,전공설계심화2,4,1,null,3,null
1,19,104,38031,전공설계심화2,4,2,null,3,null
1,19,104,38032,전공설계심화3,4,1,null,3,null
1,19,104,38032,전공설계심화3,4,2,null,3,null
1,19,104,38030,전공설계심화1,4,1,null,3,null
1,19,104,38030,전공설계심화1,4,2,null,3,null
1,19,104,37193,고전문학과현대문화,4,1,3,3,null
1,19,104,33583,한국어의뿌리와역사,4,1,3,3,null
1,19,104,20026,한국한문학의세계,4,1,3,3,null
1,19,104,20031,한국현대시론,4,1,3,3,null
1,19,104,20012,문학연구방법론,4,2,3,3,null
1,19,104,37194,창의적글쓰기와문화예술:캡스톤디자인,4,2,3,3,null
1,19,104,33584,향가와고려가요,4,2,3,3,null
1,19,104,35070,화법과미디어언어,4,2,3,3,null
2,18,127,10023, 기독교와세계,1,1,3,3,null
2,18,127,10023, 기독교와세계,1,2,3,3,null
2,18,128,11256, 공존과협력의유토피아,1,1,3,2,null
2,18,128,11256, 공존과협력의유토피아,1,2,3,2,null
2,18,128,11254, 관계의미학:사랑과윤리,1,1,3,2,null
2,18,128,11254, 관계의미학:사랑과윤리,1,2,3,2,null
2,18,128,11095, 나눔리더십,1,1,3,2,null
2,18,128,11095, 나눔리더십,1,2,3,2,null
2,18,128,11253, 나눔의인간학,1,1,3,2,null
2,18,128,11253, 나눔의인간학,1,2,3,2,null
2,18,128,11252, 청춘의자기이해,1,1,3,2,null
2,18,128,11252, 청춘의자기이해,1,2,3,2,null
2,18,128,11255, 호모엠파티쿠스:소통·공감·신뢰,1,1,3,2,null
2,18,128,11255, 호모엠파티쿠스:소통·공감·신뢰,1,2,3,2,null
2,18,129,10021, 우리말과글쓰기,1,1,3,3,null
2,18,129,10021, 우리말과글쓰기,1,2,3,3,null
2,18,130,11094, 고전읽기와글쓰기,1,1,3,2,10021
2,18,130,11094, 고전읽기와글쓰기,1,2,3,2,10021
2,18,130,11250,사이보그와이미지의권력,2,1,3,2,10021
2,18,130,11250,사이보그와이미지의권력,2,2,3,2,10021
2,18,130,11249,역사와철학으로질문던지기,2,1,3,2,10021
2,18,130,11249,역사와철학으로질문던지기,2,1,3,2,10021
2,18,130,11248,읽기와쓰기의다이내미즘,2,2,3,2,10021
2,18,130,11248,읽기와쓰기의다이내미즘,2,1,3,2,10021
2,18,131,10098, 대학영어,1,1,3,3,null
2,18,131,10098, 대학영어,1,2,3,3,null
2,18,131,10099, 고급영어,1,1,3,3,null
2,18,131,10099, 고급영어,1,2,3,3,null
2,18,132,11036, 중국어Ⅰ,1,1,3,2,null
2,18,132,11037, 중국어Ⅱ,1,2,3,2,null
2,18,132,11073, 프랑스어Ⅰ,1,1,3,2,null
2,18,132,11074, 프랑스어Ⅱ,1,2,3,2,null
2,18,132,11033, 독일어Ⅰ,1,1,3,2,null
2,18,132,11034, 독일어Ⅱ,1,2,3,2,null
2,18,132,11091, 일본어Ⅰ,1,1,3,2,null
2,18,132,11092, 일본어Ⅱ,1,2,3,2,null
2,18,132,11066, 스페인어Ⅰ,1,1,3,2,null
2,18,132,11067, 스페인어Ⅱ,1,2,3,2,null
2,18,132,11064, 러시아어Ⅰ,1,1,3,2,null
2,18,132,11065, 러시아어Ⅱ,1,2,3,2,null
2,18,133,11053, 21세기사회와문학의대화,null,1,3,3,null
2,18,133,11053, 21세기사회와문학의대화,null,2,3,3,null
2,18,133,11183, The Story of Human Language,null,1,3,3,null
2,18,133,11183, The Story of Human Language,null,2,3,3,null
2,18,133,11165, Topics in Multiethnic American Literature,null,1,3,3,null
2,18,133,11165, Topics in Multiethnic American Literature,null,2,3,3,null
2,18,133,11112, 다매체시대의비교문학,null,1,3,3,null
2,18,133,11112, 다매체시대의비교문학,null,2,3,3,null
2,18,133,11108, 동아시아문학으로문화읽기,null,1,3,3,null
2,18,133,11108, 동아시아문학으로문화읽기,null,2,3,3,null
2,18,133,11038, 디지털미디어시대의동아시아문자,null,1,3,3,null
2,18,133,11038, 디지털미디어시대의동아시아문자,null,2,3,3,null
2,18,133,10950, 디지털스토리텔링의이해,null,1,3,3,null
2,18,133,10950, 디지털스토리텔링의이해,null,2,3,3,null
2,18,133,10041, 문학과삶,null,1,3,3,null
2,18,133,10041, 문학과삶,null,2,3,3,null
2,18,133,10654, 문학과영화,null,1,3,3,null
2,18,133,10654, 문학과영화,null,2,3,3,null
2,18,133,11148, 문학으로보는사랑의역사,null,1,3,3,null
2,18,133,11148, 문학으로보는사랑의역사,null,2,3,3,null
2,18,133,11184, 문학으로함께배우는매체/이야기,null,1,3,3,null
2,18,133,11184, 문학으로함께배우는매체/이야기,null,2,3,3,null
2,18,133,11146, 문화로읽는현대시의세계,null,1,3,3,null
2,18,133,11146, 문화로읽는현대시의세계,null,1,3,3,null
2,18,133,11147, 사이언스픽션의이해,null,1,3,3,null
2,18,133,11147, 사이언스픽션의이해,null,2,3,3,null
2,18,133,11297, 생태와문학,null,1,3,3,null
2,18,133,11297, 생태와문학,null,2,3,3,null
2,18,133,10768, 신화·상상력·문화,null,1,3,3,null
2,18,133,10768, 신화·상상력·문화,null,2,3,3,null
2,18,133,11109, 여행문학과세계인식,null,1,3,3,null
2,18,133,11109, 여행문학과세계인식,null,2,3,3,null
2,18,133,10882, 인간과언어,null,1,3,3,null
2,18,133,10882, 인간과언어,null,2,3,3,null
2,18,133,11258, 자연과문학,null,1,3,3,null
2,18,133,11258, 자연과문학,null,2,3,3,null
2,18,133,10543, 한국현대시와삶읽기,null,1,3,3,null
2,18,133,10543, 한국현대시와삶읽기,null,2,3,3,null
2,18,133,11134, 현대영어권문학의동향,null,1,3,3,null
2,18,133,11134, 현대영어권문학의동향,null,2,3,3,null
2,18,133,10896, 환상문학의세계,null,1,3,3,null
2,18,133,10896, 환상문학의세계,null,2,3,3,null
2,18,133,11334, Critical and Creative Textual Studies,null,1,3,3,null
2,18,133,11334, Critical and Creative Textual Studies,null,2,3,3,null
2,18,133,11335, Technical Writing and Document Design in English,null,1,3,3,null
2,18,133,11335, Technical Writing and Document Design in English,null,2,3,3,null
2,18,134,11107, 21세기의예술과인간,null,1,3,3,null
2,18,134,11107, 21세기의예술과인간,null,2,3,3,null
2,18,134,11164, Contemporary Photography,null,1,3,3,null
2,18,134,11164, Contemporary Photography,null,2,3,3,null
2,18,134,10018, 국악의이해,null,1,3,3,null
2,18,134,10018, 국악의이해,null,2,3,3,null
2,18,134,10033, 동양미술의이해,null,1,3,3,null
2,18,134,10033, 동양미술의이해,null,2,3,3,null
2,18,134,10778, 디지털매체와예술,null,1,3,3,null
2,18,134,10778, 디지털매체와예술,null,2,3,3,null
2,18,134,10576, 무용의이해,null,1,3,3,null
2,18,134,10576, 무용의이해,null,2,3,3,null
2,18,134,11153, 문화콘텐츠기획의이해,null,1,3,3,null
2,18,134,11153, 문화콘텐츠기획의이해,null,2,3,3,null
2,18,134,11328, 미술로치유하는마음,null,1,3,3,null
2,18,134,11328, 미술로치유하는마음,null,2,3,3,null
2,18,134,11083, 미학과미술,null,1,3,3,null
2,18,134,11083, 미학과미술,null,2,3,3,null
2,18,134,11135, 사물과예술,null,1,3,3,null
2,18,134,11135, 사물과예술,null,2,3,3,null
2,18,134,11329, 색채의이해,null,1,3,3,null
2,18,134,11329, 색채의이해,null,2,3,3,null
2,18,134,10072, 서양미술의이해,null,1,3,3,null
2,18,134,10072, 서양미술의이해,null,2,3,3,null
2,18,134,10073, 서양음악의이해,null,1,3,3,null
2,18,134,10073, 서양음악의이해,null,2,3,3,null
2,18,134,11084, 시각문화로서미술작품읽기,null,1,3,3,null
2,18,134,11084, 시각문화로서미술작품읽기,null,2,3,3,null
2,18,134,10090, 여성과예술,null,1,3,3,null
2,18,134,10090, 여성과예술,null,2,3,3,null
2,18,134,11113, 여성의몸과창조적움직임,null,1,3,3,null
2,18,134,11113, 여성의몸과창조적움직임,null,2,3,3,null
2,18,134,10097, 연극의이론과실제,null,1,3,3,null
2,18,134,10097, 연극의이론과실제,null,2,3,3,null
2,18,134,11110, 예술가와그의시대,null,1,3,3,null
2,18,134,11110, 예술가와그의시대,null,2,3,3,null
2,18,134,10100, 예술과사상,null,1,3,3,null
2,18,134,10100, 예술과사상,null,2,3,3,null
2,18,134,11055, 옛시와그림의만남,null,1,3,3,null
2,18,134,11055, 옛시와그림의만남,null,2,3,3,null
2,18,134,11075, 창조와상상의기술,null,1,3,3,null
2,18,134,11075, 창조와상상의기술,null,2,3,3,null
2,18,134,11035," 퍼포먼스인문학:제의,놀이,연극",null,1,3,3,null
2,18,134,11035," 퍼포먼스인문학:제의,놀이,연극",null,2,3,3,null
2,18,134,10892," 표현,예술,그리고시대정신",null,1,3,3,null
2,18,134,10892," 표현,예술,그리고시대정신",null,2,3,3,null
2,18,134,10152, 한국미술의이해,null,1,3,3,null
2,18,134,10152, 한국미술의이해,null,2,3,3,null
2,18,134,11333," 한국사와상상력,스토리텔링",null,1,3,3,null
2,18,134,11333," 한국사와상상력,스토리텔링",null,2,3,3,null
2,18,134,10883, 한국의문화공간과예술,null,1,3,3,null
2,18,134,10883, 한국의문화공간과예술,null,2,3,3,null
2,18,134,10165, 현대미술사,null,1,3,3,null
2,18,134,10165, 현대미술사,null,2,3,3,null
2,18,134,11330, Reading American Popular Culture in the Digital Age,null,1,3,3,null
2,18,134,11330, Reading American Popular Culture in the Digital Age,null,2,3,3,null
2,18,134,11265, 음악과건강,null,1,3,3,null
2,18,134,11265, 음악과건강,null,2,3,3,null
2,18,134,11116, Introduction to World Music and Culture,null,1,3,3,null
2,18,134,11116, Introduction to World Music and Culture,null,2,3,3,null
2,18,135,11190, The Art of Thinking,null,1,3,3,null
2,18,135,11190, The Art of Thinking,null,2,3,3,null
2,18,135,10545, 근대일본과동아시아,null,1,3,3,null
2,18,135,10545, 근대일본과동아시아,null,2,3,3,null
2,18,135,11046, 동서양의인간이해,null,1,3,3,null
2,18,135,11046, 동서양의인간이해,null,2,3,3,null
2,18,135,10034, 동양철학의이해,null,1,3,3,null
2,18,135,10034, 동양철학의이해,null,2,3,3,null
2,18,135,10769, 모던/포스트모던문화읽기,null,1,3,3,null
2,18,135,10769, 모던/포스트모던문화읽기,null,2,3,3,null
2,18,135,11056, 문화로읽는한국사,null,1,3,3,null
2,18,135,11056, 문화로읽는한국사,null,2,3,3,null
2,18,135,11185, 문화와예술을통해본르네상스역사,null,1,3,3,null
2,18,135,11185, 문화와예술을통해본르네상스역사,null,2,3,3,null
2,18,135,10772, 여성과사회정의,null,1,3,3,null
2,18,135,10772, 여성과사회정의,null,2,3,3,null
2,18,135,11054, 연어프로젝트:한국여성나의뿌리를찾아서 ,null,1,3,3,null
2,18,135,11054, 연어프로젝트:한국여성나의뿌리를찾아서 ,null,2,3,3,null
2,18,135,10108, 인간과종교,null,1,3,3,null
2,18,135,10108, 인간과종교,null,2,3,3,null
2,18,135,11041, 인간과철학적사유,null,1,3,3,null
2,18,135,11041, 인간과철학적사유,null,2,3,3,null
2,18,135,11293, 인물로본중국의역사,null,1,3,3,null
2,18,135,11293, 인물로본중국의역사,null,2,3,3,null
2,18,135,10581, 인물로본한국사,null,1,3,3,null
2,18,135,10581, 인물로본한국사,null,2,3,3,null
2,18,135,11078, 젠더와역사,null,1,3,3,null
2,18,135,11078, 젠더와역사,null,2,3,3,null
2,18,135,10767, 종교와문화,null,1,3,3,null
2,18,135,10767, 종교와문화,null,2,3,3,null
2,18,135,11057, 주제로살펴보는서양근현대사,null,1,3,3,null
2,18,135,11057, 주제로살펴보는서양근현대사,null,2,3,3,null
2,18,135,10544, 중국의역사와문화,null,1,3,3,null
2,18,135,10544, 중국의역사와문화,null,2,3,3,null
2,18,135,11297, 질병치료와백신의역사,null,1,3,3,null
2,18,135,11297, 질병치료와백신의역사,null,2,3,3,null
2,18,135,11189, 철학의은유들,null,1,3,3,null
2,18,135,11189, 철학의은유들,null,2,3,3,null
2,18,135,11045, 패러다임전환과비판이론,null,1,3,3,null
2,18,135,11045, 패러다임전환과비판이론,null,2,3,3,null
2,18,135,10149, 한국근현대사 ,null,1,3,3,null
2,18,135,10149, 한국근현대사 ,null,2,3,3,null
2,18,135,11058, 한국사의새로운이해,null,1,3,3,null
2,18,135,11058, 한국사의새로운이해,null,2,3,3,null
2,18,135,11186, Evolutionary Origin of Humans,null,1,3,3,null
2,18,135,11186, Evolutionary Origin of Humans,null,2,3,3,null
2,18,135,11295, 인공지능시대의과학과종교,null,1,3,3,null
2,18,135,11295, 인공지능시대의과학과종교,null,2,3,3,null
2,18,136,10011, 가족건강과간호,null,1,3,3,null
2,18,136,10011, 가족건강과간호,null,2,3,3,null
2,18,136,10932, 건축으로읽는사회문화사,null,1,3,3,null
2,18,136,10932, 건축으로읽는사회문화사,null,2,3,3,null
2,18,136,10013, 경영과사회,null,1,3,3,null
2,18,136,10013, 경영과사회,null,2,3,3,null
2,18,136,11068, 글로벌사회변동과쟁점지역연구,null,1,3,3,null
2,18,136,11068, 글로벌사회변동과쟁점지역연구,null,2,3,3,null
2,18,136,10913, 글로벌시대의다문화사회,null,1,3,3,null
2,18,136,10913, 글로벌시대의다문화사회,null,2,3,3,null
2,18,136,10914, 글로벌시대의아시아여성,null,1,3,3,null
2,18,136,10914, 글로벌시대의아시아여성,null,2,3,3,null
2,18,136,10091, 노동과젠더,null,1,3,3,null
2,18,136,10091, 노동과젠더,null,2,3,3,null
2,18,136,11332, 도시공간문화로읽는한국사,null,1,3,3,null
2,18,136,11332, 도시공간문화로읽는한국사,null,2,3,3,null
2,18,136,10886, 동양고전의현대적이해,null,1,3,3,null
2,18,136,10886, 동양고전의현대적이해,null,2,3,3,null
2,18,136,11292, 모방과인간,null,1,3,3,null
2,18,136,11292, 모방과인간,null,2,3,3,null
2,18,136,11193, 법과젠더,null,1,3,3,null
2,18,136,11193, 법과젠더,null,2,3,3,null
2,18,136,10549, 북한정치의이해,null,1,3,3,null
2,18,136,10549, 북한정치의이해,null,2,3,3,null
2,18,136,10548, 북한주민의문화와생활,null,1,3,3,null
2,18,136,10548, 북한주민의문화와생활,null,2,3,3,null
2,18,136,10929, 브레인스펙트럼,null,1,3,3,null
2,18,136,10929, 브레인스펙트럼,null,2,3,3,null
2,18,136,10573, 생명윤리와법,null,1,3,3,null
2,18,136,10573, 생명윤리와법,null,2,3,3,null
2,18,136,10074, 성문화연구,null,1,3,3,null
2,18,136,10074, 성문화연구,null,2,3,3,null
2,18,136,10081, 시민생활과법,null,1,3,3,null
2,18,136,10081, 시민생활과법,null,2,3,3,null
2,18,136,10094, 여성학,null,1,3,3,null
2,18,136,10094, 여성학,null,2,3,3,null
2,18,136,11089, 여행과지리:글로벌화의지역탐색,null,1,3,3,null
2,18,136,11089, 여행과지리:글로벌화의지역탐색,null,2,3,3,null
2,18,136,10908, 영상이미지와젠더,null,1,3,3,null
2,18,136,10908, 영상이미지와젠더,null,2,3,3,null
2,18,136,10904, 우리사회의문제와쟁점찾기,null,1,3,3,null
2,18,136,10904, 우리사회의문제와쟁점찾기,null,2,3,3,null
2,18,136,10109, 인간발달과가족,null,1,3,3,null
2,18,136,10109, 인간발달과가족,null,2,3,3,null
2,18,136,10903, 인간발달과문화의다양성,null,1,3,3,null
2,18,136,10903, 인간발달과문화의다양성,null,2,3,3,null
2,18,136,11114, 인간은왜춤을추는가,null,1,3,3,null
2,18,136,11114, 인간은왜춤을추는가,null,2,3,3,null
2,18,136,11103, 인터넷과법,null,1,3,3,null
2,18,136,11103, 인터넷과법,null,2,3,3,null
2,18,136,11104, 죄와벌,null,1,3,3,null
2,18,136,11104, 죄와벌,null,2,3,3,null
2,18,136,10905, 지구촌의사회복지,null,1,3,3,null
2,18,136,10905, 지구촌의사회복지,null,2,3,3,null
2,18,136,11105, 직업세계와법,null,1,3,3,null
2,18,136,11105, 직업세계와법,null,2,3,3,null
2,18,136,11039, 키워드로읽는중국문화,null,1,3,3,null
2,18,136,11039, 키워드로읽는중국문화,null,2,3,3,null
2,18,136,10887, 현대중국의사회와문화,null,1,3,3,null
2,18,136,10887, 현대중국의사회와문화,null,2,3,3,null
2,18,136,11162, Middle Eastern Political Theology: Religious Sources,null,1,3,3,null
2,18,136,11162, Middle Eastern Political Theology: Religious Sources,null,2,3,3,null
2,18,136,11259, SDGs시대글로벌보건협력:개발도상국의보건의료현황과국제사회의지원,null,1,3,3,null
2,18,136,11259, SDGs시대글로벌보건협력:개발도상국의보건의료현황과국제사회의지원,null,2,3,3,null
2,18,136,11161, Social and Cultural Impact of Video Games,null,1,3,3,null
2,18,136,11161, Social and Cultural Impact of Video Games,null,2,3,3,null
2,18,136,11296, 청춘의아픔과치유:행복인문학,null,1,3,3,null
2,18,136,11296, 청춘의아픔과치유:행복인문학,null,2,3,3,null
2,18,136,10181, 환경과인간,null,1,3,3,null
2,18,136,10181, 환경과인간,null,2,3,3,null
2,18,136,11188, Introduction to Ethnic Conflict and Management,null,1,3,3,null
2,18,136,11188, Introduction to Ethnic Conflict and Management,null,2,3,3,null
2,18,136,11163, Literacy in the 21st Century,null,1,3,3,null
2,18,136,11163, Literacy in the 21st Century,null,2,3,3,null
2,18,136,10949, 국제구호와개발협력,null,1,3,3,null
2,18,136,10949, 국제구호와개발협력,null,2,3,3,null
2,18,136,11106, 글로벌시민의이해와리더십,null,1,3,3,null
2,18,136,11106, 글로벌시민의이해와리더십,null,2,3,3,null
2,18,136,10933, 대학생의성건강,null,1,3,3,null
2,18,136,10933, 대학생의성건강,null,2,3,3,null
2,18,136,11308, 데이터로고전읽기,null,1,3,3,null
2,18,136,11308, 데이터로고전읽기,null,2,3,3,null
2,18,136,11079, 장애와사회,null,1,3,3,null
2,18,136,11079, 장애와사회,null,2,3,3,null
2,18,137,11154, 사물인터넷개론,null,1,3,3,null
2,18,137,11154, 사물인터넷개론,null,2,3,3,null
2,18,137,10556, 인터넷과소셜컴퓨팅,null,1,3,3,null
2,18,137,10556, 인터넷과소셜컴퓨팅,null,2,3,3,null
2,18,137,11160, 정보기술과미래사회,null,1,3,3,null
2,18,137,11160, 정보기술과미래사회,null,2,3,3,null
2,18,137,10123, 정보사회와인터넷윤리,null,1,3,3,null
2,18,137,10123, 정보사회와인터넷윤리,null,2,3,3,null
2,18,137,10930, Behavior of Animals,null,1,3,3,null
2,18,137,10930, Behavior of Animals,null,2,3,3,null
2,18,137,11111, SF영화로배우는철학,null,1,3,3,null
2,18,137,11111, SF영화로배우는철학,null,2,3,3,null
2,18,137,11155, 과학과허구,null,1,3,3,null
2,18,137,11155, 과학과허구,null,2,3,3,null
2,18,137,11101, 과학과문화의커뮤니케이션,null,1,3,3,null
2,18,137,11101, 과학과문화의커뮤니케이션,null,2,3,3,null
2,18,137,11043, 글로벌사회의기록과정보,null,1,3,3,null
2,18,137,11043, 글로벌사회의기록과정보,null,2,3,3,null
2,18,137,10776, 글로벌시민을위한과학소양,null,1,3,3,null
2,18,137,10776, 글로벌시민을위한과학소양,null,2,3,3,null
2,18,137,11044, 디지털네이티브와검색엔진,null,1,3,3,null
2,18,137,11044, 디지털네이티브와검색엔진,null,2,3,3,null
2,18,137,11152, 모바일멀티미디어프로그래밍,null,1,3,3,null
2,18,137,11152, 모바일멀티미디어프로그래밍,null,2,3,3,null
2,18,137,10559, 미래를위한환경의이해,null,1,3,3,null
2,18,137,10559, 미래를위한환경의이해,null,2,3,3,null
2,18,137,11191, 식물의모든것,null,1,3,3,null
2,18,137,11191, 식물의모든것,null,2,3,3,null
2,18,137,10052, 약과건강,null,1,3,3,null
2,18,137,10052, 약과건강,null,2,3,3,null
2,18,137,11102," 에너지의이해,이용,실천",null,1,3,3,null
2,18,137,11102," 에너지의이해,이용,실천",null,2,3,3,null
2,18,137,11257, 에피소드로보는과학철학,null,1,3,3,null
2,18,137,11257, 에피소드로보는과학철학,null,2,3,3,null
2,18,137,10910, 위험판단심리학,null,1,3,3,null
2,18,137,10910, 위험판단심리학,null,2,3,3,null
2,18,137,10104, 응용통계입문,null,1,3,3,null
2,18,137,10104, 응용통계입문,null,2,3,3,null
2,18,137,11336, 인공지능과인간,null,1,3,3,null
2,18,137,11336, 인공지능과인간,null,2,3,3,null
2,18,137,11261, 인공지능시대의정보산업이해,null,1,3,3,null
2,18,137,11261, 인공지능시대의정보산업이해,null,2,3,3,null
2,18,137,11156," 자연과의대화,환경생태",null,1,3,3,null
2,18,137,11156," 자연과의대화,환경생태",null,2,3,3,null
2,18,137,11096, 정보화사회와통계,null,1,3,3,null
2,18,137,11096, 정보화사회와통계,null,2,3,3,null
2,18,137,10135, 지구의역사,null,1,3,3,null
2,18,137,10135, 지구의역사,null,2,3,3,null
2,18,137,11042, 컴퓨터와마음,null,1,3,3,null
2,18,137,11042, 컴퓨터와마음,null,2,3,3,null
2,18,137,11145, 크리에이티브컴퓨팅,null,1,3,3,null
2,18,137,11145, 크리에이티브컴퓨팅,null,2,3,3,null
2,18,137,10164, 현대물리학과인간사고의변혁,null,1,3,3,null
2,18,137,10164, 현대물리학과인간사고의변혁,null,2,3,3,null
2,18,137,11157, 환경재난과국제협력,null,1,3,3,null
2,18,137,11157, 환경재난과국제협력,null,2,3,3,null
2,18,137,11159, General Biology,null,1,3,3,null
2,18,137,11159, General Biology,null,2,3,3,null
2,18,137,11262, 생활속의미생물,null,1,3,3,null
2,18,137,11262, 생활속의미생물,null,2,3,3,null
2,18,137,11187, 빅데이터사회와정보활용,null,1,3,3,null
2,18,137,11187, 빅데이터사회와정보활용,null,2,3,3,null
2,18,137,11264, 세계의자연유산과지오투어리즘,null,1,3,3,null
2,18,137,11264, 세계의자연유산과지오투어리즘,null,2,3,3,null
2,18,137,11098, 주거로보는건축문화,null,1,3,3,null
2,18,137,11098, 주거로보는건축문화,null,2,3,3,null
2,18,138,11208, IT융합설계개론,null,1,3,3,null
2,18,138,11208, IT융합설계개론,null,2,3,3,null
2,18,138,11309, 문제해결과SW프로그래밍,null,1,3,3,null
2,18,138,11309, 문제해결과SW프로그래밍,null,2,3,3,null
2,18,138,11214, 간호와휴머니즘,null,1,3,3,null
2,18,138,11214, 간호와휴머니즘,null,2,3,3,null
2,18,138,11206, 계산의기초와융합적문제해결,null,1,3,3,null
2,18,138,11206, 계산의기초와융합적문제해결,null,2,3,3,null
2,18,138,11207, 과학자를위한기초현대통계학론,null,1,3,3,null
2,18,138,11207, 과학자를위한기초현대통계학론,null,2,3,3,null
2,18,138,11210, 교육커뮤니케이션의이해와실제,null,1,3,3,null
2,18,138,11210, 교육커뮤니케이션의이해와실제,null,2,3,3,null
2,18,138,11212, 글로벌커리어개발과기업가정신,null,1,3,3,null
2,18,138,11212, 글로벌커리어개발과기업가정신,null,2,3,3,null
2,18,138,11204, 논리로과학읽기,null,1,3,3,null
2,18,138,11204, 논리로과학읽기,null,2,3,3,null
2,18,138,11209, 시각적사고를통한일상의문화와트랜드,null,1,3,3,null
2,18,138,11209, 시각적사고를통한일상의문화와트랜드,null,2,3,3,null
2,18,138,11263, 예술과기술,null,1,3,3,null
2,18,138,11263, 예술과기술,null,2,3,3,null
2,18,138,11233, 음악과테크놀로지,null,1,3,3,null
2,18,138,11233, 음악과테크놀로지,null,2,3,3,null
2,18,138,11235, 의료생명분야에서의컴퓨터적사고,null,1,3,3,null
2,18,138,11235, 의료생명분야에서의컴퓨터적사고,null,2,3,3,null
2,18,138,11213, 질병과몸의역사,null,1,3,3,null
2,18,138,11213, 질병과몸의역사,null,2,3,3,null
2,18,138,11205, 컴퓨터과학적인식과문제해결,null,1,3,3,null
2,18,138,11205, 컴퓨터과학적인식과문제해결,null,2,3,3,null
2,18,138,11232, 컴퓨터적사고와이해,null,1,3,3,null
2,18,138,11232, 컴퓨터적사고와이해,null,2,3,3,null
2,18,138,11234, 컴퓨터적사고와조형적활용,null,1,3,3,null
2,18,138,11234, 컴퓨터적사고와조형적활용,null,2,3,3,null
2,18,138,11211, 컴퓨팅적사고와프로그래밍,null,1,3,3,null
2,18,138,11211, 컴퓨팅적사고와프로그래밍,null,2,3,3,null
2,18,138,11215, 통합적분쟁이해와조정,null,1,3,3,null
2,18,138,11215, 통합적분쟁이해와조정,null,2,3,3,null
2,18,138,11260, 기업가정신과기술혁신,null,1,3,3,null
2,18,139,36826,중국고전문학의이해,1,1,3,3,null
2,18,139,35214,중국문자의이해,1,2,3,3,null
2,18,139,33593,중국고전시가,2,1,3,3,null
2,18,139,38790,중국대중문화,2,1,3,3,null
2,18,139,35212,중국어연숩,2,1,3,3,null
2,18,139,34391,중국어회화1,2,1,3,3,null
2,18,139,38038,중국학입문,2,1,3,3,null
2,18,139,37195,한문강독,2,1,3,3,null
2,18,139,35217,현대중국의문화와사회,2,1,3,3,null
2,18,139,35213,영상중국어,2,2,3,3,null
2,18,139,33589,중국고전산문,2,2,3,3,null
2,18,139,36130,중국어회화2,2,2,3,3,null
2,18,139,34396,중국언어의이해,2,2,3,3,null
2,18,139,35224,중국인문지리,2,2,3,3,null
2,18,139,36131,현대중국의예술과비평,2,2,3,3,null
2,18,139,38035,중문전공설계심화1,3,1,null,3,null
2,18,139,38035,중문전공설계심화1,3,2,null,3,null
2,18,139,38036,중문전공설계심화2,3,1,null,3,null
2,18,139,38036,중문전공설계심화2,3,2,null,3,null
2,18,139,38037,중문전공설계심화3,3,1,null,3,null
2,18,139,38037,중문전공설계심화3,3,2,null,3,null
2,18,139,38314,글로벌시대의중국고전문화,3,1,3,3,null
2,18,139,38792,중국문학과여성,3,1,3,3,null
2,18,139,33591,중국문학사1,3,1,3,3,null
2,18,139,30153,중국시사토픽,3,1,3,3,null
2,18,139,34394,중국어문법,3,1,3,3,null
2,18,139,38034,중국영화와대중문화,3,1,3,3,null
2,18,139,35221,중국전통소설,3,1,3,3,null
2,18,139,35220,비지니스중국어,3,2,3,3,null
2,18,139,33595,중국문학사2,3,2,3,3,null
2,18,139,36132,중국어작문,3,2,3,3,null
2,18,139,37197,중국의언어와지역문화,3,2,3,3,null
2,18,139,35219,중국현대문학작품선독,3,2,3,3,null
2,18,139,38285,중국현지조사연구,3,2,3,3,null
2,18,139,37716,중어중문현장실습1,4,1,null,1,null
2,18,139,37716,중어중문현장실습1,4,2,null,1,null
2,18,139,37717,중어중문현장실습2,4,1,null,1,null
2,18,139,37717,중어중문현장실습2,4,2,null,1,null
2,18,139,37718,중어중문현장실습3,4,1,null,1,null
2,18,139,37718,중어중문현장실습3,4,2,null,1,null
2,18,139,38315,21세기중국과동아시아,4,1,3,3,null
2,18,139,33217,실용중국어,4,1,3,3,null
2,18,139,38316,중국도시문화탐구,4,1,3,3,null
2,18,139,35225,중국현대문학사,4,1,3,3,null
2,18,139,38039,중한언어대조,4,1,3,3,null
2,18,139,35228,중국공연예술,4,2,3,3,null
2,18,139,38040,중국어학특강,4,2,3,3,null
2,18,139,38317,중국지역전문가포트폴리오,4,2,3,3,null
2,18,139,36165,중국통번역캡스톤디자인,4,2,3,3,null
2,18,139,36499,중국통속소설,4,2,3,3,null
2,18,139,36828,중국현대작가론,4,2,3,3,null
2,19,140,10023, 기독교와세계,1,1,3,3,null
2,19,140,10023, 기독교와세계,1,2,3,3,null
2,19,141,11256, 공존과협력의유토피아,1,1,3,2,null
2,19,141,11256, 공존과협력의유토피아,1,2,3,2,null
2,19,141,11254, 관계의미학:사랑과윤리,1,1,3,2,null
2,19,141,11254, 관계의미학:사랑과윤리,1,2,3,2,null
2,19,141,11095, 나눔리더십,1,1,3,2,null
2,19,141,11095, 나눔리더십,1,2,3,2,null
2,19,141,11253, 나눔의인간학,1,1,3,2,null
2,19,141,11253, 나눔의인간학,1,2,3,2,null
2,19,141,11252, 청춘의자기이해,1,1,3,2,null
2,19,141,11252, 청춘의자기이해,1,2,3,2,null
2,19,141,11255, 호모엠파티쿠스:소통·공감·신뢰,1,1,3,2,null
2,19,141,11255, 호모엠파티쿠스:소통·공감·신뢰,1,2,3,2,null
2,19,142,10021, 우리말과글쓰기,1,1,3,3,null
2,19,142,10021, 우리말과글쓰기,1,2,3,3,null
2,19,143,11094, 고전읽기와글쓰기,1,1,3,2,10021
2,19,143,11094, 고전읽기와글쓰기,1,2,3,2,10021
2,19,143,11250,사이보그와이미지의권력,2,1,3,2,10021
2,19,143,11250,사이보그와이미지의권력,2,2,3,2,10021
2,19,143,11249,역사와철학으로질문던지기,2,1,3,2,10021
2,19,143,11249,역사와철학으로질문던지기,2,1,3,2,10021
2,19,143,11248,읽기와쓰기의다이내미즘,2,2,3,2,10021
2,19,143,11248,읽기와쓰기의다이내미즘,2,1,3,2,10021
2,19,144,10098, 대학영어,1,1,3,3,null
2,19,144,10098, 대학영어,1,2,3,3,null
2,19,144,10099, 고급영어,1,1,3,3,null
2,19,144,10099, 고급영어,1,2,3,3,null
2,19,145,11036, 중국어Ⅰ,1,1,3,2,null
2,19,145,11037, 중국어Ⅱ,1,2,3,2,null
2,19,145,11073, 프랑스어Ⅰ,1,1,3,2,null
2,19,145,11074, 프랑스어Ⅱ,1,2,3,2,null
2,19,145,11033, 독일어Ⅰ,1,1,3,2,null
2,19,145,11034, 독일어Ⅱ,1,2,3,2,null
2,19,145,11091, 일본어Ⅰ,1,1,3,2,null
2,19,145,11092, 일본어Ⅱ,1,2,3,2,null
2,19,145,11066, 스페인어Ⅰ,1,1,3,2,null
2,19,145,11067, 스페인어Ⅱ,1,2,3,2,null
2,19,145,11064, 러시아어Ⅰ,1,1,3,2,null
2,19,145,11065, 러시아어Ⅱ,1,2,3,2,null
2,19,146,11053, 21세기사회와문학의대화,null,1,3,3,null
2,19,146,11053, 21세기사회와문학의대화,null,2,3,3,null
2,19,146,11183, The Story of Human Language,null,1,3,3,null
2,19,146,11183, The Story of Human Language,null,2,3,3,null
2,19,146,11165, Topics in Multiethnic American Literature,null,1,3,3,null
2,19,146,11165, Topics in Multiethnic American Literature,null,2,3,3,null
2,19,146,11112, 다매체시대의비교문학,null,1,3,3,null
2,19,146,11112, 다매체시대의비교문학,null,2,3,3,null
2,19,146,11108, 동아시아문학으로문화읽기,null,1,3,3,null
2,19,146,11108, 동아시아문학으로문화읽기,null,2,3,3,null
2,19,146,11038, 디지털미디어시대의동아시아문자,null,1,3,3,null
2,19,146,11038, 디지털미디어시대의동아시아문자,null,2,3,3,null
2,19,146,10950, 디지털스토리텔링의이해,null,1,3,3,null
2,19,146,10950, 디지털스토리텔링의이해,null,2,3,3,null
2,19,146,10041, 문학과삶,null,1,3,3,null
2,19,146,10041, 문학과삶,null,2,3,3,null
2,19,146,10654, 문학과영화,null,1,3,3,null
2,19,146,10654, 문학과영화,null,2,3,3,null
2,19,146,11148, 문학으로보는사랑의역사,null,1,3,3,null
2,19,146,11148, 문학으로보는사랑의역사,null,2,3,3,null
2,19,146,11184, 문학으로함께배우는매체/이야기,null,1,3,3,null
2,19,146,11184, 문학으로함께배우는매체/이야기,null,2,3,3,null
2,19,146,11146, 문화로읽는현대시의세계,null,1,3,3,null
2,19,146,11146, 문화로읽는현대시의세계,null,1,3,3,null
2,19,146,11147, 사이언스픽션의이해,null,1,3,3,null
2,19,146,11147, 사이언스픽션의이해,null,2,3,3,null
2,19,146,11297, 생태와문학,null,1,3,3,null
2,19,146,11297, 생태와문학,null,2,3,3,null
2,19,146,10768, 신화·상상력·문화,null,1,3,3,null
2,19,146,10768, 신화·상상력·문화,null,2,3,3,null
2,19,146,11109, 여행문학과세계인식,null,1,3,3,null
2,19,146,11109, 여행문학과세계인식,null,2,3,3,null
2,19,146,10882, 인간과언어,null,1,3,3,null
2,19,146,10882, 인간과언어,null,2,3,3,null
2,19,146,11258, 자연과문학,null,1,3,3,null
2,19,146,11258, 자연과문학,null,2,3,3,null
2,19,146,10543, 한국현대시와삶읽기,null,1,3,3,null
2,19,146,10543, 한국현대시와삶읽기,null,2,3,3,null
2,19,146,11134, 현대영어권문학의동향,null,1,3,3,null
2,19,146,11134, 현대영어권문학의동향,null,2,3,3,null
2,19,146,10896, 환상문학의세계,null,1,3,3,null
2,19,146,10896, 환상문학의세계,null,2,3,3,null
2,19,146,11334, Critical and Creative Textual Studies,null,1,3,3,null
2,19,146,11334, Critical and Creative Textual Studies,null,2,3,3,null
2,19,146,11335, Technical Writing and Document Design in English,null,1,3,3,null
2,19,146,11335, Technical Writing and Document Design in English,null,2,3,3,null
2,19,147,11107, 21세기의예술과인간,null,1,3,3,null
2,19,147,11107, 21세기의예술과인간,null,2,3,3,null
2,19,147,11164, Contemporary Photography,null,1,3,3,null
2,19,147,11164, Contemporary Photography,null,2,3,3,null
2,19,147,10018, 국악의이해,null,1,3,3,null
2,19,147,10018, 국악의이해,null,2,3,3,null
2,19,147,10033, 동양미술의이해,null,1,3,3,null
2,19,147,10033, 동양미술의이해,null,2,3,3,null
2,19,147,10778, 디지털매체와예술,null,1,3,3,null
2,19,147,10778, 디지털매체와예술,null,2,3,3,null
2,19,147,10576, 무용의이해,null,1,3,3,null
2,19,147,10576, 무용의이해,null,2,3,3,null
2,19,147,11153, 문화콘텐츠기획의이해,null,1,3,3,null
2,19,147,11153, 문화콘텐츠기획의이해,null,2,3,3,null
2,19,147,11328, 미술로치유하는마음,null,1,3,3,null
2,19,147,11328, 미술로치유하는마음,null,2,3,3,null
2,19,147,11083, 미학과미술,null,1,3,3,null
2,19,147,11083, 미학과미술,null,2,3,3,null
2,19,147,11135, 사물과예술,null,1,3,3,null
2,19,147,11135, 사물과예술,null,2,3,3,null
2,19,147,11329, 색채의이해,null,1,3,3,null
2,19,147,11329, 색채의이해,null,2,3,3,null
2,19,147,10072, 서양미술의이해,null,1,3,3,null
2,19,147,10072, 서양미술의이해,null,2,3,3,null
2,19,147,10073, 서양음악의이해,null,1,3,3,null
2,19,147,10073, 서양음악의이해,null,2,3,3,null
2,19,147,11084, 시각문화로서미술작품읽기,null,1,3,3,null
2,19,147,11084, 시각문화로서미술작품읽기,null,2,3,3,null
2,19,147,10090, 여성과예술,null,1,3,3,null
2,19,147,10090, 여성과예술,null,2,3,3,null
2,19,147,11113, 여성의몸과창조적움직임,null,1,3,3,null
2,19,147,11113, 여성의몸과창조적움직임,null,2,3,3,null
2,19,147,10097, 연극의이론과실제,null,1,3,3,null
2,19,147,10097, 연극의이론과실제,null,2,3,3,null
2,19,147,11110, 예술가와그의시대,null,1,3,3,null
2,19,147,11110, 예술가와그의시대,null,2,3,3,null
2,19,147,10100, 예술과사상,null,1,3,3,null
2,19,147,10100, 예술과사상,null,2,3,3,null
2,19,147,11055, 옛시와그림의만남,null,1,3,3,null
2,19,147,11055, 옛시와그림의만남,null,2,3,3,null
2,19,147,11075, 창조와상상의기술,null,1,3,3,null
2,19,147,11075, 창조와상상의기술,null,2,3,3,null
2,19,147,11035," 퍼포먼스인문학:제의,놀이,연극",null,1,3,3,null
2,19,147,11035," 퍼포먼스인문학:제의,놀이,연극",null,2,3,3,null
2,19,147,10892," 표현,예술,그리고시대정신",null,1,3,3,null
2,19,147,10892," 표현,예술,그리고시대정신",null,2,3,3,null
2,19,147,10152, 한국미술의이해,null,1,3,3,null
2,19,147,10152, 한국미술의이해,null,2,3,3,null
2,19,147,11333," 한국사와상상력,스토리텔링",null,1,3,3,null
2,19,147,11333," 한국사와상상력,스토리텔링",null,2,3,3,null
2,19,147,10883, 한국의문화공간과예술,null,1,3,3,null
2,19,147,10883, 한국의문화공간과예술,null,2,3,3,null
2,19,147,10165, 현대미술사,null,1,3,3,null
2,19,147,10165, 현대미술사,null,2,3,3,null
2,19,147,11330, Reading American Popular Culture in the Digital Age,null,1,3,3,null
2,19,147,11330, Reading American Popular Culture in the Digital Age,null,2,3,3,null
2,19,147,11265, 음악과건강,null,1,3,3,null
2,19,147,11265, 음악과건강,null,2,3,3,null
2,19,147,11116, Introduction to World Music and Culture,null,1,3,3,null
2,19,147,11116, Introduction to World Music and Culture,null,2,3,3,null
2,19,148,11190, The Art of Thinking,null,1,3,3,null
2,19,148,11190, The Art of Thinking,null,2,3,3,null
2,19,148,10545, 근대일본과동아시아,null,1,3,3,null
2,19,148,10545, 근대일본과동아시아,null,2,3,3,null
2,19,148,11046, 동서양의인간이해,null,1,3,3,null
2,19,148,11046, 동서양의인간이해,null,2,3,3,null
2,19,148,10034, 동양철학의이해,null,1,3,3,null
2,19,148,10034, 동양철학의이해,null,2,3,3,null
2,19,148,10769, 모던/포스트모던문화읽기,null,1,3,3,null
2,19,148,10769, 모던/포스트모던문화읽기,null,2,3,3,null
2,19,148,11056, 문화로읽는한국사,null,1,3,3,null
2,19,148,11056, 문화로읽는한국사,null,2,3,3,null
2,19,148,11185, 문화와예술을통해본르네상스역사,null,1,3,3,null
2,19,148,11185, 문화와예술을통해본르네상스역사,null,2,3,3,null
2,19,148,10772, 여성과사회정의,null,1,3,3,null
2,19,148,10772, 여성과사회정의,null,2,3,3,null
2,19,148,11054, 연어프로젝트:한국여성나의뿌리를찾아서 ,null,1,3,3,null
2,19,148,11054, 연어프로젝트:한국여성나의뿌리를찾아서 ,null,2,3,3,null
2,19,148,10108, 인간과종교,null,1,3,3,null
2,19,148,10108, 인간과종교,null,2,3,3,null
2,19,148,11041, 인간과철학적사유,null,1,3,3,null
2,19,148,11041, 인간과철학적사유,null,2,3,3,null
2,19,148,11293, 인물로본중국의역사,null,1,3,3,null
2,19,148,11293, 인물로본중국의역사,null,2,3,3,null
2,19,148,10581, 인물로본한국사,null,1,3,3,null
2,19,148,10581, 인물로본한국사,null,2,3,3,null
2,19,148,11078, 젠더와역사,null,1,3,3,null
2,19,148,11078, 젠더와역사,null,2,3,3,null
2,19,148,10767, 종교와문화,null,1,3,3,null
2,19,148,10767, 종교와문화,null,2,3,3,null
2,19,148,11057, 주제로살펴보는서양근현대사,null,1,3,3,null
2,19,148,11057, 주제로살펴보는서양근현대사,null,2,3,3,null
2,19,148,10544, 중국의역사와문화,null,1,3,3,null
2,19,148,10544, 중국의역사와문화,null,2,3,3,null
2,19,148,11297, 질병치료와백신의역사,null,1,3,3,null
2,19,148,11297, 질병치료와백신의역사,null,2,3,3,null
2,19,148,11189, 철학의은유들,null,1,3,3,null
2,19,148,11189, 철학의은유들,null,2,3,3,null
2,19,148,11045, 패러다임전환과비판이론,null,1,3,3,null
2,19,148,11045, 패러다임전환과비판이론,null,2,3,3,null
2,19,148,10149, 한국근현대사 ,null,1,3,3,null
2,19,148,10149, 한국근현대사 ,null,2,3,3,null
2,19,148,11058, 한국사의새로운이해,null,1,3,3,null
2,19,148,11058, 한국사의새로운이해,null,2,3,3,null
2,19,148,11186, Evolutionary Origin of Humans,null,1,3,3,null
2,19,148,11186, Evolutionary Origin of Humans,null,2,3,3,null
2,19,148,11295, 인공지능시대의과학과종교,null,1,3,3,null
2,19,148,11295, 인공지능시대의과학과종교,null,2,3,3,null
2,19,149,10011, 가족건강과간호,null,1,3,3,null
2,19,149,10011, 가족건강과간호,null,2,3,3,null
2,19,149,10932, 건축으로읽는사회문화사,null,1,3,3,null
2,19,149,10932, 건축으로읽는사회문화사,null,2,3,3,null
2,19,149,10013, 경영과사회,null,1,3,3,null
2,19,149,10013, 경영과사회,null,2,3,3,null
2,19,149,11068, 글로벌사회변동과쟁점지역연구,null,1,3,3,null
2,19,149,11068, 글로벌사회변동과쟁점지역연구,null,2,3,3,null
2,19,149,10913, 글로벌시대의다문화사회,null,1,3,3,null
2,19,149,10913, 글로벌시대의다문화사회,null,2,3,3,null
2,19,149,10914, 글로벌시대의아시아여성,null,1,3,3,null
2,19,149,10914, 글로벌시대의아시아여성,null,2,3,3,null
2,19,149,10091, 노동과젠더,null,1,3,3,null
2,19,149,10091, 노동과젠더,null,2,3,3,null
2,19,149,11332, 도시공간문화로읽는한국사,null,1,3,3,null
2,19,149,11332, 도시공간문화로읽는한국사,null,2,3,3,null
2,19,149,10886, 동양고전의현대적이해,null,1,3,3,null
2,19,149,10886, 동양고전의현대적이해,null,2,3,3,null
2,19,149,11292, 모방과인간,null,1,3,3,null
2,19,149,11292, 모방과인간,null,2,3,3,null
2,19,149,11193, 법과젠더,null,1,3,3,null
2,19,149,11193, 법과젠더,null,2,3,3,null
2,19,149,10549, 북한정치의이해,null,1,3,3,null
2,19,149,10549, 북한정치의이해,null,2,3,3,null
2,19,149,10548, 북한주민의문화와생활,null,1,3,3,null
2,19,149,10548, 북한주민의문화와생활,null,2,3,3,null
2,19,149,10929, 브레인스펙트럼,null,1,3,3,null
2,19,149,10929, 브레인스펙트럼,null,2,3,3,null
2,19,149,10573, 생명윤리와법,null,1,3,3,null
2,19,149,10573, 생명윤리와법,null,2,3,3,null
2,19,149,10074, 성문화연구,null,1,3,3,null
2,19,149,10074, 성문화연구,null,2,3,3,null
2,19,149,10081, 시민생활과법,null,1,3,3,null
2,19,149,10081, 시민생활과법,null,2,3,3,null
2,19,149,10094, 여성학,null,1,3,3,null
2,19,149,10094, 여성학,null,2,3,3,null
2,19,149,11089, 여행과지리:글로벌화의지역탐색,null,1,3,3,null
2,19,149,11089, 여행과지리:글로벌화의지역탐색,null,2,3,3,null
2,19,149,10908, 영상이미지와젠더,null,1,3,3,null
2,19,149,10908, 영상이미지와젠더,null,2,3,3,null
2,19,149,10904, 우리사회의문제와쟁점찾기,null,1,3,3,null
2,19,149,10904, 우리사회의문제와쟁점찾기,null,2,3,3,null
2,19,149,10109, 인간발달과가족,null,1,3,3,null
2,19,149,10109, 인간발달과가족,null,2,3,3,null
2,19,149,10903, 인간발달과문화의다양성,null,1,3,3,null
2,19,149,10903, 인간발달과문화의다양성,null,2,3,3,null
2,19,149,11114, 인간은왜춤을추는가,null,1,3,3,null
2,19,149,11114, 인간은왜춤을추는가,null,2,3,3,null
2,19,149,11103, 인터넷과법,null,1,3,3,null
2,19,149,11103, 인터넷과법,null,2,3,3,null
2,19,149,11104, 죄와벌,null,1,3,3,null
2,19,149,11104, 죄와벌,null,2,3,3,null
2,19,149,10905, 지구촌의사회복지,null,1,3,3,null
2,19,149,10905, 지구촌의사회복지,null,2,3,3,null
2,19,149,11105, 직업세계와법,null,1,3,3,null
2,19,149,11105, 직업세계와법,null,2,3,3,null
2,19,149,11039, 키워드로읽는중국문화,null,1,3,3,null
2,19,149,11039, 키워드로읽는중국문화,null,2,3,3,null
2,19,149,10887, 현대중국의사회와문화,null,1,3,3,null
2,19,149,10887, 현대중국의사회와문화,null,2,3,3,null
2,19,149,11162, Middle Eastern Political Theology: Religious Sources,null,1,3,3,null
2,19,149,11162, Middle Eastern Political Theology: Religious Sources,null,2,3,3,null
2,19,149,11259, SDGs시대글로벌보건협력:개발도상국의보건의료현황과국제사회의지원,null,1,3,3,null
2,19,149,11259, SDGs시대글로벌보건협력:개발도상국의보건의료현황과국제사회의지원,null,2,3,3,null
2,19,149,11161, Social and Cultural Impact of Video Games,null,1,3,3,null
2,19,149,11161, Social and Cultural Impact of Video Games,null,2,3,3,null
2,19,149,11296, 청춘의아픔과치유:행복인문학,null,1,3,3,null
2,19,149,11296, 청춘의아픔과치유:행복인문학,null,2,3,3,null
2,19,149,10181, 환경과인간,null,1,3,3,null
2,19,149,10181, 환경과인간,null,2,3,3,null
2,19,149,11188, Introduction to Ethnic Conflict and Management,null,1,3,3,null
2,19,149,11188, Introduction to Ethnic Conflict and Management,null,2,3,3,null
2,19,149,11163, Literacy in the 21st Century,null,1,3,3,null
2,19,149,11163, Literacy in the 21st Century,null,2,3,3,null
2,19,149,10949, 국제구호와개발협력,null,1,3,3,null
2,19,149,10949, 국제구호와개발협력,null,2,3,3,null
2,19,149,11106, 글로벌시민의이해와리더십,null,1,3,3,null
2,19,149,11106, 글로벌시민의이해와리더십,null,2,3,3,null
2,19,149,10933, 대학생의성건강,null,1,3,3,null
2,19,149,10933, 대학생의성건강,null,2,3,3,null
2,19,149,11308, 데이터로고전읽기,null,1,3,3,null
2,19,149,11308, 데이터로고전읽기,null,2,3,3,null
2,19,149,11079, 장애와사회,null,1,3,3,null
2,19,149,11079, 장애와사회,null,2,3,3,null
2,19,150,11154, 사물인터넷개론,null,1,3,3,null
2,19,150,11154, 사물인터넷개론,null,2,3,3,null
2,19,150,10556, 인터넷과소셜컴퓨팅,null,1,3,3,null
2,19,150,10556, 인터넷과소셜컴퓨팅,null,2,3,3,null
2,19,150,11160, 정보기술과미래사회,null,1,3,3,null
2,19,150,11160, 정보기술과미래사회,null,2,3,3,null
2,19,150,10123, 정보사회와인터넷윤리,null,1,3,3,null
2,19,150,10123, 정보사회와인터넷윤리,null,2,3,3,null
2,19,150,10930, Behavior of Animals,null,1,3,3,null
2,19,150,10930, Behavior of Animals,null,2,3,3,null
2,19,150,11111, SF영화로배우는철학,null,1,3,3,null
2,19,150,11111, SF영화로배우는철학,null,2,3,3,null
2,19,150,11155, 과학과허구,null,1,3,3,null
2,19,150,11155, 과학과허구,null,2,3,3,null
2,19,150,11101, 과학과문화의커뮤니케이션,null,1,3,3,null
2,19,150,11101, 과학과문화의커뮤니케이션,null,2,3,3,null
2,19,150,11043, 글로벌사회의기록과정보,null,1,3,3,null
2,19,150,11043, 글로벌사회의기록과정보,null,2,3,3,null
2,19,150,10776, 글로벌시민을위한과학소양,null,1,3,3,null
2,19,150,10776, 글로벌시민을위한과학소양,null,2,3,3,null
2,19,150,11044, 디지털네이티브와검색엔진,null,1,3,3,null
2,19,150,11044, 디지털네이티브와검색엔진,null,2,3,3,null
2,19,150,11152, 모바일멀티미디어프로그래밍,null,1,3,3,null
2,19,150,11152, 모바일멀티미디어프로그래밍,null,2,3,3,null
2,19,150,10559, 미래를위한환경의이해,null,1,3,3,null
2,19,150,10559, 미래를위한환경의이해,null,2,3,3,null
2,19,150,11191, 식물의모든것,null,1,3,3,null
2,19,150,11191, 식물의모든것,null,2,3,3,null
2,19,150,10052, 약과건강,null,1,3,3,null
2,19,150,10052, 약과건강,null,2,3,3,null
2,19,150,11102," 에너지의이해,이용,실천",null,1,3,3,null
2,19,150,11102," 에너지의이해,이용,실천",null,2,3,3,null
2,19,150,11257, 에피소드로보는과학철학,null,1,3,3,null
2,19,150,11257, 에피소드로보는과학철학,null,2,3,3,null
2,19,150,10910, 위험판단심리학,null,1,3,3,null
2,19,150,10910, 위험판단심리학,null,2,3,3,null
2,19,150,10104, 응용통계입문,null,1,3,3,null
2,19,150,10104, 응용통계입문,null,2,3,3,null
2,19,150,11336, 인공지능과인간,null,1,3,3,null
2,19,150,11336, 인공지능과인간,null,2,3,3,null
2,19,150,11261, 인공지능시대의정보산업이해,null,1,3,3,null
2,19,150,11261, 인공지능시대의정보산업이해,null,2,3,3,null
2,19,150,11156," 자연과의대화,환경생태",null,1,3,3,null
2,19,150,11156," 자연과의대화,환경생태",null,2,3,3,null
2,19,150,11096, 정보화사회와통계,null,1,3,3,null
2,19,150,11096, 정보화사회와통계,null,2,3,3,null
2,19,150,10135, 지구의역사,null,1,3,3,null
2,19,150,10135, 지구의역사,null,2,3,3,null
2,19,150,11042, 컴퓨터와마음,null,1,3,3,null
2,19,150,11042, 컴퓨터와마음,null,2,3,3,null
2,19,150,11145, 크리에이티브컴퓨팅,null,1,3,3,null
2,19,150,11145, 크리에이티브컴퓨팅,null,2,3,3,null
2,19,150,10164, 현대물리학과인간사고의변혁,null,1,3,3,null
2,19,150,10164, 현대물리학과인간사고의변혁,null,2,3,3,null
2,19,150,11157, 환경재난과국제협력,null,1,3,3,null
2,19,150,11157, 환경재난과국제협력,null,2,3,3,null
2,19,150,11159, General Biology,null,1,3,3,null
2,19,150,11159, General Biology,null,2,3,3,null
2,19,150,11262, 생활속의미생물,null,1,3,3,null
2,19,150,11262, 생활속의미생물,null,2,3,3,null
2,19,150,11187, 빅데이터사회와정보활용,null,1,3,3,null
2,19,150,11187, 빅데이터사회와정보활용,null,2,3,3,null
2,19,150,11264, 세계의자연유산과지오투어리즘,null,1,3,3,null
2,19,150,11264, 세계의자연유산과지오투어리즘,null,2,3,3,null
2,19,150,11098, 주거로보는건축문화,null,1,3,3,null
2,19,150,11098, 주거로보는건축문화,null,2,3,3,null
2,19,151,11208, IT융합설계개론,null,1,3,3,null
2,19,151,11208, IT융합설계개론,null,2,3,3,null
2,19,151,11309, 문제해결과SW프로그래밍,null,1,3,3,null
2,19,151,11309, 문제해결과SW프로그래밍,null,2,3,3,null
2,19,151,11214, 간호와휴머니즘,null,1,3,3,null
2,19,151,11214, 간호와휴머니즘,null,2,3,3,null
2,19,151,11206, 계산의기초와융합적문제해결,null,1,3,3,null
2,19,151,11206, 계산의기초와융합적문제해결,null,2,3,3,null
2,19,151,11207, 과학자를위한기초현대통계학론,null,1,3,3,null
2,19,151,11207, 과학자를위한기초현대통계학론,null,2,3,3,null
2,19,151,11210, 교육커뮤니케이션의이해와실제,null,1,3,3,null
2,19,151,11210, 교육커뮤니케이션의이해와실제,null,2,3,3,null
2,19,151,11212, 글로벌커리어개발과기업가정신,null,1,3,3,null
2,19,151,11212, 글로벌커리어개발과기업가정신,null,2,3,3,null
2,19,151,11204, 논리로과학읽기,null,1,3,3,null
2,19,151,11204, 논리로과학읽기,null,2,3,3,null
2,19,151,11209, 시각적사고를통한일상의문화와트랜드,null,1,3,3,null
2,19,151,11209, 시각적사고를통한일상의문화와트랜드,null,2,3,3,null
2,19,151,11263, 예술과기술,null,1,3,3,null
2,19,151,11263, 예술과기술,null,2,3,3,null
2,19,151,11233, 음악과테크놀로지,null,1,3,3,null
2,19,151,11233, 음악과테크놀로지,null,2,3,3,null
2,19,151,11235, 의료생명분야에서의컴퓨터적사고,null,1,3,3,null
2,19,151,11235, 의료생명분야에서의컴퓨터적사고,null,2,3,3,null
2,19,151,11213, 질병과몸의역사,null,1,3,3,null
2,19,151,11213, 질병과몸의역사,null,2,3,3,null
2,19,151,11205, 컴퓨터과학적인식과문제해결,null,1,3,3,null
2,19,151,11205, 컴퓨터과학적인식과문제해결,null,2,3,3,null
2,19,151,11232, 컴퓨터적사고와이해,null,1,3,3,null
2,19,151,11232, 컴퓨터적사고와이해,null,2,3,3,null
2,19,151,11234, 컴퓨터적사고와조형적활용,null,1,3,3,null
2,19,151,11234, 컴퓨터적사고와조형적활용,null,2,3,3,null
2,19,151,11211, 컴퓨팅적사고와프로그래밍,null,1,3,3,null
2,19,151,11211, 컴퓨팅적사고와프로그래밍,null,2,3,3,null
2,19,151,11215, 통합적분쟁이해와조정,null,1,3,3,null
2,19,151,11215, 통합적분쟁이해와조정,null,2,3,3,null
2,19,151,11260, 기업가정신과기술혁신,null,1,3,3,null
2,19,152,36826,중국고전문학의이해,1,1,3,3,null
2,19,152,35214,중국문자의이해,1,2,3,3,null
2,19,152,33593,중국고전시가,2,1,3,3,null
2,19,152,38790,중국대중문화,2,1,3,3,null
2,19,152,35212,중국어연숩,2,1,3,3,null
2,19,152,34391,중국어회화1,2,1,3,3,null
2,19,152,38038,중국학입문,2,1,3,3,null
2,19,152,37195,한문강독,2,1,3,3,null
2,19,152,35217,현대중국의문화와사회,2,1,3,3,null
2,19,152,35213,영상중국어,2,2,3,3,null
2,19,152,33589,중국고전산문,2,2,3,3,null
2,19,152,36130,중국어회화2,2,2,3,3,null
2,19,152,34396,중국언어의이해,2,2,3,3,null
2,19,152,35224,중국인문지리,2,2,3,3,null
2,19,152,36131,현대중국의예술과비평,2,2,3,3,null
2,19,152,38035,중문전공설계심화1,3,1,null,3,null
2,19,152,38035,중문전공설계심화1,3,2,null,3,null
2,19,152,38036,중문전공설계심화2,3,1,null,3,null
2,19,152,38036,중문전공설계심화2,3,2,null,3,null
2,19,152,38037,중문전공설계심화3,3,1,null,3,null
2,19,152,38037,중문전공설계심화3,3,2,null,3,null
2,19,152,38314,글로벌시대의중국고전문화,3,1,3,3,null
2,19,152,38792,중국문학과여성,3,1,3,3,null
2,19,152,33591,중국문학사1,3,1,3,3,null
2,19,152,30153,중국시사토픽,3,1,3,3,null
2,19,152,34394,중국어문법,3,1,3,3,null
2,19,152,38034,중국영화와대중문화,3,1,3,3,null
2,19,152,35221,중국전통소설,3,1,3,3,null
2,19,152,35220,비지니스중국어,3,2,3,3,null
2,19,152,33595,중국문학사2,3,2,3,3,null
2,19,152,36132,중국어작문,3,2,3,3,null
2,19,152,37197,중국의언어와지역문화,3,2,3,3,null
2,19,152,35219,중국현대문학작품선독,3,2,3,3,null
2,19,152,38285,중국현지조사연구,3,2,3,3,null
2,19,152,37716,중어중문현장실습1,4,1,null,1,null
2,19,152,37716,중어중문현장실습1,4,2,null,1,null
2,19,152,37717,중어중문현장실습2,4,1,null,1,null
2,19,152,37717,중어중문현장실습2,4,2,null,1,null
2,19,152,37718,중어중문현장실습3,4,1,null,1,null
2,19,152,37718,중어중문현장실습3,4,2,null,1,null
2,19,152,38315,21세기중국과동아시아,4,1,3,3,null
2,19,152,33217,실용중국어,4,1,3,3,null
2,19,152,38316,중국도시문화탐구,4,1,3,3,null
2,19,152,35225,중국현대문학사,4,1,3,3,null
2,19,152,38039,중한언어대조,4,1,3,3,null
2,19,152,35228,중국공연예술,4,2,3,3,null
2,19,152,38040,중국어학특강,4,2,3,3,null
2,19,152,38317,중국지역전문가포트폴리오,4,2,3,3,null
2,19,152,36165,중국통번역캡스톤디자인,4,2,3,3,null
2,19,152,36499,중국통속소설,4,2,3,3,null
2,19,152,36828,중국현대작가론,4,2,3,3,null
4,18,153,10023, 기독교와세계,1,1,3,3,null
4,18,153,10023, 기독교와세계,1,2,3,3,null
4,18,154,11256, 공존과협력의유토피아,1,1,3,2,null
4,18,154,11256, 공존과협력의유토피아,1,2,3,2,null
4,18,154,11254, 관계의미학:사랑과윤리,1,1,3,2,null
4,18,154,11254, 관계의미학:사랑과윤리,1,2,3,2,null
4,18,154,11095, 나눔리더십,1,1,3,2,null
4,18,154,11095, 나눔리더십,1,2,3,2,null
4,18,154,11253, 나눔의인간학,1,1,3,2,null
4,18,154,11253, 나눔의인간학,1,2,3,2,null
4,18,154,11252, 청춘의자기이해,1,1,3,2,null
4,18,154,11252, 청춘의자기이해,1,2,3,2,null
4,18,154,11255, 호모엠파티쿠스:소통·공감·신뢰,1,1,3,2,null
4,18,154,11255, 호모엠파티쿠스:소통·공감·신뢰,1,2,3,2,null
4,18,155,10021, 우리말과글쓰기,1,1,3,3,null
4,18,155,10021, 우리말과글쓰기,1,2,3,3,null
4,18,156,11094, 고전읽기와글쓰기,1,1,3,2,10021
4,18,156,11094, 고전읽기와글쓰기,1,2,3,2,10021
4,18,156,11250,사이보그와이미지의권력,2,1,3,2,10021
4,18,156,11250,사이보그와이미지의권력,2,2,3,2,10021
4,18,156,11249,역사와철학으로질문던지기,2,1,3,2,10021
4,18,156,11249,역사와철학으로질문던지기,2,1,3,2,10021
4,18,156,11248,읽기와쓰기의다이내미즘,2,2,3,2,10021
4,18,156,11248,읽기와쓰기의다이내미즘,2,1,3,2,10021
4,18,157,10098, 대학영어,1,1,3,3,null
4,18,157,10098, 대학영어,1,2,3,3,null
4,18,157,10099, 고급영어,1,1,3,3,null
4,18,157,10099, 고급영어,1,2,3,3,null
4,18,158,11036, 중국어Ⅰ,1,1,3,2,null
4,18,158,11037, 중국어Ⅱ,1,2,3,2,null
4,18,158,11073, 프랑스어Ⅰ,1,1,3,2,null
4,18,158,11074, 프랑스어Ⅱ,1,2,3,2,null
4,18,158,11033, 독일어Ⅰ,1,1,3,2,null
4,18,158,11034, 독일어Ⅱ,1,2,3,2,null
4,18,158,11091, 일본어Ⅰ,1,1,3,2,null
4,18,158,11092, 일본어Ⅱ,1,2,3,2,null
4,18,158,11066, 스페인어Ⅰ,1,1,3,2,null
4,18,158,11067, 스페인어Ⅱ,1,2,3,2,null
4,18,158,11064, 러시아어Ⅰ,1,1,3,2,null
4,18,158,11065, 러시아어Ⅱ,1,2,3,2,null
4,18,159,11053, 21세기사회와문학의대화,null,1,3,3,null
4,18,159,11053, 21세기사회와문학의대화,null,2,3,3,null
4,18,159,11183, The Story of Human Language,null,1,3,3,null
4,18,159,11183, The Story of Human Language,null,2,3,3,null
4,18,159,11165, Topics in Multiethnic American Literature,null,1,3,3,null
4,18,159,11165, Topics in Multiethnic American Literature,null,2,3,3,null
4,18,159,11112, 다매체시대의비교문학,null,1,3,3,null
4,18,159,11112, 다매체시대의비교문학,null,2,3,3,null
4,18,159,11108, 동아시아문학으로문화읽기,null,1,3,3,null
4,18,159,11108, 동아시아문학으로문화읽기,null,2,3,3,null
4,18,159,11038, 디지털미디어시대의동아시아문자,null,1,3,3,null
4,18,159,11038, 디지털미디어시대의동아시아문자,null,2,3,3,null
4,18,159,10950, 디지털스토리텔링의이해,null,1,3,3,null
4,18,159,10950, 디지털스토리텔링의이해,null,2,3,3,null
4,18,159,10041, 문학과삶,null,1,3,3,null
4,18,159,10041, 문학과삶,null,2,3,3,null
4,18,159,10654, 문학과영화,null,1,3,3,null
4,18,159,10654, 문학과영화,null,2,3,3,null
4,18,159,11148, 문학으로보는사랑의역사,null,1,3,3,null
4,18,159,11148, 문학으로보는사랑의역사,null,2,3,3,null
4,18,159,11184, 문학으로함께배우는매체/이야기,null,1,3,3,null
4,18,159,11184, 문학으로함께배우는매체/이야기,null,2,3,3,null
4,18,159,11146, 문화로읽는현대시의세계,null,1,3,3,null
4,18,159,11146, 문화로읽는현대시의세계,null,1,3,3,null
4,18,159,11147, 사이언스픽션의이해,null,1,3,3,null
4,18,159,11147, 사이언스픽션의이해,null,2,3,3,null
4,18,159,11297, 생태와문학,null,1,3,3,null
4,18,159,11297, 생태와문학,null,2,3,3,null
4,18,159,10768, 신화·상상력·문화,null,1,3,3,null
4,18,159,10768, 신화·상상력·문화,null,2,3,3,null
4,18,159,11109, 여행문학과세계인식,null,1,3,3,null
4,18,159,11109, 여행문학과세계인식,null,2,3,3,null
4,18,159,10882, 인간과언어,null,1,3,3,null
4,18,159,10882, 인간과언어,null,2,3,3,null
4,18,159,11258, 자연과문학,null,1,3,3,null
4,18,159,11258, 자연과문학,null,2,3,3,null
4,18,159,10543, 한국현대시와삶읽기,null,1,3,3,null
4,18,159,10543, 한국현대시와삶읽기,null,2,3,3,null
4,18,159,11134, 현대영어권문학의동향,null,1,3,3,null
4,18,159,11134, 현대영어권문학의동향,null,2,3,3,null
4,18,159,10896, 환상문학의세계,null,1,3,3,null
4,18,159,10896, 환상문학의세계,null,2,3,3,null
4,18,159,11334, Critical and Creative Textual Studies,null,1,3,3,null
4,18,159,11334, Critical and Creative Textual Studies,null,2,3,3,null
4,18,159,11335, Technical Writing and Document Design in English,null,1,3,3,null
4,18,159,11335, Technical Writing and Document Design in English,null,2,3,3,null
4,18,160,11107, 21세기의예술과인간,null,1,3,3,null
4,18,160,11107, 21세기의예술과인간,null,2,3,3,null
4,18,160,11164, Contemporary Photography,null,1,3,3,null
4,18,160,11164, Contemporary Photography,null,2,3,3,null
4,18,160,10018, 국악의이해,null,1,3,3,null
4,18,160,10018, 국악의이해,null,2,3,3,null
4,18,160,10033, 동양미술의이해,null,1,3,3,null
4,18,160,10033, 동양미술의이해,null,2,3,3,null
4,18,160,10778, 디지털매체와예술,null,1,3,3,null
4,18,160,10778, 디지털매체와예술,null,2,3,3,null
4,18,160,10576, 무용의이해,null,1,3,3,null
4,18,160,10576, 무용의이해,null,2,3,3,null
4,18,160,11153, 문화콘텐츠기획의이해,null,1,3,3,null
4,18,160,11153, 문화콘텐츠기획의이해,null,2,3,3,null
4,18,160,11328, 미술로치유하는마음,null,1,3,3,null
4,18,160,11328, 미술로치유하는마음,null,2,3,3,null
4,18,160,11083, 미학과미술,null,1,3,3,null
4,18,160,11083, 미학과미술,null,2,3,3,null
4,18,160,11135, 사물과예술,null,1,3,3,null
4,18,160,11135, 사물과예술,null,2,3,3,null
4,18,160,11329, 색채의이해,null,1,3,3,null
4,18,160,11329, 색채의이해,null,2,3,3,null
4,18,160,10072, 서양미술의이해,null,1,3,3,null
4,18,160,10072, 서양미술의이해,null,2,3,3,null
4,18,160,10073, 서양음악의이해,null,1,3,3,null
4,18,160,10073, 서양음악의이해,null,2,3,3,null
4,18,160,11084, 시각문화로서미술작품읽기,null,1,3,3,null
4,18,160,11084, 시각문화로서미술작품읽기,null,2,3,3,null
4,18,160,10090, 여성과예술,null,1,3,3,null
4,18,160,10090, 여성과예술,null,2,3,3,null
4,18,160,11113, 여성의몸과창조적움직임,null,1,3,3,null
4,18,160,11113, 여성의몸과창조적움직임,null,2,3,3,null
4,18,160,10097, 연극의이론과실제,null,1,3,3,null
4,18,160,10097, 연극의이론과실제,null,2,3,3,null
4,18,160,11110, 예술가와그의시대,null,1,3,3,null
4,18,160,11110, 예술가와그의시대,null,2,3,3,null
4,18,160,10100, 예술과사상,null,1,3,3,null
4,18,160,10100, 예술과사상,null,2,3,3,null
4,18,160,11055, 옛시와그림의만남,null,1,3,3,null
4,18,160,11055, 옛시와그림의만남,null,2,3,3,null
4,18,160,11075, 창조와상상의기술,null,1,3,3,null
4,18,160,11075, 창조와상상의기술,null,2,3,3,null
4,18,160,11035," 퍼포먼스인문학:제의,놀이,연극",null,1,3,3,null
4,18,160,11035," 퍼포먼스인문학:제의,놀이,연극",null,2,3,3,null
4,18,160,10892," 표현,예술,그리고시대정신",null,1,3,3,null
4,18,160,10892," 표현,예술,그리고시대정신",null,2,3,3,null
4,18,160,10152, 한국미술의이해,null,1,3,3,null
4,18,160,10152, 한국미술의이해,null,2,3,3,null
4,18,160,11333," 한국사와상상력,스토리텔링",null,1,3,3,null
4,18,160,11333," 한국사와상상력,스토리텔링",null,2,3,3,null
4,18,160,10883, 한국의문화공간과예술,null,1,3,3,null
4,18,160,10883, 한국의문화공간과예술,null,2,3,3,null
4,18,160,10165, 현대미술사,null,1,3,3,null
4,18,160,10165, 현대미술사,null,2,3,3,null
4,18,160,11330, Reading American Popular Culture in the Digital Age,null,1,3,3,null
4,18,160,11330, Reading American Popular Culture in the Digital Age,null,2,3,3,null
4,18,160,11265, 음악과건강,null,1,3,3,null
4,18,160,11265, 음악과건강,null,2,3,3,null
4,18,160,11116, Introduction to World Music and Culture,null,1,3,3,null
4,18,160,11116, Introduction to World Music and Culture,null,2,3,3,null
4,18,161,11190, The Art of Thinking,null,1,3,3,null
4,18,161,11190, The Art of Thinking,null,2,3,3,null
4,18,161,10545, 근대일본과동아시아,null,1,3,3,null
4,18,161,10545, 근대일본과동아시아,null,2,3,3,null
4,18,161,11046, 동서양의인간이해,null,1,3,3,null
4,18,161,11046, 동서양의인간이해,null,2,3,3,null
4,18,161,10034, 동양철학의이해,null,1,3,3,null
4,18,161,10034, 동양철학의이해,null,2,3,3,null
4,18,161,10769, 모던/포스트모던문화읽기,null,1,3,3,null
4,18,161,10769, 모던/포스트모던문화읽기,null,2,3,3,null
4,18,161,11056, 문화로읽는한국사,null,1,3,3,null
4,18,161,11056, 문화로읽는한국사,null,2,3,3,null
4,18,161,11185, 문화와예술을통해본르네상스역사,null,1,3,3,null
4,18,161,11185, 문화와예술을통해본르네상스역사,null,2,3,3,null
4,18,161,10772, 여성과사회정의,null,1,3,3,null
4,18,161,10772, 여성과사회정의,null,2,3,3,null
4,18,161,11054, 연어프로젝트:한국여성나의뿌리를찾아서 ,null,1,3,3,null
4,18,161,11054, 연어프로젝트:한국여성나의뿌리를찾아서 ,null,2,3,3,null
4,18,161,10108, 인간과종교,null,1,3,3,null
4,18,161,10108, 인간과종교,null,2,3,3,null
4,18,161,11041, 인간과철학적사유,null,1,3,3,null
4,18,161,11041, 인간과철학적사유,null,2,3,3,null
4,18,161,11293, 인물로본중국의역사,null,1,3,3,null
4,18,161,11293, 인물로본중국의역사,null,2,3,3,null
4,18,161,10581, 인물로본한국사,null,1,3,3,null
4,18,161,10581, 인물로본한국사,null,2,3,3,null
4,18,161,11078, 젠더와역사,null,1,3,3,null
4,18,161,11078, 젠더와역사,null,2,3,3,null
4,18,161,10767, 종교와문화,null,1,3,3,null
4,18,161,10767, 종교와문화,null,2,3,3,null
4,18,161,11057, 주제로살펴보는서양근현대사,null,1,3,3,null
4,18,161,11057, 주제로살펴보는서양근현대사,null,2,3,3,null
4,18,161,10544, 중국의역사와문화,null,1,3,3,null
4,18,161,10544, 중국의역사와문화,null,2,3,3,null
4,18,161,11297, 질병치료와백신의역사,null,1,3,3,null
4,18,161,11297, 질병치료와백신의역사,null,2,3,3,null
4,18,161,11189, 철학의은유들,null,1,3,3,null
4,18,161,11189, 철학의은유들,null,2,3,3,null
4,18,161,11045, 패러다임전환과비판이론,null,1,3,3,null
4,18,161,11045, 패러다임전환과비판이론,null,2,3,3,null
4,18,161,10149, 한국근현대사 ,null,1,3,3,null
4,18,161,10149, 한국근현대사 ,null,2,3,3,null
4,18,161,11058, 한국사의새로운이해,null,1,3,3,null
4,18,161,11058, 한국사의새로운이해,null,2,3,3,null
4,18,161,11186, Evolutionary Origin of Humans,null,1,3,3,null
4,18,161,11186, Evolutionary Origin of Humans,null,2,3,3,null
4,18,161,11295, 인공지능시대의과학과종교,null,1,3,3,null
4,18,161,11295, 인공지능시대의과학과종교,null,2,3,3,null
4,18,162,10011, 가족건강과간호,null,1,3,3,null
4,18,162,10011, 가족건강과간호,null,2,3,3,null
4,18,162,10932, 건축으로읽는사회문화사,null,1,3,3,null
4,18,162,10932, 건축으로읽는사회문화사,null,2,3,3,null
4,18,162,10013, 경영과사회,null,1,3,3,null
4,18,162,10013, 경영과사회,null,2,3,3,null
4,18,162,11068, 글로벌사회변동과쟁점지역연구,null,1,3,3,null
4,18,162,11068, 글로벌사회변동과쟁점지역연구,null,2,3,3,null
4,18,162,10913, 글로벌시대의다문화사회,null,1,3,3,null
4,18,162,10913, 글로벌시대의다문화사회,null,2,3,3,null
4,18,162,10914, 글로벌시대의아시아여성,null,1,3,3,null
4,18,162,10914, 글로벌시대의아시아여성,null,2,3,3,null
4,18,162,10091, 노동과젠더,null,1,3,3,null
4,18,162,10091, 노동과젠더,null,2,3,3,null
4,18,162,11332, 도시공간문화로읽는한국사,null,1,3,3,null
4,18,162,11332, 도시공간문화로읽는한국사,null,2,3,3,null
4,18,162,10886, 동양고전의현대적이해,null,1,3,3,null
4,18,162,10886, 동양고전의현대적이해,null,2,3,3,null
4,18,162,11292, 모방과인간,null,1,3,3,null
4,18,162,11292, 모방과인간,null,2,3,3,null
4,18,162,11193, 법과젠더,null,1,3,3,null
4,18,162,11193, 법과젠더,null,2,3,3,null
4,18,162,10549, 북한정치의이해,null,1,3,3,null
4,18,162,10549, 북한정치의이해,null,2,3,3,null
4,18,162,10548, 북한주민의문화와생활,null,1,3,3,null
4,18,162,10548, 북한주민의문화와생활,null,2,3,3,null
4,18,162,10929, 브레인스펙트럼,null,1,3,3,null
4,18,162,10929, 브레인스펙트럼,null,2,3,3,null
4,18,162,10573, 생명윤리와법,null,1,3,3,null
4,18,162,10573, 생명윤리와법,null,2,3,3,null
4,18,162,10074, 성문화연구,null,1,3,3,null
4,18,162,10074, 성문화연구,null,2,3,3,null
4,18,162,10081, 시민생활과법,null,1,3,3,null
4,18,162,10081, 시민생활과법,null,2,3,3,null
4,18,162,10094, 여성학,null,1,3,3,null
4,18,162,10094, 여성학,null,2,3,3,null
4,18,162,11089, 여행과지리:글로벌화의지역탐색,null,1,3,3,null
4,18,162,11089, 여행과지리:글로벌화의지역탐색,null,2,3,3,null
4,18,162,10908, 영상이미지와젠더,null,1,3,3,null
4,18,162,10908, 영상이미지와젠더,null,2,3,3,null
4,18,162,10904, 우리사회의문제와쟁점찾기,null,1,3,3,null
4,18,162,10904, 우리사회의문제와쟁점찾기,null,2,3,3,null
4,18,162,10109, 인간발달과가족,null,1,3,3,null
4,18,162,10109, 인간발달과가족,null,2,3,3,null
4,18,162,10903, 인간발달과문화의다양성,null,1,3,3,null
4,18,162,10903, 인간발달과문화의다양성,null,2,3,3,null
4,18,162,11114, 인간은왜춤을추는가,null,1,3,3,null
4,18,162,11114, 인간은왜춤을추는가,null,2,3,3,null
4,18,162,11103, 인터넷과법,null,1,3,3,null
4,18,162,11103, 인터넷과법,null,2,3,3,null
4,18,162,11104, 죄와벌,null,1,3,3,null
4,18,162,11104, 죄와벌,null,2,3,3,null
4,18,162,10905, 지구촌의사회복지,null,1,3,3,null
4,18,162,10905, 지구촌의사회복지,null,2,3,3,null
4,18,162,11105, 직업세계와법,null,1,3,3,null
4,18,162,11105, 직업세계와법,null,2,3,3,null
4,18,162,11039, 키워드로읽는중국문화,null,1,3,3,null
4,18,162,11039, 키워드로읽는중국문화,null,2,3,3,null
4,18,162,10887, 현대중국의사회와문화,null,1,3,3,null
4,18,162,10887, 현대중국의사회와문화,null,2,3,3,null
4,18,162,11162, Middle Eastern Political Theology: Religious Sources,null,1,3,3,null
4,18,162,11162, Middle Eastern Political Theology: Religious Sources,null,2,3,3,null
4,18,162,11259, SDGs시대글로벌보건협력:개발도상국의보건의료현황과국제사회의지원,null,1,3,3,null
4,18,162,11259, SDGs시대글로벌보건협력:개발도상국의보건의료현황과국제사회의지원,null,2,3,3,null
4,18,162,11161, Social and Cultural Impact of Video Games,null,1,3,3,null
4,18,162,11161, Social and Cultural Impact of Video Games,null,2,3,3,null
4,18,162,11296, 청춘의아픔과치유:행복인문학,null,1,3,3,null
4,18,162,11296, 청춘의아픔과치유:행복인문학,null,2,3,3,null
4,18,162,10181, 환경과인간,null,1,3,3,null
4,18,162,10181, 환경과인간,null,2,3,3,null
4,18,162,11188, Introduction to Ethnic Conflict and Management,null,1,3,3,null
4,18,162,11188, Introduction to Ethnic Conflict and Management,null,2,3,3,null
4,18,162,11163, Literacy in the 21st Century,null,1,3,3,null
4,18,162,11163, Literacy in the 21st Century,null,2,3,3,null
4,18,162,10949, 국제구호와개발협력,null,1,3,3,null
4,18,162,10949, 국제구호와개발협력,null,2,3,3,null
4,18,162,11106, 글로벌시민의이해와리더십,null,1,3,3,null
4,18,162,11106, 글로벌시민의이해와리더십,null,2,3,3,null
4,18,162,10933, 대학생의성건강,null,1,3,3,null
4,18,162,10933, 대학생의성건강,null,2,3,3,null
4,18,162,11308, 데이터로고전읽기,null,1,3,3,null
4,18,162,11308, 데이터로고전읽기,null,2,3,3,null
4,18,162,11079, 장애와사회,null,1,3,3,null
4,18,162,11079, 장애와사회,null,2,3,3,null
4,18,163,11154, 사물인터넷개론,null,1,3,3,null
4,18,163,11154, 사물인터넷개론,null,2,3,3,null
4,18,163,10556, 인터넷과소셜컴퓨팅,null,1,3,3,null
4,18,163,10556, 인터넷과소셜컴퓨팅,null,2,3,3,null
4,18,163,11160, 정보기술과미래사회,null,1,3,3,null
4,18,163,11160, 정보기술과미래사회,null,2,3,3,null
4,18,163,10123, 정보사회와인터넷윤리,null,1,3,3,null
4,18,163,10123, 정보사회와인터넷윤리,null,2,3,3,null
4,18,163,10930, Behavior of Animals,null,1,3,3,null
4,18,163,10930, Behavior of Animals,null,2,3,3,null
4,18,163,11111, SF영화로배우는철학,null,1,3,3,null
4,18,163,11111, SF영화로배우는철학,null,2,3,3,null
4,18,163,11155, 과학과허구,null,1,3,3,null
4,18,163,11155, 과학과허구,null,2,3,3,null
4,18,163,11101, 과학과문화의커뮤니케이션,null,1,3,3,null
4,18,163,11101, 과학과문화의커뮤니케이션,null,2,3,3,null
4,18,163,11043, 글로벌사회의기록과정보,null,1,3,3,null
4,18,163,11043, 글로벌사회의기록과정보,null,2,3,3,null
4,18,163,10776, 글로벌시민을위한과학소양,null,1,3,3,null
4,18,163,10776, 글로벌시민을위한과학소양,null,2,3,3,null
4,18,163,11044, 디지털네이티브와검색엔진,null,1,3,3,null
4,18,163,11044, 디지털네이티브와검색엔진,null,2,3,3,null
4,18,163,11152, 모바일멀티미디어프로그래밍,null,1,3,3,null
4,18,163,11152, 모바일멀티미디어프로그래밍,null,2,3,3,null
4,18,163,10559, 미래를위한환경의이해,null,1,3,3,null
4,18,163,10559, 미래를위한환경의이해,null,2,3,3,null
4,18,163,11191, 식물의모든것,null,1,3,3,null
4,18,163,11191, 식물의모든것,null,2,3,3,null
4,18,163,10052, 약과건강,null,1,3,3,null
4,18,163,10052, 약과건강,null,2,3,3,null
4,18,163,11102," 에너지의이해,이용,실천",null,1,3,3,null
4,18,163,11102," 에너지의이해,이용,실천",null,2,3,3,null
4,18,163,11257, 에피소드로보는과학철학,null,1,3,3,null
4,18,163,11257, 에피소드로보는과학철학,null,2,3,3,null
4,18,163,10910, 위험판단심리학,null,1,3,3,null
4,18,163,10910, 위험판단심리학,null,2,3,3,null
4,18,163,10104, 응용통계입문,null,1,3,3,null
4,18,163,10104, 응용통계입문,null,2,3,3,null
4,18,163,11336, 인공지능과인간,null,1,3,3,null
4,18,163,11336, 인공지능과인간,null,2,3,3,null
4,18,163,11261, 인공지능시대의정보산업이해,null,1,3,3,null
4,18,163,11261, 인공지능시대의정보산업이해,null,2,3,3,null
4,18,163,11156," 자연과의대화,환경생태",null,1,3,3,null
4,18,163,11156," 자연과의대화,환경생태",null,2,3,3,null
4,18,163,11096, 정보화사회와통계,null,1,3,3,null
4,18,163,11096, 정보화사회와통계,null,2,3,3,null
4,18,163,10135, 지구의역사,null,1,3,3,null
4,18,163,10135, 지구의역사,null,2,3,3,null
4,18,163,11042, 컴퓨터와마음,null,1,3,3,null
4,18,163,11042, 컴퓨터와마음,null,2,3,3,null
4,18,163,11145, 크리에이티브컴퓨팅,null,1,3,3,null
4,18,163,11145, 크리에이티브컴퓨팅,null,2,3,3,null
4,18,163,10164, 현대물리학과인간사고의변혁,null,1,3,3,null
4,18,163,10164, 현대물리학과인간사고의변혁,null,2,3,3,null
4,18,163,11157, 환경재난과국제협력,null,1,3,3,null
4,18,163,11157, 환경재난과국제협력,null,2,3,3,null
4,18,163,11159, General Biology,null,1,3,3,null
4,18,163,11159, General Biology,null,2,3,3,null
4,18,163,11262, 생활속의미생물,null,1,3,3,null
4,18,163,11262, 생활속의미생물,null,2,3,3,null
4,18,163,11187, 빅데이터사회와정보활용,null,1,3,3,null
4,18,163,11187, 빅데이터사회와정보활용,null,2,3,3,null
4,18,163,11264, 세계의자연유산과지오투어리즘,null,1,3,3,null
4,18,163,11264, 세계의자연유산과지오투어리즘,null,2,3,3,null
4,18,163,11098, 주거로보는건축문화,null,1,3,3,null
4,18,163,11098, 주거로보는건축문화,null,2,3,3,null
4,18,164,11208, IT융합설계개론,null,1,3,3,null
4,18,164,11208, IT융합설계개론,null,2,3,3,null
4,18,164,11309, 문제해결과SW프로그래밍,null,1,3,3,null
4,18,164,11309, 문제해결과SW프로그래밍,null,2,3,3,null
4,18,164,11214, 간호와휴머니즘,null,1,3,3,null
4,18,164,11214, 간호와휴머니즘,null,2,3,3,null
4,18,164,11206, 계산의기초와융합적문제해결,null,1,3,3,null
4,18,164,11206, 계산의기초와융합적문제해결,null,2,3,3,null
4,18,164,11207, 과학자를위한기초현대통계학론,null,1,3,3,null
4,18,164,11207, 과학자를위한기초현대통계학론,null,2,3,3,null
4,18,164,11210, 교육커뮤니케이션의이해와실제,null,1,3,3,null
4,18,164,11210, 교육커뮤니케이션의이해와실제,null,2,3,3,null
4,18,164,11212, 글로벌커리어개발과기업가정신,null,1,3,3,null
4,18,164,11212, 글로벌커리어개발과기업가정신,null,2,3,3,null
4,18,164,11204, 논리로과학읽기,null,1,3,3,null
4,18,164,11204, 논리로과학읽기,null,2,3,3,null
4,18,164,11209, 시각적사고를통한일상의문화와트랜드,null,1,3,3,null
4,18,164,11209, 시각적사고를통한일상의문화와트랜드,null,2,3,3,null
4,18,164,11263, 예술과기술,null,1,3,3,null
4,18,164,11263, 예술과기술,null,2,3,3,null
4,18,164,11233, 음악과테크놀로지,null,1,3,3,null
4,18,164,11233, 음악과테크놀로지,null,2,3,3,null
4,18,164,11235, 의료생명분야에서의컴퓨터적사고,null,1,3,3,null
4,18,164,11235, 의료생명분야에서의컴퓨터적사고,null,2,3,3,null
4,18,164,11213, 질병과몸의역사,null,1,3,3,null
4,18,164,11213, 질병과몸의역사,null,2,3,3,null
4,18,164,11205, 컴퓨터과학적인식과문제해결,null,1,3,3,null
4,18,164,11205, 컴퓨터과학적인식과문제해결,null,2,3,3,null
4,18,164,11232, 컴퓨터적사고와이해,null,1,3,3,null
4,18,164,11232, 컴퓨터적사고와이해,null,2,3,3,null
4,18,164,11234, 컴퓨터적사고와조형적활용,null,1,3,3,null
4,18,164,11234, 컴퓨터적사고와조형적활용,null,2,3,3,null
4,18,164,11211, 컴퓨팅적사고와프로그래밍,null,1,3,3,null
4,18,164,11211, 컴퓨팅적사고와프로그래밍,null,2,3,3,null
4,18,164,11215, 통합적분쟁이해와조정,null,1,3,3,null
4,18,164,11215, 통합적분쟁이해와조정,null,2,3,3,null
4,18,164,11260, 기업가정신과기술혁신,null,1,3,3,null
4,18,165,33489,프랑스어와프랑스문화1,1,1,3,3,null
4,18,165,36829,프랑스문학과의만남,1,2,3,3,null
4,18,165,33545,프랑스어와프랑스문화2,1,2,3,3,null
4,18,165,35230,프랑스어회화,1,2,3,3,null
4,18,165,33611,멀티미디어프랑스어,2,1,3,3,null
4,18,165,33613,프랑스단편소설,2,1,3,3,null
4,18,165,33612,프랑스어문법과작문1,2,1,3,3,null
4,18,165,35232,프랑스어읽기/쓰기,2,1,3,3,null
4,18,165,38311,프랑스지역학입문,2,1,3,3,null
4,18,165,38312,유럽학입문,2,1,3,3,null
4,18,165,33614,프랑스명작의이해,2,2,3,3,null
4,18,165,30170,프랑스문학사,2,2,3,3,null
4,18,165,35596,프랑스어구현연습,2,2,3,3,null
4,18,165,33615,프랑스어문법과작문2,2,2,3,3,null
4,18,165,35231,현대프랑스예술과사회,2,2,3,3,null
4,18,165,38099,불문전공설계심화1,3,1,null,3,null
4,18,165,38099,불문전공설계심화1,3,2,null,3,null
4,18,165,38100,불문전공설계심화2,3,1,null,3,null
4,18,165,38100,불문전공설계심화2,3,2,null,3,null
4,18,165,38101,불문전공설계심화3,3,1,null,3,null
4,18,165,38101,불문전공설계심화3,3,2,null,3,null
4,18,165,35236,소설로보는프랑스역사,3,1,3,3,null
4,18,165,33619,시사실무프랑스어(캡스톤디자인),3,1,3,3,null
4,18,165,35235,프랑스시의세계,3,1,3,3,null
4,18,165,35594,프랑스어의사소통문화,3,1,3,3,null
4,18,165,34915,프랑스언어학기초,3,1,3,3,null
4,18,165,35237,영화로보는프랑스사회와문화,3,2,3,3,null
4,18,165,35241,인공지능과프랑스어,3,2,3,3,null
4,18,165,33629,프랑스대중문화,3,2,3,3,null
4,18,165,35239,프랑스문학과인간심리,3,2,3,3,null
4,18,165,35595,프랑스어구조와활용,3,2,3,3,null
4,18,165,35238,프랑스연극,3,2,3,3,null
4,18,165,37722,불어불문학인턴십1,4,1,null,1,null
4,18,165,37722,불어불문학인턴십1,4,2,null,1,null
4,18,165,37723,불어불문학인턴십2,4,1,null,1,null
4,18,165,37723,불어불문학인턴십2,4,2,null,1,null
4,18,165,37724,불어불문학인턴십3,4,1,null,1,null
4,18,165,37724,불어불문학인턴십3,4,2,null,1,null
4,18,165,35240,국제사회속의프랑스,4,1,3,3,null
4,18,165,35245,프랑스사상의프름,4,1,3,3,null
4,18,165,38313,프랑스시사토픽,4,1,3,3,null
4,18,165,35243,프랑스어의미와활용,4,1,3,3,null
4,18,165,35244,프랑스영화,4,1,3,3,null
4,18,165,35242,현대프랑스어와현장,4,2,3,3,null
4,18,165,35246,전문프랑스어와현장,4,2,3,3,null
4,18,165,38793,프랑스시인과도시,4,2,3,3,null
4,18,165,35247,프랑스어권지역의이해,4,2,3,3,null
4,18,165,35248,프랑스어문체연구,4,2,3,3,null
4,18,165,33631,프랑스어번역연습,4,2,3,3,null
4,18,165,38286,프랑스정치경제읽기,4,2,3,3,null
4,18,165,33630,현대프랑스문학비평,4,2,3,3,null
4,19,166,10023, 기독교와세계,1,1,3,3,null
4,19,166,10023, 기독교와세계,1,2,3,3,null
4,19,167,11256, 공존과협력의유토피아,1,1,3,2,null
4,19,167,11256, 공존과협력의유토피아,1,2,3,2,null
4,19,167,11254, 관계의미학:사랑과윤리,1,1,3,2,null
4,19,167,11254, 관계의미학:사랑과윤리,1,2,3,2,null
4,19,167,11095, 나눔리더십,1,1,3,2,null
4,19,167,11095, 나눔리더십,1,2,3,2,null
4,19,167,11253, 나눔의인간학,1,1,3,2,null
4,19,167,11253, 나눔의인간학,1,2,3,2,null
4,19,167,11252, 청춘의자기이해,1,1,3,2,null
4,19,167,11252, 청춘의자기이해,1,2,3,2,null
4,19,167,11255, 호모엠파티쿠스:소통·공감·신뢰,1,1,3,2,null
4,19,167,11255, 호모엠파티쿠스:소통·공감·신뢰,1,2,3,2,null
4,19,168,10021, 우리말과글쓰기,1,1,3,3,null
4,19,168,10021, 우리말과글쓰기,1,2,3,3,null
4,19,169,11094, 고전읽기와글쓰기,1,1,3,2,10021
4,19,169,11094, 고전읽기와글쓰기,1,2,3,2,10021
4,19,169,11250,사이보그와이미지의권력,2,1,3,2,10021
4,19,169,11250,사이보그와이미지의권력,2,2,3,2,10021
4,19,169,11249,역사와철학으로질문던지기,2,1,3,2,10021
4,19,169,11249,역사와철학으로질문던지기,2,1,3,2,10021
4,19,169,11248,읽기와쓰기의다이내미즘,2,2,3,2,10021
4,19,169,11248,읽기와쓰기의다이내미즘,2,1,3,2,10021
4,19,170,10098, 대학영어,1,1,3,3,null
4,19,170,10098, 대학영어,1,2,3,3,null
4,19,170,10099, 고급영어,1,1,3,3,null
4,19,170,10099, 고급영어,1,2,3,3,null
4,19,171,11036, 중국어Ⅰ,1,1,3,2,null
4,19,171,11037, 중국어Ⅱ,1,2,3,2,null
4,19,171,11073, 프랑스어Ⅰ,1,1,3,2,null
4,19,171,11074, 프랑스어Ⅱ,1,2,3,2,null
4,19,171,11033, 독일어Ⅰ,1,1,3,2,null
4,19,171,11034, 독일어Ⅱ,1,2,3,2,null
4,19,171,11091, 일본어Ⅰ,1,1,3,2,null
4,19,171,11092, 일본어Ⅱ,1,2,3,2,null
4,19,171,11066, 스페인어Ⅰ,1,1,3,2,null
4,19,171,11067, 스페인어Ⅱ,1,2,3,2,null
4,19,171,11064, 러시아어Ⅰ,1,1,3,2,null
4,19,171,11065, 러시아어Ⅱ,1,2,3,2,null
4,19,172,11053, 21세기사회와문학의대화,null,1,3,3,null
4,19,172,11053, 21세기사회와문학의대화,null,2,3,3,null
4,19,172,11183, The Story of Human Language,null,1,3,3,null
4,19,172,11183, The Story of Human Language,null,2,3,3,null
4,19,172,11165, Topics in Multiethnic American Literature,null,1,3,3,null
4,19,172,11165, Topics in Multiethnic American Literature,null,2,3,3,null
4,19,172,11112, 다매체시대의비교문학,null,1,3,3,null
4,19,172,11112, 다매체시대의비교문학,null,2,3,3,null
4,19,172,11108, 동아시아문학으로문화읽기,null,1,3,3,null
4,19,172,11108, 동아시아문학으로문화읽기,null,2,3,3,null
4,19,172,11038, 디지털미디어시대의동아시아문자,null,1,3,3,null
4,19,172,11038, 디지털미디어시대의동아시아문자,null,2,3,3,null
4,19,172,10950, 디지털스토리텔링의이해,null,1,3,3,null
4,19,172,10950, 디지털스토리텔링의이해,null,2,3,3,null
4,19,172,10041, 문학과삶,null,1,3,3,null
4,19,172,10041, 문학과삶,null,2,3,3,null
4,19,172,10654, 문학과영화,null,1,3,3,null
4,19,172,10654, 문학과영화,null,2,3,3,null
4,19,172,11148, 문학으로보는사랑의역사,null,1,3,3,null
4,19,172,11148, 문학으로보는사랑의역사,null,2,3,3,null
4,19,172,11184, 문학으로함께배우는매체/이야기,null,1,3,3,null
4,19,172,11184, 문학으로함께배우는매체/이야기,null,2,3,3,null
4,19,172,11146, 문화로읽는현대시의세계,null,1,3,3,null
4,19,172,11146, 문화로읽는현대시의세계,null,1,3,3,null
4,19,172,11147, 사이언스픽션의이해,null,1,3,3,null
4,19,172,11147, 사이언스픽션의이해,null,2,3,3,null
4,19,172,11297, 생태와문학,null,1,3,3,null
4,19,172,11297, 생태와문학,null,2,3,3,null
4,19,172,10768, 신화·상상력·문화,null,1,3,3,null
4,19,172,10768, 신화·상상력·문화,null,2,3,3,null
4,19,172,11109, 여행문학과세계인식,null,1,3,3,null
4,19,172,11109, 여행문학과세계인식,null,2,3,3,null
4,19,172,10882, 인간과언어,null,1,3,3,null
4,19,172,10882, 인간과언어,null,2,3,3,null
4,19,172,11258, 자연과문학,null,1,3,3,null
4,19,172,11258, 자연과문학,null,2,3,3,null
4,19,172,10543, 한국현대시와삶읽기,null,1,3,3,null
4,19,172,10543, 한국현대시와삶읽기,null,2,3,3,null
4,19,172,11134, 현대영어권문학의동향,null,1,3,3,null
4,19,172,11134, 현대영어권문학의동향,null,2,3,3,null
4,19,172,10896, 환상문학의세계,null,1,3,3,null
4,19,172,10896, 환상문학의세계,null,2,3,3,null
4,19,172,11334, Critical and Creative Textual Studies,null,1,3,3,null
4,19,172,11334, Critical and Creative Textual Studies,null,2,3,3,null
4,19,172,11335, Technical Writing and Document Design in English,null,1,3,3,null
4,19,172,11335, Technical Writing and Document Design in English,null,2,3,3,null
4,19,173,11107, 21세기의예술과인간,null,1,3,3,null
4,19,173,11107, 21세기의예술과인간,null,2,3,3,null
4,19,173,11164, Contemporary Photography,null,1,3,3,null
4,19,173,11164, Contemporary Photography,null,2,3,3,null
4,19,173,10018, 국악의이해,null,1,3,3,null
4,19,173,10018, 국악의이해,null,2,3,3,null
4,19,173,10033, 동양미술의이해,null,1,3,3,null
4,19,173,10033, 동양미술의이해,null,2,3,3,null
4,19,173,10778, 디지털매체와예술,null,1,3,3,null
4,19,173,10778, 디지털매체와예술,null,2,3,3,null
4,19,173,10576, 무용의이해,null,1,3,3,null
4,19,173,10576, 무용의이해,null,2,3,3,null
4,19,173,11153, 문화콘텐츠기획의이해,null,1,3,3,null
4,19,173,11153, 문화콘텐츠기획의이해,null,2,3,3,null
4,19,173,11328, 미술로치유하는마음,null,1,3,3,null
4,19,173,11328, 미술로치유하는마음,null,2,3,3,null
4,19,173,11083, 미학과미술,null,1,3,3,null
4,19,173,11083, 미학과미술,null,2,3,3,null
4,19,173,11135, 사물과예술,null,1,3,3,null
4,19,173,11135, 사물과예술,null,2,3,3,null
4,19,173,11329, 색채의이해,null,1,3,3,null
4,19,173,11329, 색채의이해,null,2,3,3,null
4,19,173,10072, 서양미술의이해,null,1,3,3,null
4,19,173,10072, 서양미술의이해,null,2,3,3,null
4,19,173,10073, 서양음악의이해,null,1,3,3,null
4,19,173,10073, 서양음악의이해,null,2,3,3,null
4,19,173,11084, 시각문화로서미술작품읽기,null,1,3,3,null
4,19,173,11084, 시각문화로서미술작품읽기,null,2,3,3,null
4,19,173,10090, 여성과예술,null,1,3,3,null
4,19,173,10090, 여성과예술,null,2,3,3,null
4,19,173,11113, 여성의몸과창조적움직임,null,1,3,3,null
4,19,173,11113, 여성의몸과창조적움직임,null,2,3,3,null
4,19,173,10097, 연극의이론과실제,null,1,3,3,null
4,19,173,10097, 연극의이론과실제,null,2,3,3,null
4,19,173,11110, 예술가와그의시대,null,1,3,3,null
4,19,173,11110, 예술가와그의시대,null,2,3,3,null
4,19,173,10100, 예술과사상,null,1,3,3,null
4,19,173,10100, 예술과사상,null,2,3,3,null
4,19,173,11055, 옛시와그림의만남,null,1,3,3,null
4,19,173,11055, 옛시와그림의만남,null,2,3,3,null
4,19,173,11075, 창조와상상의기술,null,1,3,3,null
4,19,173,11075, 창조와상상의기술,null,2,3,3,null
4,19,173,11035," 퍼포먼스인문학:제의,놀이,연극",null,1,3,3,null
4,19,173,11035," 퍼포먼스인문학:제의,놀이,연극",null,2,3,3,null
4,19,173,10892," 표현,예술,그리고시대정신",null,1,3,3,null
4,19,173,10892," 표현,예술,그리고시대정신",null,2,3,3,null
4,19,173,10152, 한국미술의이해,null,1,3,3,null
4,19,173,10152, 한국미술의이해,null,2,3,3,null
4,19,173,11333," 한국사와상상력,스토리텔링",null,1,3,3,null
4,19,173,11333," 한국사와상상력,스토리텔링",null,2,3,3,null
4,19,173,10883, 한국의문화공간과예술,null,1,3,3,null
4,19,173,10883, 한국의문화공간과예술,null,2,3,3,null
4,19,173,10165, 현대미술사,null,1,3,3,null
4,19,173,10165, 현대미술사,null,2,3,3,null
4,19,173,11330, Reading American Popular Culture in the Digital Age,null,1,3,3,null
4,19,173,11330, Reading American Popular Culture in the Digital Age,null,2,3,3,null
4,19,173,11265, 음악과건강,null,1,3,3,null
4,19,173,11265, 음악과건강,null,2,3,3,null
4,19,173,11116, Introduction to World Music and Culture,null,1,3,3,null
4,19,173,11116, Introduction to World Music and Culture,null,2,3,3,null
4,19,174,11190, The Art of Thinking,null,1,3,3,null
4,19,174,11190, The Art of Thinking,null,2,3,3,null
4,19,174,10545, 근대일본과동아시아,null,1,3,3,null
4,19,174,10545, 근대일본과동아시아,null,2,3,3,null
4,19,174,11046, 동서양의인간이해,null,1,3,3,null
4,19,174,11046, 동서양의인간이해,null,2,3,3,null
4,19,174,10034, 동양철학의이해,null,1,3,3,null
4,19,174,10034, 동양철학의이해,null,2,3,3,null
4,19,174,10769, 모던/포스트모던문화읽기,null,1,3,3,null
4,19,174,10769, 모던/포스트모던문화읽기,null,2,3,3,null
4,19,174,11056, 문화로읽는한국사,null,1,3,3,null
4,19,174,11056, 문화로읽는한국사,null,2,3,3,null
4,19,174,11185, 문화와예술을통해본르네상스역사,null,1,3,3,null
4,19,174,11185, 문화와예술을통해본르네상스역사,null,2,3,3,null
4,19,174,10772, 여성과사회정의,null,1,3,3,null
4,19,174,10772, 여성과사회정의,null,2,3,3,null
4,19,174,11054, 연어프로젝트:한국여성나의뿌리를찾아서 ,null,1,3,3,null
4,19,174,11054, 연어프로젝트:한국여성나의뿌리를찾아서 ,null,2,3,3,null
4,19,174,10108, 인간과종교,null,1,3,3,null
4,19,174,10108, 인간과종교,null,2,3,3,null
4,19,174,11041, 인간과철학적사유,null,1,3,3,null
4,19,174,11041, 인간과철학적사유,null,2,3,3,null
4,19,174,11293, 인물로본중국의역사,null,1,3,3,null
4,19,174,11293, 인물로본중국의역사,null,2,3,3,null
4,19,174,10581, 인물로본한국사,null,1,3,3,null
4,19,174,10581, 인물로본한국사,null,2,3,3,null
4,19,174,11078, 젠더와역사,null,1,3,3,null
4,19,174,11078, 젠더와역사,null,2,3,3,null
4,19,174,10767, 종교와문화,null,1,3,3,null
4,19,174,10767, 종교와문화,null,2,3,3,null
4,19,174,11057, 주제로살펴보는서양근현대사,null,1,3,3,null
4,19,174,11057, 주제로살펴보는서양근현대사,null,2,3,3,null
4,19,174,10544, 중국의역사와문화,null,1,3,3,null
4,19,174,10544, 중국의역사와문화,null,2,3,3,null
4,19,174,11297, 질병치료와백신의역사,null,1,3,3,null
4,19,174,11297, 질병치료와백신의역사,null,2,3,3,null
4,19,174,11189, 철학의은유들,null,1,3,3,null
4,19,174,11189, 철학의은유들,null,2,3,3,null
4,19,174,11045, 패러다임전환과비판이론,null,1,3,3,null
4,19,174,11045, 패러다임전환과비판이론,null,2,3,3,null
4,19,174,10149, 한국근현대사 ,null,1,3,3,null
4,19,174,10149, 한국근현대사 ,null,2,3,3,null
4,19,174,11058, 한국사의새로운이해,null,1,3,3,null
4,19,174,11058, 한국사의새로운이해,null,2,3,3,null
4,19,174,11186, Evolutionary Origin of Humans,null,1,3,3,null
4,19,174,11186, Evolutionary Origin of Humans,null,2,3,3,null
4,19,174,11295, 인공지능시대의과학과종교,null,1,3,3,null
4,19,174,11295, 인공지능시대의과학과종교,null,2,3,3,null
4,19,175,10011, 가족건강과간호,null,1,3,3,null
4,19,175,10011, 가족건강과간호,null,2,3,3,null
4,19,175,10932, 건축으로읽는사회문화사,null,1,3,3,null
4,19,175,10932, 건축으로읽는사회문화사,null,2,3,3,null
4,19,175,10013, 경영과사회,null,1,3,3,null
4,19,175,10013, 경영과사회,null,2,3,3,null
4,19,175,11068, 글로벌사회변동과쟁점지역연구,null,1,3,3,null
4,19,175,11068, 글로벌사회변동과쟁점지역연구,null,2,3,3,null
4,19,175,10913, 글로벌시대의다문화사회,null,1,3,3,null
4,19,175,10913, 글로벌시대의다문화사회,null,2,3,3,null
4,19,175,10914, 글로벌시대의아시아여성,null,1,3,3,null
4,19,175,10914, 글로벌시대의아시아여성,null,2,3,3,null
4,19,175,10091, 노동과젠더,null,1,3,3,null
4,19,175,10091, 노동과젠더,null,2,3,3,null
4,19,175,11332, 도시공간문화로읽는한국사,null,1,3,3,null
4,19,175,11332, 도시공간문화로읽는한국사,null,2,3,3,null
4,19,175,10886, 동양고전의현대적이해,null,1,3,3,null
4,19,175,10886, 동양고전의현대적이해,null,2,3,3,null
4,19,175,11292, 모방과인간,null,1,3,3,null
4,19,175,11292, 모방과인간,null,2,3,3,null
4,19,175,11193, 법과젠더,null,1,3,3,null
4,19,175,11193, 법과젠더,null,2,3,3,null
4,19,175,10549, 북한정치의이해,null,1,3,3,null
4,19,175,10549, 북한정치의이해,null,2,3,3,null
4,19,175,10548, 북한주민의문화와생활,null,1,3,3,null
4,19,175,10548, 북한주민의문화와생활,null,2,3,3,null
4,19,175,10929, 브레인스펙트럼,null,1,3,3,null
4,19,175,10929, 브레인스펙트럼,null,2,3,3,null
4,19,175,10573, 생명윤리와법,null,1,3,3,null
4,19,175,10573, 생명윤리와법,null,2,3,3,null
4,19,175,10074, 성문화연구,null,1,3,3,null
4,19,175,10074, 성문화연구,null,2,3,3,null
4,19,175,10081, 시민생활과법,null,1,3,3,null
4,19,175,10081, 시민생활과법,null,2,3,3,null
4,19,175,10094, 여성학,null,1,3,3,null
4,19,175,10094, 여성학,null,2,3,3,null
4,19,175,11089, 여행과지리:글로벌화의지역탐색,null,1,3,3,null
4,19,175,11089, 여행과지리:글로벌화의지역탐색,null,2,3,3,null
4,19,175,10908, 영상이미지와젠더,null,1,3,3,null
4,19,175,10908, 영상이미지와젠더,null,2,3,3,null
4,19,175,10904, 우리사회의문제와쟁점찾기,null,1,3,3,null
4,19,175,10904, 우리사회의문제와쟁점찾기,null,2,3,3,null
4,19,175,10109, 인간발달과가족,null,1,3,3,null
4,19,175,10109, 인간발달과가족,null,2,3,3,null
4,19,175,10903, 인간발달과문화의다양성,null,1,3,3,null
4,19,175,10903, 인간발달과문화의다양성,null,2,3,3,null
4,19,175,11114, 인간은왜춤을추는가,null,1,3,3,null
4,19,175,11114, 인간은왜춤을추는가,null,2,3,3,null
4,19,175,11103, 인터넷과법,null,1,3,3,null
4,19,175,11103, 인터넷과법,null,2,3,3,null
4,19,175,11104, 죄와벌,null,1,3,3,null
4,19,175,11104, 죄와벌,null,2,3,3,null
4,19,175,10905, 지구촌의사회복지,null,1,3,3,null
4,19,175,10905, 지구촌의사회복지,null,2,3,3,null
4,19,175,11105, 직업세계와법,null,1,3,3,null
4,19,175,11105, 직업세계와법,null,2,3,3,null
4,19,175,11039, 키워드로읽는중국문화,null,1,3,3,null
4,19,175,11039, 키워드로읽는중국문화,null,2,3,3,null
4,19,175,10887, 현대중국의사회와문화,null,1,3,3,null
4,19,175,10887, 현대중국의사회와문화,null,2,3,3,null
4,19,175,11162, Middle Eastern Political Theology: Religious Sources,null,1,3,3,null
4,19,175,11162, Middle Eastern Political Theology: Religious Sources,null,2,3,3,null
4,19,175,11259, SDGs시대글로벌보건협력:개발도상국의보건의료현황과국제사회의지원,null,1,3,3,null
4,19,175,11259, SDGs시대글로벌보건협력:개발도상국의보건의료현황과국제사회의지원,null,2,3,3,null
4,19,175,11161, Social and Cultural Impact of Video Games,null,1,3,3,null
4,19,175,11161, Social and Cultural Impact of Video Games,null,2,3,3,null
4,19,175,11296, 청춘의아픔과치유:행복인문학,null,1,3,3,null
4,19,175,11296, 청춘의아픔과치유:행복인문학,null,2,3,3,null
4,19,175,10181, 환경과인간,null,1,3,3,null
4,19,175,10181, 환경과인간,null,2,3,3,null
4,19,175,11188, Introduction to Ethnic Conflict and Management,null,1,3,3,null
4,19,175,11188, Introduction to Ethnic Conflict and Management,null,2,3,3,null
4,19,175,11163, Literacy in the 21st Century,null,1,3,3,null
4,19,175,11163, Literacy in the 21st Century,null,2,3,3,null
4,19,175,10949, 국제구호와개발협력,null,1,3,3,null
4,19,175,10949, 국제구호와개발협력,null,2,3,3,null
4,19,175,11106, 글로벌시민의이해와리더십,null,1,3,3,null
4,19,175,11106, 글로벌시민의이해와리더십,null,2,3,3,null
4,19,175,10933, 대학생의성건강,null,1,3,3,null
4,19,175,10933, 대학생의성건강,null,2,3,3,null
4,19,175,11308, 데이터로고전읽기,null,1,3,3,null
4,19,175,11308, 데이터로고전읽기,null,2,3,3,null
4,19,175,11079, 장애와사회,null,1,3,3,null
4,19,175,11079, 장애와사회,null,2,3,3,null
4,19,176,11154, 사물인터넷개론,null,1,3,3,null
4,19,176,11154, 사물인터넷개론,null,2,3,3,null
4,19,176,10556, 인터넷과소셜컴퓨팅,null,1,3,3,null
4,19,176,10556, 인터넷과소셜컴퓨팅,null,2,3,3,null
4,19,176,11160, 정보기술과미래사회,null,1,3,3,null
4,19,176,11160, 정보기술과미래사회,null,2,3,3,null
4,19,176,10123, 정보사회와인터넷윤리,null,1,3,3,null
4,19,176,10123, 정보사회와인터넷윤리,null,2,3,3,null
4,19,176,10930, Behavior of Animals,null,1,3,3,null
4,19,176,10930, Behavior of Animals,null,2,3,3,null
4,19,176,11111, SF영화로배우는철학,null,1,3,3,null
4,19,176,11111, SF영화로배우는철학,null,2,3,3,null
4,19,176,11155, 과학과허구,null,1,3,3,null
4,19,176,11155, 과학과허구,null,2,3,3,null
4,19,176,11101, 과학과문화의커뮤니케이션,null,1,3,3,null
4,19,176,11101, 과학과문화의커뮤니케이션,null,2,3,3,null
4,19,176,11043, 글로벌사회의기록과정보,null,1,3,3,null
4,19,176,11043, 글로벌사회의기록과정보,null,2,3,3,null
4,19,176,10776, 글로벌시민을위한과학소양,null,1,3,3,null
4,19,176,10776, 글로벌시민을위한과학소양,null,2,3,3,null
4,19,176,11044, 디지털네이티브와검색엔진,null,1,3,3,null
4,19,176,11044, 디지털네이티브와검색엔진,null,2,3,3,null
4,19,176,11152, 모바일멀티미디어프로그래밍,null,1,3,3,null
4,19,176,11152, 모바일멀티미디어프로그래밍,null,2,3,3,null
4,19,176,10559, 미래를위한환경의이해,null,1,3,3,null
4,19,176,10559, 미래를위한환경의이해,null,2,3,3,null
4,19,176,11191, 식물의모든것,null,1,3,3,null
4,19,176,11191, 식물의모든것,null,2,3,3,null
4,19,176,10052, 약과건강,null,1,3,3,null
4,19,176,10052, 약과건강,null,2,3,3,null
4,19,176,11102," 에너지의이해,이용,실천",null,1,3,3,null
4,19,176,11102," 에너지의이해,이용,실천",null,2,3,3,null
4,19,176,11257, 에피소드로보는과학철학,null,1,3,3,null
4,19,176,11257, 에피소드로보는과학철학,null,2,3,3,null
4,19,176,10910, 위험판단심리학,null,1,3,3,null
4,19,176,10910, 위험판단심리학,null,2,3,3,null
4,19,176,10104, 응용통계입문,null,1,3,3,null
4,19,176,10104, 응용통계입문,null,2,3,3,null
4,19,176,11336, 인공지능과인간,null,1,3,3,null
4,19,176,11336, 인공지능과인간,null,2,3,3,null
4,19,176,11261, 인공지능시대의정보산업이해,null,1,3,3,null
4,19,176,11261, 인공지능시대의정보산업이해,null,2,3,3,null
4,19,176,11156," 자연과의대화,환경생태",null,1,3,3,null
4,19,176,11156," 자연과의대화,환경생태",null,2,3,3,null
4,19,176,11096, 정보화사회와통계,null,1,3,3,null
4,19,176,11096, 정보화사회와통계,null,2,3,3,null
4,19,176,10135, 지구의역사,null,1,3,3,null
4,19,176,10135, 지구의역사,null,2,3,3,null
4,19,176,11042, 컴퓨터와마음,null,1,3,3,null
4,19,176,11042, 컴퓨터와마음,null,2,3,3,null
4,19,176,11145, 크리에이티브컴퓨팅,null,1,3,3,null
4,19,176,11145, 크리에이티브컴퓨팅,null,2,3,3,null
4,19,176,10164, 현대물리학과인간사고의변혁,null,1,3,3,null
4,19,176,10164, 현대물리학과인간사고의변혁,null,2,3,3,null
4,19,176,11157, 환경재난과국제협력,null,1,3,3,null
4,19,176,11157, 환경재난과국제협력,null,2,3,3,null
4,19,176,11159, General Biology,null,1,3,3,null
4,19,176,11159, General Biology,null,2,3,3,null
4,19,176,11262, 생활속의미생물,null,1,3,3,null
4,19,176,11262, 생활속의미생물,null,2,3,3,null
4,19,176,11187, 빅데이터사회와정보활용,null,1,3,3,null
4,19,176,11187, 빅데이터사회와정보활용,null,2,3,3,null
4,19,176,11264, 세계의자연유산과지오투어리즘,null,1,3,3,null
4,19,176,11264, 세계의자연유산과지오투어리즘,null,2,3,3,null
4,19,176,11098, 주거로보는건축문화,null,1,3,3,null
4,19,176,11098, 주거로보는건축문화,null,2,3,3,null
4,19,177,11208, IT융합설계개론,null,1,3,3,null
4,19,177,11208, IT융합설계개론,null,2,3,3,null
4,19,177,11309, 문제해결과SW프로그래밍,null,1,3,3,null
4,19,177,11309, 문제해결과SW프로그래밍,null,2,3,3,null
4,19,177,11214, 간호와휴머니즘,null,1,3,3,null
4,19,177,11214, 간호와휴머니즘,null,2,3,3,null
4,19,177,11206, 계산의기초와융합적문제해결,null,1,3,3,null
4,19,177,11206, 계산의기초와융합적문제해결,null,2,3,3,null
4,19,177,11207, 과학자를위한기초현대통계학론,null,1,3,3,null
4,19,177,11207, 과학자를위한기초현대통계학론,null,2,3,3,null
4,19,177,11210, 교육커뮤니케이션의이해와실제,null,1,3,3,null
4,19,177,11210, 교육커뮤니케이션의이해와실제,null,2,3,3,null
4,19,177,11212, 글로벌커리어개발과기업가정신,null,1,3,3,null
4,19,177,11212, 글로벌커리어개발과기업가정신,null,2,3,3,null
4,19,177,11204, 논리로과학읽기,null,1,3,3,null
4,19,177,11204, 논리로과학읽기,null,2,3,3,null
4,19,177,11209, 시각적사고를통한일상의문화와트랜드,null,1,3,3,null
4,19,177,11209, 시각적사고를통한일상의문화와트랜드,null,2,3,3,null
4,19,177,11263, 예술과기술,null,1,3,3,null
4,19,177,11263, 예술과기술,null,2,3,3,null
4,19,177,11233, 음악과테크놀로지,null,1,3,3,null
4,19,177,11233, 음악과테크놀로지,null,2,3,3,null
4,19,177,11235, 의료생명분야에서의컴퓨터적사고,null,1,3,3,null
4,19,177,11235, 의료생명분야에서의컴퓨터적사고,null,2,3,3,null
4,19,177,11213, 질병과몸의역사,null,1,3,3,null
4,19,177,11213, 질병과몸의역사,null,2,3,3,null
4,19,177,11205, 컴퓨터과학적인식과문제해결,null,1,3,3,null
4,19,177,11205, 컴퓨터과학적인식과문제해결,null,2,3,3,null
4,19,177,11232, 컴퓨터적사고와이해,null,1,3,3,null
4,19,177,11232, 컴퓨터적사고와이해,null,2,3,3,null
4,19,177,11234, 컴퓨터적사고와조형적활용,null,1,3,3,null
4,19,177,11234, 컴퓨터적사고와조형적활용,null,2,3,3,null
4,19,177,11211, 컴퓨팅적사고와프로그래밍,null,1,3,3,null
4,19,177,11211, 컴퓨팅적사고와프로그래밍,null,2,3,3,null
4,19,177,11215, 통합적분쟁이해와조정,null,1,3,3,null
4,19,177,11215, 통합적분쟁이해와조정,null,2,3,3,null
4,19,177,11260, 기업가정신과기술혁신,null,1,3,3,null
4,19,178,33489,프랑스어와프랑스문화1,1,1,3,3,null
4,19,178,36829,프랑스문학과의만남,1,2,3,3,null
4,19,178,33545,프랑스어와프랑스문화2,1,2,3,3,null
4,19,178,35230,프랑스어회화,1,2,3,3,null
4,19,178,33611,멀티미디어프랑스어,2,1,3,3,null
4,19,178,33613,프랑스단편소설,2,1,3,3,null
4,19,178,33612,프랑스어문법과작문1,2,1,3,3,null
4,19,178,35232,프랑스어읽기/쓰기,2,1,3,3,null
4,19,178,38311,프랑스지역학입문,2,1,3,3,null
4,19,178,38312,유럽학입문,2,1,3,3,null
4,19,178,33614,프랑스명작의이해,2,2,3,3,null
4,19,178,30170,프랑스문학사,2,2,3,3,null
4,19,178,35596,프랑스어구현연습,2,2,3,3,null
4,19,178,33615,프랑스어문법과작문2,2,2,3,3,null
4,19,178,35231,현대프랑스예술과사회,2,2,3,3,null
4,19,178,38099,불문전공설계심화1,3,1,null,3,null
4,19,178,38099,불문전공설계심화1,3,2,null,3,null
4,19,178,38100,불문전공설계심화2,3,1,null,3,null
4,19,178,38100,불문전공설계심화2,3,2,null,3,null
4,19,178,38101,불문전공설계심화3,3,1,null,3,null
4,19,178,38101,불문전공설계심화3,3,2,null,3,null
4,19,178,35236,소설로보는프랑스역사,3,1,3,3,null
4,19,178,33619,시사실무프랑스어(캡스톤디자인),3,1,3,3,null
4,19,178,35235,프랑스시의세계,3,1,3,3,null
4,19,178,35594,프랑스어의사소통문화,3,1,3,3,null
4,19,178,34915,프랑스언어학기초,3,1,3,3,null
4,19,178,35237,영화로보는프랑스사회와문화,3,2,3,3,null
4,19,178,35241,인공지능과프랑스어,3,2,3,3,null
4,19,178,33629,프랑스대중문화,3,2,3,3,null
4,19,178,35239,프랑스문학과인간심리,3,2,3,3,null
4,19,178,35595,프랑스어구조와활용,3,2,3,3,null
4,19,178,35238,프랑스연극,3,2,3,3,null
4,19,178,37722,불어불문학인턴십1,4,1,null,1,null
4,19,178,37722,불어불문학인턴십1,4,2,null,1,null
4,19,178,37723,불어불문학인턴십2,4,1,null,1,null
4,19,178,37723,불어불문학인턴십2,4,2,null,1,null
4,19,178,37724,불어불문학인턴십3,4,1,null,1,null
4,19,178,37724,불어불문학인턴십3,4,2,null,1,null
4,19,178,35240,국제사회속의프랑스,4,1,3,3,null
4,19,178,35245,프랑스사상의프름,4,1,3,3,null
4,19,178,38313,프랑스시사토픽,4,1,3,3,null
4,19,178,35243,프랑스어의미와활용,4,1,3,3,null
4,19,178,35244,프랑스영화,4,1,3,3,null
4,19,178,35242,현대프랑스어와현장,4,2,3,3,null
4,19,178,35246,전문프랑스어와현장,4,2,3,3,null
4,19,178,38793,프랑스시인과도시,4,2,3,3,null
4,19,178,35247,프랑스어권지역의이해,4,2,3,3,null
4,19,178,35248,프랑스어문체연구,4,2,3,3,null
4,19,178,33631,프랑스어번역연습,4,2,3,3,null
4,19,178,38286,프랑스정치경제읽기,4,2,3,3,null
4,19,178,33630,현대프랑스문학비평,4,2,3,3,null
5,18,179,10023, 기독교와세계,1,1,3,3,null
5,18,179,10023, 기독교와세계,1,2,3,3,null
5,18,180,11256, 공존과협력의유토피아,1,1,3,2,null
5,18,180,11256, 공존과협력의유토피아,1,2,3,2,null
5,18,180,11254, 관계의미학:사랑과윤리,1,1,3,2,null
5,18,180,11254, 관계의미학:사랑과윤리,1,2,3,2,null
5,18,180,11095, 나눔리더십,1,1,3,2,null
5,18,180,11095, 나눔리더십,1,2,3,2,null
5,18,180,11253, 나눔의인간학,1,1,3,2,null
5,18,180,11253, 나눔의인간학,1,2,3,2,null
5,18,180,11252, 청춘의자기이해,1,1,3,2,null
5,18,180,11252, 청춘의자기이해,1,2,3,2,null
5,18,180,11255, 호모엠파티쿠스:소통·공감·신뢰,1,1,3,2,null
5,18,180,11255, 호모엠파티쿠스:소통·공감·신뢰,1,2,3,2,null
5,18,181,10021, 우리말과글쓰기,1,1,3,3,null
5,18,181,10021, 우리말과글쓰기,1,2,3,3,null
5,18,182,11094, 고전읽기와글쓰기,1,1,3,2,10021
5,18,182,11094, 고전읽기와글쓰기,1,2,3,2,10021
5,18,182,11250,사이보그와이미지의권력,2,1,3,2,10021
5,18,182,11250,사이보그와이미지의권력,2,2,3,2,10021
5,18,182,11249,역사와철학으로질문던지기,2,1,3,2,10021
5,18,182,11249,역사와철학으로질문던지기,2,1,3,2,10021
5,18,182,11248,읽기와쓰기의다이내미즘,2,2,3,2,10021
5,18,182,11248,읽기와쓰기의다이내미즘,2,1,3,2,10021
5,18,183,10098, 대학영어,1,1,3,3,null
5,18,183,10098, 대학영어,1,2,3,3,null
5,18,183,10099, 고급영어,1,1,3,3,null
5,18,183,10099, 고급영어,1,2,3,3,null
5,18,184,11036, 중국어Ⅰ,1,1,3,2,null
5,18,184,11037, 중국어Ⅱ,1,2,3,2,null
5,18,184,11073, 프랑스어Ⅰ,1,1,3,2,null
5,18,184,11074, 프랑스어Ⅱ,1,2,3,2,null
5,18,184,11033, 독일어Ⅰ,1,1,3,2,null
5,18,184,11034, 독일어Ⅱ,1,2,3,2,null
5,18,184,11091, 일본어Ⅰ,1,1,3,2,null
5,18,184,11092, 일본어Ⅱ,1,2,3,2,null
5,18,184,11066, 스페인어Ⅰ,1,1,3,2,null
5,18,184,11067, 스페인어Ⅱ,1,2,3,2,null
5,18,184,11064, 러시아어Ⅰ,1,1,3,2,null
5,18,184,11065, 러시아어Ⅱ,1,2,3,2,null
5,18,185,11053, 21세기사회와문학의대화,null,1,3,3,null
5,18,185,11053, 21세기사회와문학의대화,null,2,3,3,null
5,18,185,11183, The Story of Human Language,null,1,3,3,null
5,18,185,11183, The Story of Human Language,null,2,3,3,null
5,18,185,11165, Topics in Multiethnic American Literature,null,1,3,3,null
5,18,185,11165, Topics in Multiethnic American Literature,null,2,3,3,null
5,18,185,11112, 다매체시대의비교문학,null,1,3,3,null
5,18,185,11112, 다매체시대의비교문학,null,2,3,3,null
5,18,185,11108, 동아시아문학으로문화읽기,null,1,3,3,null
5,18,185,11108, 동아시아문학으로문화읽기,null,2,3,3,null
5,18,185,11038, 디지털미디어시대의동아시아문자,null,1,3,3,null
5,18,185,11038, 디지털미디어시대의동아시아문자,null,2,3,3,null
5,18,185,10950, 디지털스토리텔링의이해,null,1,3,3,null
5,18,185,10950, 디지털스토리텔링의이해,null,2,3,3,null
5,18,185,10041, 문학과삶,null,1,3,3,null
5,18,185,10041, 문학과삶,null,2,3,3,null
5,18,185,10654, 문학과영화,null,1,3,3,null
5,18,185,10654, 문학과영화,null,2,3,3,null
5,18,185,11148, 문학으로보는사랑의역사,null,1,3,3,null
5,18,185,11148, 문학으로보는사랑의역사,null,2,3,3,null
5,18,185,11184, 문학으로함께배우는매체/이야기,null,1,3,3,null
5,18,185,11184, 문학으로함께배우는매체/이야기,null,2,3,3,null
5,18,185,11146, 문화로읽는현대시의세계,null,1,3,3,null
5,18,185,11146, 문화로읽는현대시의세계,null,1,3,3,null
5,18,185,11147, 사이언스픽션의이해,null,1,3,3,null
5,18,185,11147, 사이언스픽션의이해,null,2,3,3,null
5,18,185,11297, 생태와문학,null,1,3,3,null
5,18,185,11297, 생태와문학,null,2,3,3,null
5,18,185,10768, 신화·상상력·문화,null,1,3,3,null
5,18,185,10768, 신화·상상력·문화,null,2,3,3,null
5,18,185,11109, 여행문학과세계인식,null,1,3,3,null
5,18,185,11109, 여행문학과세계인식,null,2,3,3,null
5,18,185,10882, 인간과언어,null,1,3,3,null
5,18,185,10882, 인간과언어,null,2,3,3,null
5,18,185,11258, 자연과문학,null,1,3,3,null
5,18,185,11258, 자연과문학,null,2,3,3,null
5,18,185,10543, 한국현대시와삶읽기,null,1,3,3,null
5,18,185,10543, 한국현대시와삶읽기,null,2,3,3,null
5,18,185,11134, 현대영어권문학의동향,null,1,3,3,null
5,18,185,11134, 현대영어권문학의동향,null,2,3,3,null
5,18,185,10896, 환상문학의세계,null,1,3,3,null
5,18,185,10896, 환상문학의세계,null,2,3,3,null
5,18,185,11334, Critical and Creative Textual Studies,null,1,3,3,null
5,18,185,11334, Critical and Creative Textual Studies,null,2,3,3,null
5,18,185,11335, Technical Writing and Document Design in English,null,1,3,3,null
5,18,185,11335, Technical Writing and Document Design in English,null,2,3,3,null
5,18,186,11107, 21세기의예술과인간,null,1,3,3,null
5,18,186,11107, 21세기의예술과인간,null,2,3,3,null
5,18,186,11164, Contemporary Photography,null,1,3,3,null
5,18,186,11164, Contemporary Photography,null,2,3,3,null
5,18,186,10018, 국악의이해,null,1,3,3,null
5,18,186,10018, 국악의이해,null,2,3,3,null
5,18,186,10033, 동양미술의이해,null,1,3,3,null
5,18,186,10033, 동양미술의이해,null,2,3,3,null
5,18,186,10778, 디지털매체와예술,null,1,3,3,null
5,18,186,10778, 디지털매체와예술,null,2,3,3,null
5,18,186,10576, 무용의이해,null,1,3,3,null
5,18,186,10576, 무용의이해,null,2,3,3,null
5,18,186,11153, 문화콘텐츠기획의이해,null,1,3,3,null
5,18,186,11153, 문화콘텐츠기획의이해,null,2,3,3,null
5,18,186,11328, 미술로치유하는마음,null,1,3,3,null
5,18,186,11328, 미술로치유하는마음,null,2,3,3,null
5,18,186,11083, 미학과미술,null,1,3,3,null
5,18,186,11083, 미학과미술,null,2,3,3,null
5,18,186,11135, 사물과예술,null,1,3,3,null
5,18,186,11135, 사물과예술,null,2,3,3,null
5,18,186,11329, 색채의이해,null,1,3,3,null
5,18,186,11329, 색채의이해,null,2,3,3,null
5,18,186,10072, 서양미술의이해,null,1,3,3,null
5,18,186,10072, 서양미술의이해,null,2,3,3,null
5,18,186,10073, 서양음악의이해,null,1,3,3,null
5,18,186,10073, 서양음악의이해,null,2,3,3,null
5,18,186,11084, 시각문화로서미술작품읽기,null,1,3,3,null
5,18,186,11084, 시각문화로서미술작품읽기,null,2,3,3,null
5,18,186,10090, 여성과예술,null,1,3,3,null
5,18,186,10090, 여성과예술,null,2,3,3,null
5,18,186,11113, 여성의몸과창조적움직임,null,1,3,3,null
5,18,186,11113, 여성의몸과창조적움직임,null,2,3,3,null
5,18,186,10097, 연극의이론과실제,null,1,3,3,null
5,18,186,10097, 연극의이론과실제,null,2,3,3,null
5,18,186,11110, 예술가와그의시대,null,1,3,3,null
5,18,186,11110, 예술가와그의시대,null,2,3,3,null
5,18,186,10100, 예술과사상,null,1,3,3,null
5,18,186,10100, 예술과사상,null,2,3,3,null
5,18,186,11055, 옛시와그림의만남,null,1,3,3,null
5,18,186,11055, 옛시와그림의만남,null,2,3,3,null
5,18,186,11075, 창조와상상의기술,null,1,3,3,null
5,18,186,11075, 창조와상상의기술,null,2,3,3,null
5,18,186,11035," 퍼포먼스인문학:제의,놀이,연극",null,1,3,3,null
5,18,186,11035," 퍼포먼스인문학:제의,놀이,연극",null,2,3,3,null
5,18,186,10892," 표현,예술,그리고시대정신",null,1,3,3,null
5,18,186,10892," 표현,예술,그리고시대정신",null,2,3,3,null
5,18,186,10152, 한국미술의이해,null,1,3,3,null
5,18,186,10152, 한국미술의이해,null,2,3,3,null
5,18,186,11333," 한국사와상상력,스토리텔링",null,1,3,3,null
5,18,186,11333," 한국사와상상력,스토리텔링",null,2,3,3,null
5,18,186,10883, 한국의문화공간과예술,null,1,3,3,null
5,18,186,10883, 한국의문화공간과예술,null,2,3,3,null
5,18,186,10165, 현대미술사,null,1,3,3,null
5,18,186,10165, 현대미술사,null,2,3,3,null
5,18,186,11330, Reading American Popular Culture in the Digital Age,null,1,3,3,null
5,18,186,11330, Reading American Popular Culture in the Digital Age,null,2,3,3,null
5,18,186,11265, 음악과건강,null,1,3,3,null
5,18,186,11265, 음악과건강,null,2,3,3,null
5,18,186,11116, Introduction to World Music and Culture,null,1,3,3,null
5,18,186,11116, Introduction to World Music and Culture,null,2,3,3,null
5,18,187,11190, The Art of Thinking,null,1,3,3,null
5,18,187,11190, The Art of Thinking,null,2,3,3,null
5,18,187,10545, 근대일본과동아시아,null,1,3,3,null
5,18,187,10545, 근대일본과동아시아,null,2,3,3,null
5,18,187,11046, 동서양의인간이해,null,1,3,3,null
5,18,187,11046, 동서양의인간이해,null,2,3,3,null
5,18,187,10034, 동양철학의이해,null,1,3,3,null
5,18,187,10034, 동양철학의이해,null,2,3,3,null
5,18,187,10769, 모던/포스트모던문화읽기,null,1,3,3,null
5,18,187,10769, 모던/포스트모던문화읽기,null,2,3,3,null
5,18,187,11056, 문화로읽는한국사,null,1,3,3,null
5,18,187,11056, 문화로읽는한국사,null,2,3,3,null
5,18,187,11185, 문화와예술을통해본르네상스역사,null,1,3,3,null
5,18,187,11185, 문화와예술을통해본르네상스역사,null,2,3,3,null
5,18,187,10772, 여성과사회정의,null,1,3,3,null
5,18,187,10772, 여성과사회정의,null,2,3,3,null
5,18,187,11054, 연어프로젝트:한국여성나의뿌리를찾아서 ,null,1,3,3,null
5,18,187,11054, 연어프로젝트:한국여성나의뿌리를찾아서 ,null,2,3,3,null
5,18,187,10108, 인간과종교,null,1,3,3,null
5,18,187,10108, 인간과종교,null,2,3,3,null
5,18,187,11041, 인간과철학적사유,null,1,3,3,null
5,18,187,11041, 인간과철학적사유,null,2,3,3,null
5,18,187,11293, 인물로본중국의역사,null,1,3,3,null
5,18,187,11293, 인물로본중국의역사,null,2,3,3,null
5,18,187,10581, 인물로본한국사,null,1,3,3,null
5,18,187,10581, 인물로본한국사,null,2,3,3,null
5,18,187,11078, 젠더와역사,null,1,3,3,null
5,18,187,11078, 젠더와역사,null,2,3,3,null
5,18,187,10767, 종교와문화,null,1,3,3,null
5,18,187,10767, 종교와문화,null,2,3,3,null
5,18,187,11057, 주제로살펴보는서양근현대사,null,1,3,3,null
5,18,187,11057, 주제로살펴보는서양근현대사,null,2,3,3,null
5,18,187,10544, 중국의역사와문화,null,1,3,3,null
5,18,187,10544, 중국의역사와문화,null,2,3,3,null
5,18,187,11297, 질병치료와백신의역사,null,1,3,3,null
5,18,187,11297, 질병치료와백신의역사,null,2,3,3,null
5,18,187,11189, 철학의은유들,null,1,3,3,null
5,18,187,11189, 철학의은유들,null,2,3,3,null
5,18,187,11045, 패러다임전환과비판이론,null,1,3,3,null
5,18,187,11045, 패러다임전환과비판이론,null,2,3,3,null
5,18,187,10149, 한국근현대사 ,null,1,3,3,null
5,18,187,10149, 한국근현대사 ,null,2,3,3,null
5,18,187,11058, 한국사의새로운이해,null,1,3,3,null
5,18,187,11058, 한국사의새로운이해,null,2,3,3,null
5,18,187,11186, Evolutionary Origin of Humans,null,1,3,3,null
5,18,187,11186, Evolutionary Origin of Humans,null,2,3,3,null
5,18,187,11295, 인공지능시대의과학과종교,null,1,3,3,null
5,18,187,11295, 인공지능시대의과학과종교,null,2,3,3,null
5,18,188,10011, 가족건강과간호,null,1,3,3,null
5,18,188,10011, 가족건강과간호,null,2,3,3,null
5,18,188,10932, 건축으로읽는사회문화사,null,1,3,3,null
5,18,188,10932, 건축으로읽는사회문화사,null,2,3,3,null
5,18,188,10013, 경영과사회,null,1,3,3,null
5,18,188,10013, 경영과사회,null,2,3,3,null
5,18,188,11068, 글로벌사회변동과쟁점지역연구,null,1,3,3,null
5,18,188,11068, 글로벌사회변동과쟁점지역연구,null,2,3,3,null
5,18,188,10913, 글로벌시대의다문화사회,null,1,3,3,null
5,18,188,10913, 글로벌시대의다문화사회,null,2,3,3,null
5,18,188,10914, 글로벌시대의아시아여성,null,1,3,3,null
5,18,188,10914, 글로벌시대의아시아여성,null,2,3,3,null
5,18,188,10091, 노동과젠더,null,1,3,3,null
5,18,188,10091, 노동과젠더,null,2,3,3,null
5,18,188,11332, 도시공간문화로읽는한국사,null,1,3,3,null
5,18,188,11332, 도시공간문화로읽는한국사,null,2,3,3,null
5,18,188,10886, 동양고전의현대적이해,null,1,3,3,null
5,18,188,10886, 동양고전의현대적이해,null,2,3,3,null
5,18,188,11292, 모방과인간,null,1,3,3,null
5,18,188,11292, 모방과인간,null,2,3,3,null
5,18,188,11193, 법과젠더,null,1,3,3,null
5,18,188,11193, 법과젠더,null,2,3,3,null
5,18,188,10549, 북한정치의이해,null,1,3,3,null
5,18,188,10549, 북한정치의이해,null,2,3,3,null
5,18,188,10548, 북한주민의문화와생활,null,1,3,3,null
5,18,188,10548, 북한주민의문화와생활,null,2,3,3,null
5,18,188,10929, 브레인스펙트럼,null,1,3,3,null
5,18,188,10929, 브레인스펙트럼,null,2,3,3,null
5,18,188,10573, 생명윤리와법,null,1,3,3,null
5,18,188,10573, 생명윤리와법,null,2,3,3,null
5,18,188,10074, 성문화연구,null,1,3,3,null
5,18,188,10074, 성문화연구,null,2,3,3,null
5,18,188,10081, 시민생활과법,null,1,3,3,null
5,18,188,10081, 시민생활과법,null,2,3,3,null
5,18,188,10094, 여성학,null,1,3,3,null
5,18,188,10094, 여성학,null,2,3,3,null
5,18,188,11089, 여행과지리:글로벌화의지역탐색,null,1,3,3,null
5,18,188,11089, 여행과지리:글로벌화의지역탐색,null,2,3,3,null
5,18,188,10908, 영상이미지와젠더,null,1,3,3,null
5,18,188,10908, 영상이미지와젠더,null,2,3,3,null
5,18,188,10904, 우리사회의문제와쟁점찾기,null,1,3,3,null
5,18,188,10904, 우리사회의문제와쟁점찾기,null,2,3,3,null
5,18,188,10109, 인간발달과가족,null,1,3,3,null
5,18,188,10109, 인간발달과가족,null,2,3,3,null
5,18,188,10903, 인간발달과문화의다양성,null,1,3,3,null
5,18,188,10903, 인간발달과문화의다양성,null,2,3,3,null
5,18,188,11114, 인간은왜춤을추는가,null,1,3,3,null
5,18,188,11114, 인간은왜춤을추는가,null,2,3,3,null
5,18,188,11103, 인터넷과법,null,1,3,3,null
5,18,188,11103, 인터넷과법,null,2,3,3,null
5,18,188,11104, 죄와벌,null,1,3,3,null
5,18,188,11104, 죄와벌,null,2,3,3,null
5,18,188,10905, 지구촌의사회복지,null,1,3,3,null
5,18,188,10905, 지구촌의사회복지,null,2,3,3,null
5,18,188,11105, 직업세계와법,null,1,3,3,null
5,18,188,11105, 직업세계와법,null,2,3,3,null
5,18,188,11039, 키워드로읽는중국문화,null,1,3,3,null
5,18,188,11039, 키워드로읽는중국문화,null,2,3,3,null
5,18,188,10887, 현대중국의사회와문화,null,1,3,3,null
5,18,188,10887, 현대중국의사회와문화,null,2,3,3,null
5,18,188,11162, Middle Eastern Political Theology: Religious Sources,null,1,3,3,null
5,18,188,11162, Middle Eastern Political Theology: Religious Sources,null,2,3,3,null
5,18,188,11259, SDGs시대글로벌보건협력:개발도상국의보건의료현황과국제사회의지원,null,1,3,3,null
5,18,188,11259, SDGs시대글로벌보건협력:개발도상국의보건의료현황과국제사회의지원,null,2,3,3,null
5,18,188,11161, Social and Cultural Impact of Video Games,null,1,3,3,null
5,18,188,11161, Social and Cultural Impact of Video Games,null,2,3,3,null
5,18,188,11296, 청춘의아픔과치유:행복인문학,null,1,3,3,null
5,18,188,11296, 청춘의아픔과치유:행복인문학,null,2,3,3,null
5,18,188,10181, 환경과인간,null,1,3,3,null
5,18,188,10181, 환경과인간,null,2,3,3,null
5,18,188,11188, Introduction to Ethnic Conflict and Management,null,1,3,3,null
5,18,188,11188, Introduction to Ethnic Conflict and Management,null,2,3,3,null
5,18,188,11163, Literacy in the 21st Century,null,1,3,3,null
5,18,188,11163, Literacy in the 21st Century,null,2,3,3,null
5,18,188,10949, 국제구호와개발협력,null,1,3,3,null
5,18,188,10949, 국제구호와개발협력,null,2,3,3,null
5,18,188,11106, 글로벌시민의이해와리더십,null,1,3,3,null
5,18,188,11106, 글로벌시민의이해와리더십,null,2,3,3,null
5,18,188,10933, 대학생의성건강,null,1,3,3,null
5,18,188,10933, 대학생의성건강,null,2,3,3,null
5,18,188,11308, 데이터로고전읽기,null,1,3,3,null
5,18,188,11308, 데이터로고전읽기,null,2,3,3,null
5,18,188,11079, 장애와사회,null,1,3,3,null
5,18,188,11079, 장애와사회,null,2,3,3,null
5,18,189,11154, 사물인터넷개론,null,1,3,3,null
5,18,189,11154, 사물인터넷개론,null,2,3,3,null
5,18,189,10556, 인터넷과소셜컴퓨팅,null,1,3,3,null
5,18,189,10556, 인터넷과소셜컴퓨팅,null,2,3,3,null
5,18,189,11160, 정보기술과미래사회,null,1,3,3,null
5,18,189,11160, 정보기술과미래사회,null,2,3,3,null
5,18,189,10123, 정보사회와인터넷윤리,null,1,3,3,null
5,18,189,10123, 정보사회와인터넷윤리,null,2,3,3,null
5,18,189,10930, Behavior of Animals,null,1,3,3,null
5,18,189,10930, Behavior of Animals,null,2,3,3,null
5,18,189,11111, SF영화로배우는철학,null,1,3,3,null
5,18,189,11111, SF영화로배우는철학,null,2,3,3,null
5,18,189,11155, 과학과허구,null,1,3,3,null
5,18,189,11155, 과학과허구,null,2,3,3,null
5,18,189,11101, 과학과문화의커뮤니케이션,null,1,3,3,null
5,18,189,11101, 과학과문화의커뮤니케이션,null,2,3,3,null
5,18,189,11043, 글로벌사회의기록과정보,null,1,3,3,null
5,18,189,11043, 글로벌사회의기록과정보,null,2,3,3,null
5,18,189,10776, 글로벌시민을위한과학소양,null,1,3,3,null
5,18,189,10776, 글로벌시민을위한과학소양,null,2,3,3,null
5,18,189,11044, 디지털네이티브와검색엔진,null,1,3,3,null
5,18,189,11044, 디지털네이티브와검색엔진,null,2,3,3,null
5,18,189,11152, 모바일멀티미디어프로그래밍,null,1,3,3,null
5,18,189,11152, 모바일멀티미디어프로그래밍,null,2,3,3,null
5,18,189,10559, 미래를위한환경의이해,null,1,3,3,null
5,18,189,10559, 미래를위한환경의이해,null,2,3,3,null
5,18,189,11191, 식물의모든것,null,1,3,3,null
5,18,189,11191, 식물의모든것,null,2,3,3,null
5,18,189,10052, 약과건강,null,1,3,3,null
5,18,189,10052, 약과건강,null,2,3,3,null
5,18,189,11102," 에너지의이해,이용,실천",null,1,3,3,null
5,18,189,11102," 에너지의이해,이용,실천",null,2,3,3,null
5,18,189,11257, 에피소드로보는과학철학,null,1,3,3,null
5,18,189,11257, 에피소드로보는과학철학,null,2,3,3,null
5,18,189,10910, 위험판단심리학,null,1,3,3,null
5,18,189,10910, 위험판단심리학,null,2,3,3,null
5,18,189,10104, 응용통계입문,null,1,3,3,null
5,18,189,10104, 응용통계입문,null,2,3,3,null
5,18,189,11336, 인공지능과인간,null,1,3,3,null
5,18,189,11336, 인공지능과인간,null,2,3,3,null
5,18,189,11261, 인공지능시대의정보산업이해,null,1,3,3,null
5,18,189,11261, 인공지능시대의정보산업이해,null,2,3,3,null
5,18,189,11156," 자연과의대화,환경생태",null,1,3,3,null
5,18,189,11156," 자연과의대화,환경생태",null,2,3,3,null
5,18,189,11096, 정보화사회와통계,null,1,3,3,null
5,18,189,11096, 정보화사회와통계,null,2,3,3,null
5,18,189,10135, 지구의역사,null,1,3,3,null
5,18,189,10135, 지구의역사,null,2,3,3,null
5,18,189,11042, 컴퓨터와마음,null,1,3,3,null
5,18,189,11042, 컴퓨터와마음,null,2,3,3,null
5,18,189,11145, 크리에이티브컴퓨팅,null,1,3,3,null
5,18,189,11145, 크리에이티브컴퓨팅,null,2,3,3,null
5,18,189,10164, 현대물리학과인간사고의변혁,null,1,3,3,null
5,18,189,10164, 현대물리학과인간사고의변혁,null,2,3,3,null
5,18,189,11157, 환경재난과국제협력,null,1,3,3,null
5,18,189,11157, 환경재난과국제협력,null,2,3,3,null
5,18,189,11159, General Biology,null,1,3,3,null
5,18,189,11159, General Biology,null,2,3,3,null
5,18,189,11262, 생활속의미생물,null,1,3,3,null
5,18,189,11262, 생활속의미생물,null,2,3,3,null
5,18,189,11187, 빅데이터사회와정보활용,null,1,3,3,null
5,18,189,11187, 빅데이터사회와정보활용,null,2,3,3,null
5,18,189,11264, 세계의자연유산과지오투어리즘,null,1,3,3,null
5,18,189,11264, 세계의자연유산과지오투어리즘,null,2,3,3,null
5,18,189,11098, 주거로보는건축문화,null,1,3,3,null
5,18,189,11098, 주거로보는건축문화,null,2,3,3,null
5,18,190,11208, IT융합설계개론,null,1,3,3,null
5,18,190,11208, IT융합설계개론,null,2,3,3,null
5,18,190,11309, 문제해결과SW프로그래밍,null,1,3,3,null
5,18,190,11309, 문제해결과SW프로그래밍,null,2,3,3,null
5,18,190,11214, 간호와휴머니즘,null,1,3,3,null
5,18,190,11214, 간호와휴머니즘,null,2,3,3,null
5,18,190,11206, 계산의기초와융합적문제해결,null,1,3,3,null
5,18,190,11206, 계산의기초와융합적문제해결,null,2,3,3,null
5,18,190,11207, 과학자를위한기초현대통계학론,null,1,3,3,null
5,18,190,11207, 과학자를위한기초현대통계학론,null,2,3,3,null
5,18,190,11210, 교육커뮤니케이션의이해와실제,null,1,3,3,null
5,18,190,11210, 교육커뮤니케이션의이해와실제,null,2,3,3,null
5,18,190,11212, 글로벌커리어개발과기업가정신,null,1,3,3,null
5,18,190,11212, 글로벌커리어개발과기업가정신,null,2,3,3,null
5,18,190,11204, 논리로과학읽기,null,1,3,3,null
5,18,190,11204, 논리로과학읽기,null,2,3,3,null
5,18,190,11209, 시각적사고를통한일상의문화와트랜드,null,1,3,3,null
5,18,190,11209, 시각적사고를통한일상의문화와트랜드,null,2,3,3,null
5,18,190,11263, 예술과기술,null,1,3,3,null
5,18,190,11263, 예술과기술,null,2,3,3,null
5,18,190,11233, 음악과테크놀로지,null,1,3,3,null
5,18,190,11233, 음악과테크놀로지,null,2,3,3,null
5,18,190,11235, 의료생명분야에서의컴퓨터적사고,null,1,3,3,null
5,18,190,11235, 의료생명분야에서의컴퓨터적사고,null,2,3,3,null
5,18,190,11213, 질병과몸의역사,null,1,3,3,null
5,18,190,11213, 질병과몸의역사,null,2,3,3,null
5,18,190,11205, 컴퓨터과학적인식과문제해결,null,1,3,3,null
5,18,190,11205, 컴퓨터과학적인식과문제해결,null,2,3,3,null
5,18,190,11232, 컴퓨터적사고와이해,null,1,3,3,null
5,18,190,11232, 컴퓨터적사고와이해,null,2,3,3,null
5,18,190,11234, 컴퓨터적사고와조형적활용,null,1,3,3,null
5,18,190,11234, 컴퓨터적사고와조형적활용,null,2,3,3,null
5,18,190,11211, 컴퓨팅적사고와프로그래밍,null,1,3,3,null
5,18,190,11211, 컴퓨팅적사고와프로그래밍,null,2,3,3,null
5,18,190,11215, 통합적분쟁이해와조정,null,1,3,3,null
5,18,190,11215, 통합적분쟁이해와조정,null,2,3,3,null
5,18,190,11260, 기업가정신과기술혁신,null,1,3,3,null
5,18,191,33981,독문어연습,1,1,3,3,null
5,18,191,35250,독일어회화1,1,1,3,3,null
5,18,191,38102,독일어구문연습,1,2,3,3,null
5,18,191,35253,독일어회화2,1,2,3,3,null
5,18,191,37307,독일어권문학의이해,2,1,3,3,null
5,18,191,36830,독일어권예술과문학의흐름,2,1,3,3,null
5,18,191,38103,독일어문장구조의이해,2,1,3,3,null
5,18,191,38301,독일어청취연습,2,1,3,3,null
5,18,191,36832,문학텍스트분석의기초,2,1,3,3,null
5,18,191,35258,독일드라마,2,2,3,3,null
5,18,191,38105,독일어작문,2,2,3,3,null
5,18,191,38104,독일텍스트읽기,2,2,3,3,null
5,18,191,33547,유럽속의독일문화,2,2,3,3,null
5,18,191,38111,독문전공설계심화1,3,1,null,3,null
5,18,191,38111,독문전공설계심화1,3,2,null,3,null
5,18,191,38112,독문전공설계심화2,3,1,null,3,null
5,18,191,38112,독문전공설계심화2,3,2,null,3,null
5,18,191,38113,독문전공설계심화3,3,1,null,3,null
5,18,191,38113,독문전공설계심화3,3,2,null,3,null
5,18,191,38107,독일고전영화,3,1,3,3,null
5,18,191,38304,독일도시와인문학,3,1,3,3,null
5,18,191,38303,독일문학과사회,3,1,3,3,null
5,18,191,35249,독일소설읽기,3,1,3,3,null
5,18,191,38302,독일언어학의기초,3,1,3,3,null
5,18,191,38108,독일현대영화,3,1,3,3,null
5,18,191,38305,문화번역의실제,3,1,3,3,null
5,18,191,36833,독일고전문학,3,2,3,3,null
5,18,191,38287,독일어권공연예술이론,3,2,3,3,null
5,18,191,38306,독일어권음악기행,3,2,3,3,null
5,18,191,37200,독일언어와문화,3,2,3,3,null
5,18,191,38288,독일지역학번역연습,3,2,3,3,null
5,18,191,36834,독일현대문학,3,2,3,3,null
5,18,191,37725,독문인턴십1,4,1,null,1,null
5,18,191,37725,독문인턴십1,4,2,null,1,null
5,18,191,37726,독문인턴십2,4,1,null,1,null
5,18,191,37726,독문인턴십2,4,2,null,1,null
5,18,191,37727,독문인턴십3,4,1,null,1,null
5,18,191,37727,독문인턴십3,4,2,null,1,null
5,18,191,36141,독일문학특수주제연구,4,1,3,3,null
5,18,191,38308,문화콘텐츠와독일어프리젠테이션,4,1,3,3,null
5,18,191,38114,영독번역연습,4,1,3,3,null
5,18,191,33649,현대독일미학,4,1,3,3,null
5,18,191,35320,독일문화와여성,4,2,3,3,null
5,18,191,38295,독일어권매체문화학,4,2,3,3,null
5,18,191,38295,독일어권미디어와언어,4,2,3,3,null
5,18,191,38309,세기전환기독일어권문학과예술,4,2,3,3,null
5,18,191,38301,지역학기반영독통역연습캡스톤디자인,4,2,3,3,null
5,18,191,37203,한독비교문학연구,4,2,3,3,null
5,19,192,10023, 기독교와세계,1,1,3,3,null
5,19,192,10023, 기독교와세계,1,2,3,3,null
5,19,193,11256, 공존과협력의유토피아,1,1,3,2,null
5,19,193,11256, 공존과협력의유토피아,1,2,3,2,null
5,19,193,11254, 관계의미학:사랑과윤리,1,1,3,2,null
5,19,193,11254, 관계의미학:사랑과윤리,1,2,3,2,null
5,19,193,11095, 나눔리더십,1,1,3,2,null
5,19,193,11095, 나눔리더십,1,2,3,2,null
5,19,193,11253, 나눔의인간학,1,1,3,2,null
5,19,193,11253, 나눔의인간학,1,2,3,2,null
5,19,193,11252, 청춘의자기이해,1,1,3,2,null
5,19,193,11252, 청춘의자기이해,1,2,3,2,null
5,19,193,11255, 호모엠파티쿠스:소통·공감·신뢰,1,1,3,2,null
5,19,193,11255, 호모엠파티쿠스:소통·공감·신뢰,1,2,3,2,null
5,19,194,10021, 우리말과글쓰기,1,1,3,3,null
5,19,194,10021, 우리말과글쓰기,1,2,3,3,null
5,19,195,11094, 고전읽기와글쓰기,1,1,3,2,10021
5,19,195,11094, 고전읽기와글쓰기,1,2,3,2,10021
5,19,195,11250,사이보그와이미지의권력,2,1,3,2,10021
5,19,195,11250,사이보그와이미지의권력,2,2,3,2,10021
5,19,195,11249,역사와철학으로질문던지기,2,1,3,2,10021
5,19,195,11249,역사와철학으로질문던지기,2,1,3,2,10021
5,19,195,11248,읽기와쓰기의다이내미즘,2,2,3,2,10021
5,19,195,11248,읽기와쓰기의다이내미즘,2,1,3,2,10021
5,19,196,10098, 대학영어,1,1,3,3,null
5,19,196,10098, 대학영어,1,2,3,3,null
5,19,196,10099, 고급영어,1,1,3,3,null
5,19,196,10099, 고급영어,1,2,3,3,null
5,19,197,11036, 중국어Ⅰ,1,1,3,2,null
5,19,197,11037, 중국어Ⅱ,1,2,3,2,null
5,19,197,11073, 프랑스어Ⅰ,1,1,3,2,null
5,19,197,11074, 프랑스어Ⅱ,1,2,3,2,null
5,19,197,11033, 독일어Ⅰ,1,1,3,2,null
5,19,197,11034, 독일어Ⅱ,1,2,3,2,null
5,19,197,11091, 일본어Ⅰ,1,1,3,2,null
5,19,197,11092, 일본어Ⅱ,1,2,3,2,null
5,19,197,11066, 스페인어Ⅰ,1,1,3,2,null
5,19,197,11067, 스페인어Ⅱ,1,2,3,2,null
5,19,197,11064, 러시아어Ⅰ,1,1,3,2,null
5,19,197,11065, 러시아어Ⅱ,1,2,3,2,null
5,19,198,11053, 21세기사회와문학의대화,null,1,3,3,null
5,19,198,11053, 21세기사회와문학의대화,null,2,3,3,null
5,19,198,11183, The Story of Human Language,null,1,3,3,null
5,19,198,11183, The Story of Human Language,null,2,3,3,null
5,19,198,11165, Topics in Multiethnic American Literature,null,1,3,3,null
5,19,198,11165, Topics in Multiethnic American Literature,null,2,3,3,null
5,19,198,11112, 다매체시대의비교문학,null,1,3,3,null
5,19,198,11112, 다매체시대의비교문학,null,2,3,3,null
5,19,198,11108, 동아시아문학으로문화읽기,null,1,3,3,null
5,19,198,11108, 동아시아문학으로문화읽기,null,2,3,3,null
5,19,198,11038, 디지털미디어시대의동아시아문자,null,1,3,3,null
5,19,198,11038, 디지털미디어시대의동아시아문자,null,2,3,3,null
5,19,198,10950, 디지털스토리텔링의이해,null,1,3,3,null
5,19,198,10950, 디지털스토리텔링의이해,null,2,3,3,null
5,19,198,10041, 문학과삶,null,1,3,3,null
5,19,198,10041, 문학과삶,null,2,3,3,null
5,19,198,10654, 문학과영화,null,1,3,3,null
5,19,198,10654, 문학과영화,null,2,3,3,null
5,19,198,11148, 문학으로보는사랑의역사,null,1,3,3,null
5,19,198,11148, 문학으로보는사랑의역사,null,2,3,3,null
5,19,198,11184, 문학으로함께배우는매체/이야기,null,1,3,3,null
5,19,198,11184, 문학으로함께배우는매체/이야기,null,2,3,3,null
5,19,198,11146, 문화로읽는현대시의세계,null,1,3,3,null
5,19,198,11146, 문화로읽는현대시의세계,null,1,3,3,null
5,19,198,11147, 사이언스픽션의이해,null,1,3,3,null
5,19,198,11147, 사이언스픽션의이해,null,2,3,3,null
5,19,198,11297, 생태와문학,null,1,3,3,null
5,19,198,11297, 생태와문학,null,2,3,3,null
5,19,198,10768, 신화·상상력·문화,null,1,3,3,null
5,19,198,10768, 신화·상상력·문화,null,2,3,3,null
5,19,198,11109, 여행문학과세계인식,null,1,3,3,null
5,19,198,11109, 여행문학과세계인식,null,2,3,3,null
5,19,198,10882, 인간과언어,null,1,3,3,null
5,19,198,10882, 인간과언어,null,2,3,3,null
5,19,198,11258, 자연과문학,null,1,3,3,null
5,19,198,11258, 자연과문학,null,2,3,3,null
5,19,198,10543, 한국현대시와삶읽기,null,1,3,3,null
5,19,198,10543, 한국현대시와삶읽기,null,2,3,3,null
5,19,198,11134, 현대영어권문학의동향,null,1,3,3,null
5,19,198,11134, 현대영어권문학의동향,null,2,3,3,null
5,19,198,10896, 환상문학의세계,null,1,3,3,null
5,19,198,10896, 환상문학의세계,null,2,3,3,null
5,19,198,11334, Critical and Creative Textual Studies,null,1,3,3,null
5,19,198,11334, Critical and Creative Textual Studies,null,2,3,3,null
5,19,198,11335, Technical Writing and Document Design in English,null,1,3,3,null
5,19,198,11335, Technical Writing and Document Design in English,null,2,3,3,null
5,19,199,11107, 21세기의예술과인간,null,1,3,3,null
5,19,199,11107, 21세기의예술과인간,null,2,3,3,null
5,19,199,11164, Contemporary Photography,null,1,3,3,null
5,19,199,11164, Contemporary Photography,null,2,3,3,null
5,19,199,10018, 국악의이해,null,1,3,3,null
5,19,199,10018, 국악의이해,null,2,3,3,null
5,19,199,10033, 동양미술의이해,null,1,3,3,null
5,19,199,10033, 동양미술의이해,null,2,3,3,null
5,19,199,10778, 디지털매체와예술,null,1,3,3,null
5,19,199,10778, 디지털매체와예술,null,2,3,3,null
5,19,199,10576, 무용의이해,null,1,3,3,null
5,19,199,10576, 무용의이해,null,2,3,3,null
5,19,199,11153, 문화콘텐츠기획의이해,null,1,3,3,null
5,19,199,11153, 문화콘텐츠기획의이해,null,2,3,3,null
5,19,199,11328, 미술로치유하는마음,null,1,3,3,null
5,19,199,11328, 미술로치유하는마음,null,2,3,3,null
5,19,199,11083, 미학과미술,null,1,3,3,null
5,19,199,11083, 미학과미술,null,2,3,3,null
5,19,199,11135, 사물과예술,null,1,3,3,null
5,19,199,11135, 사물과예술,null,2,3,3,null
5,19,199,11329, 색채의이해,null,1,3,3,null
5,19,199,11329, 색채의이해,null,2,3,3,null
5,19,199,10072, 서양미술의이해,null,1,3,3,null
5,19,199,10072, 서양미술의이해,null,2,3,3,null
5,19,199,10073, 서양음악의이해,null,1,3,3,null
5,19,199,10073, 서양음악의이해,null,2,3,3,null
5,19,199,11084, 시각문화로서미술작품읽기,null,1,3,3,null
5,19,199,11084, 시각문화로서미술작품읽기,null,2,3,3,null
5,19,199,10090, 여성과예술,null,1,3,3,null
5,19,199,10090, 여성과예술,null,2,3,3,null
5,19,199,11113, 여성의몸과창조적움직임,null,1,3,3,null
5,19,199,11113, 여성의몸과창조적움직임,null,2,3,3,null
5,19,199,10097, 연극의이론과실제,null,1,3,3,null
5,19,199,10097, 연극의이론과실제,null,2,3,3,null
5,19,199,11110, 예술가와그의시대,null,1,3,3,null
5,19,199,11110, 예술가와그의시대,null,2,3,3,null
5,19,199,10100, 예술과사상,null,1,3,3,null
5,19,199,10100, 예술과사상,null,2,3,3,null
5,19,199,11055, 옛시와그림의만남,null,1,3,3,null
5,19,199,11055, 옛시와그림의만남,null,2,3,3,null
5,19,199,11075, 창조와상상의기술,null,1,3,3,null
5,19,199,11075, 창조와상상의기술,null,2,3,3,null
5,19,199,11035," 퍼포먼스인문학:제의,놀이,연극",null,1,3,3,null
5,19,199,11035," 퍼포먼스인문학:제의,놀이,연극",null,2,3,3,null
5,19,199,10892," 표현,예술,그리고시대정신",null,1,3,3,null
5,19,199,10892," 표현,예술,그리고시대정신",null,2,3,3,null
5,19,199,10152, 한국미술의이해,null,1,3,3,null
5,19,199,10152, 한국미술의이해,null,2,3,3,null
5,19,199,11333," 한국사와상상력,스토리텔링",null,1,3,3,null
5,19,199,11333," 한국사와상상력,스토리텔링",null,2,3,3,null
5,19,199,10883, 한국의문화공간과예술,null,1,3,3,null
5,19,199,10883, 한국의문화공간과예술,null,2,3,3,null
5,19,199,10165, 현대미술사,null,1,3,3,null
5,19,199,10165, 현대미술사,null,2,3,3,null
5,19,199,11330, Reading American Popular Culture in the Digital Age,null,1,3,3,null
5,19,199,11330, Reading American Popular Culture in the Digital Age,null,2,3,3,null
5,19,199,11265, 음악과건강,null,1,3,3,null
5,19,199,11265, 음악과건강,null,2,3,3,null
5,19,199,11116, Introduction to World Music and Culture,null,1,3,3,null
5,19,199,11116, Introduction to World Music and Culture,null,2,3,3,null
5,19,200,11190, The Art of Thinking,null,1,3,3,null
5,19,200,11190, The Art of Thinking,null,2,3,3,null
5,19,200,10545, 근대일본과동아시아,null,1,3,3,null
5,19,200,10545, 근대일본과동아시아,null,2,3,3,null
5,19,200,11046, 동서양의인간이해,null,1,3,3,null
5,19,200,11046, 동서양의인간이해,null,2,3,3,null
5,19,200,10034, 동양철학의이해,null,1,3,3,null
5,19,200,10034, 동양철학의이해,null,2,3,3,null
5,19,200,10769, 모던/포스트모던문화읽기,null,1,3,3,null
5,19,200,10769, 모던/포스트모던문화읽기,null,2,3,3,null
5,19,200,11056, 문화로읽는한국사,null,1,3,3,null
5,19,200,11056, 문화로읽는한국사,null,2,3,3,null
5,19,200,11185, 문화와예술을통해본르네상스역사,null,1,3,3,null
5,19,200,11185, 문화와예술을통해본르네상스역사,null,2,3,3,null
5,19,200,10772, 여성과사회정의,null,1,3,3,null
5,19,200,10772, 여성과사회정의,null,2,3,3,null
5,19,200,11054, 연어프로젝트:한국여성나의뿌리를찾아서 ,null,1,3,3,null
5,19,200,11054, 연어프로젝트:한국여성나의뿌리를찾아서 ,null,2,3,3,null
5,19,200,10108, 인간과종교,null,1,3,3,null
5,19,200,10108, 인간과종교,null,2,3,3,null
5,19,200,11041, 인간과철학적사유,null,1,3,3,null
5,19,200,11041, 인간과철학적사유,null,2,3,3,null
5,19,200,11293, 인물로본중국의역사,null,1,3,3,null
5,19,200,11293, 인물로본중국의역사,null,2,3,3,null
5,19,200,10581, 인물로본한국사,null,1,3,3,null
5,19,200,10581, 인물로본한국사,null,2,3,3,null
5,19,200,11078, 젠더와역사,null,1,3,3,null
5,19,200,11078, 젠더와역사,null,2,3,3,null
5,19,200,10767, 종교와문화,null,1,3,3,null
5,19,200,10767, 종교와문화,null,2,3,3,null
5,19,200,11057, 주제로살펴보는서양근현대사,null,1,3,3,null
5,19,200,11057, 주제로살펴보는서양근현대사,null,2,3,3,null
5,19,200,10544, 중국의역사와문화,null,1,3,3,null
5,19,200,10544, 중국의역사와문화,null,2,3,3,null
5,19,200,11297, 질병치료와백신의역사,null,1,3,3,null
5,19,200,11297, 질병치료와백신의역사,null,2,3,3,null
5,19,200,11189, 철학의은유들,null,1,3,3,null
5,19,200,11189, 철학의은유들,null,2,3,3,null
5,19,200,11045, 패러다임전환과비판이론,null,1,3,3,null
5,19,200,11045, 패러다임전환과비판이론,null,2,3,3,null
5,19,200,10149, 한국근현대사 ,null,1,3,3,null
5,19,200,10149, 한국근현대사 ,null,2,3,3,null
5,19,200,11058, 한국사의새로운이해,null,1,3,3,null
5,19,200,11058, 한국사의새로운이해,null,2,3,3,null
5,19,200,11186, Evolutionary Origin of Humans,null,1,3,3,null
5,19,200,11186, Evolutionary Origin of Humans,null,2,3,3,null
5,19,200,11295, 인공지능시대의과학과종교,null,1,3,3,null
5,19,200,11295, 인공지능시대의과학과종교,null,2,3,3,null
5,19,201,10011, 가족건강과간호,null,1,3,3,null
5,19,201,10011, 가족건강과간호,null,2,3,3,null
5,19,201,10932, 건축으로읽는사회문화사,null,1,3,3,null
5,19,201,10932, 건축으로읽는사회문화사,null,2,3,3,null
5,19,201,10013, 경영과사회,null,1,3,3,null
5,19,201,10013, 경영과사회,null,2,3,3,null
5,19,201,11068, 글로벌사회변동과쟁점지역연구,null,1,3,3,null
5,19,201,11068, 글로벌사회변동과쟁점지역연구,null,2,3,3,null
5,19,201,10913, 글로벌시대의다문화사회,null,1,3,3,null
5,19,201,10913, 글로벌시대의다문화사회,null,2,3,3,null
5,19,201,10914, 글로벌시대의아시아여성,null,1,3,3,null
5,19,201,10914, 글로벌시대의아시아여성,null,2,3,3,null
5,19,201,10091, 노동과젠더,null,1,3,3,null
5,19,201,10091, 노동과젠더,null,2,3,3,null
5,19,201,11332, 도시공간문화로읽는한국사,null,1,3,3,null
5,19,201,11332, 도시공간문화로읽는한국사,null,2,3,3,null
5,19,201,10886, 동양고전의현대적이해,null,1,3,3,null
5,19,201,10886, 동양고전의현대적이해,null,2,3,3,null
5,19,201,11292, 모방과인간,null,1,3,3,null
5,19,201,11292, 모방과인간,null,2,3,3,null
5,19,201,11193, 법과젠더,null,1,3,3,null
5,19,201,11193, 법과젠더,null,2,3,3,null
5,19,201,10549, 북한정치의이해,null,1,3,3,null
5,19,201,10549, 북한정치의이해,null,2,3,3,null
5,19,201,10548, 북한주민의문화와생활,null,1,3,3,null
5,19,201,10548, 북한주민의문화와생활,null,2,3,3,null
5,19,201,10929, 브레인스펙트럼,null,1,3,3,null
5,19,201,10929, 브레인스펙트럼,null,2,3,3,null
5,19,201,10573, 생명윤리와법,null,1,3,3,null
5,19,201,10573, 생명윤리와법,null,2,3,3,null
5,19,201,10074, 성문화연구,null,1,3,3,null
5,19,201,10074, 성문화연구,null,2,3,3,null
5,19,201,10081, 시민생활과법,null,1,3,3,null
5,19,201,10081, 시민생활과법,null,2,3,3,null
5,19,201,10094, 여성학,null,1,3,3,null
5,19,201,10094, 여성학,null,2,3,3,null
5,19,201,11089, 여행과지리:글로벌화의지역탐색,null,1,3,3,null
5,19,201,11089, 여행과지리:글로벌화의지역탐색,null,2,3,3,null
5,19,201,10908, 영상이미지와젠더,null,1,3,3,null
5,19,201,10908, 영상이미지와젠더,null,2,3,3,null
5,19,201,10904, 우리사회의문제와쟁점찾기,null,1,3,3,null
5,19,201,10904, 우리사회의문제와쟁점찾기,null,2,3,3,null
5,19,201,10109, 인간발달과가족,null,1,3,3,null
5,19,201,10109, 인간발달과가족,null,2,3,3,null
5,19,201,10903, 인간발달과문화의다양성,null,1,3,3,null
5,19,201,10903, 인간발달과문화의다양성,null,2,3,3,null
5,19,201,11114, 인간은왜춤을추는가,null,1,3,3,null
5,19,201,11114, 인간은왜춤을추는가,null,2,3,3,null
5,19,201,11103, 인터넷과법,null,1,3,3,null
5,19,201,11103, 인터넷과법,null,2,3,3,null
5,19,201,11104, 죄와벌,null,1,3,3,null
5,19,201,11104, 죄와벌,null,2,3,3,null
5,19,201,10905, 지구촌의사회복지,null,1,3,3,null
5,19,201,10905, 지구촌의사회복지,null,2,3,3,null
5,19,201,11105, 직업세계와법,null,1,3,3,null
5,19,201,11105, 직업세계와법,null,2,3,3,null
5,19,201,11039, 키워드로읽는중국문화,null,1,3,3,null
5,19,201,11039, 키워드로읽는중국문화,null,2,3,3,null
5,19,201,10887, 현대중국의사회와문화,null,1,3,3,null
5,19,201,10887, 현대중국의사회와문화,null,2,3,3,null
5,19,201,11162, Middle Eastern Political Theology: Religious Sources,null,1,3,3,null
5,19,201,11162, Middle Eastern Political Theology: Religious Sources,null,2,3,3,null
5,19,201,11259, SDGs시대글로벌보건협력:개발도상국의보건의료현황과국제사회의지원,null,1,3,3,null
5,19,201,11259, SDGs시대글로벌보건협력:개발도상국의보건의료현황과국제사회의지원,null,2,3,3,null
5,19,201,11161, Social and Cultural Impact of Video Games,null,1,3,3,null
5,19,201,11161, Social and Cultural Impact of Video Games,null,2,3,3,null
5,19,201,11296, 청춘의아픔과치유:행복인문학,null,1,3,3,null
5,19,201,11296, 청춘의아픔과치유:행복인문학,null,2,3,3,null
5,19,201,10181, 환경과인간,null,1,3,3,null
5,19,201,10181, 환경과인간,null,2,3,3,null
5,19,201,11188, Introduction to Ethnic Conflict and Management,null,1,3,3,null
5,19,201,11188, Introduction to Ethnic Conflict and Management,null,2,3,3,null
5,19,201,11163, Literacy in the 21st Century,null,1,3,3,null
5,19,201,11163, Literacy in the 21st Century,null,2,3,3,null
5,19,201,10949, 국제구호와개발협력,null,1,3,3,null
5,19,201,10949, 국제구호와개발협력,null,2,3,3,null
5,19,201,11106, 글로벌시민의이해와리더십,null,1,3,3,null
5,19,201,11106, 글로벌시민의이해와리더십,null,2,3,3,null
5,19,201,10933, 대학생의성건강,null,1,3,3,null
5,19,201,10933, 대학생의성건강,null,2,3,3,null
5,19,201,11308, 데이터로고전읽기,null,1,3,3,null
5,19,201,11308, 데이터로고전읽기,null,2,3,3,null
5,19,201,11079, 장애와사회,null,1,3,3,null
5,19,201,11079, 장애와사회,null,2,3,3,null
5,19,202,11154, 사물인터넷개론,null,1,3,3,null
5,19,202,11154, 사물인터넷개론,null,2,3,3,null
5,19,202,10556, 인터넷과소셜컴퓨팅,null,1,3,3,null
5,19,202,10556, 인터넷과소셜컴퓨팅,null,2,3,3,null
5,19,202,11160, 정보기술과미래사회,null,1,3,3,null
5,19,202,11160, 정보기술과미래사회,null,2,3,3,null
5,19,202,10123, 정보사회와인터넷윤리,null,1,3,3,null
5,19,202,10123, 정보사회와인터넷윤리,null,2,3,3,null
5,19,202,10930, Behavior of Animals,null,1,3,3,null
5,19,202,10930, Behavior of Animals,null,2,3,3,null
5,19,202,11111, SF영화로배우는철학,null,1,3,3,null
5,19,202,11111, SF영화로배우는철학,null,2,3,3,null
5,19,202,11155, 과학과허구,null,1,3,3,null
5,19,202,11155, 과학과허구,null,2,3,3,null
5,19,202,11101, 과학과문화의커뮤니케이션,null,1,3,3,null
5,19,202,11101, 과학과문화의커뮤니케이션,null,2,3,3,null
5,19,202,11043, 글로벌사회의기록과정보,null,1,3,3,null
5,19,202,11043, 글로벌사회의기록과정보,null,2,3,3,null
5,19,202,10776, 글로벌시민을위한과학소양,null,1,3,3,null
5,19,202,10776, 글로벌시민을위한과학소양,null,2,3,3,null
5,19,202,11044, 디지털네이티브와검색엔진,null,1,3,3,null
5,19,202,11044, 디지털네이티브와검색엔진,null,2,3,3,null
5,19,202,11152, 모바일멀티미디어프로그래밍,null,1,3,3,null
5,19,202,11152, 모바일멀티미디어프로그래밍,null,2,3,3,null
5,19,202,10559, 미래를위한환경의이해,null,1,3,3,null
5,19,202,10559, 미래를위한환경의이해,null,2,3,3,null
5,19,202,11191, 식물의모든것,null,1,3,3,null
5,19,202,11191, 식물의모든것,null,2,3,3,null
5,19,202,10052, 약과건강,null,1,3,3,null
5,19,202,10052, 약과건강,null,2,3,3,null
5,19,202,11102," 에너지의이해,이용,실천",null,1,3,3,null
5,19,202,11102," 에너지의이해,이용,실천",null,2,3,3,null
5,19,202,11257, 에피소드로보는과학철학,null,1,3,3,null
5,19,202,11257, 에피소드로보는과학철학,null,2,3,3,null
5,19,202,10910, 위험판단심리학,null,1,3,3,null
5,19,202,10910, 위험판단심리학,null,2,3,3,null
5,19,202,10104, 응용통계입문,null,1,3,3,null
5,19,202,10104, 응용통계입문,null,2,3,3,null
5,19,202,11336, 인공지능과인간,null,1,3,3,null
5,19,202,11336, 인공지능과인간,null,2,3,3,null
5,19,202,11261, 인공지능시대의정보산업이해,null,1,3,3,null
5,19,202,11261, 인공지능시대의정보산업이해,null,2,3,3,null
5,19,202,11156," 자연과의대화,환경생태",null,1,3,3,null
5,19,202,11156," 자연과의대화,환경생태",null,2,3,3,null
5,19,202,11096, 정보화사회와통계,null,1,3,3,null
5,19,202,11096, 정보화사회와통계,null,2,3,3,null
5,19,202,10135, 지구의역사,null,1,3,3,null
5,19,202,10135, 지구의역사,null,2,3,3,null
5,19,202,11042, 컴퓨터와마음,null,1,3,3,null
5,19,202,11042, 컴퓨터와마음,null,2,3,3,null
5,19,202,11145, 크리에이티브컴퓨팅,null,1,3,3,null
5,19,202,11145, 크리에이티브컴퓨팅,null,2,3,3,null
5,19,202,10164, 현대물리학과인간사고의변혁,null,1,3,3,null
5,19,202,10164, 현대물리학과인간사고의변혁,null,2,3,3,null
5,19,202,11157, 환경재난과국제협력,null,1,3,3,null
5,19,202,11157, 환경재난과국제협력,null,2,3,3,null
5,19,202,11159, General Biology,null,1,3,3,null
5,19,202,11159, General Biology,null,2,3,3,null
5,19,202,11262, 생활속의미생물,null,1,3,3,null
5,19,202,11262, 생활속의미생물,null,2,3,3,null
5,19,202,11187, 빅데이터사회와정보활용,null,1,3,3,null
5,19,202,11187, 빅데이터사회와정보활용,null,2,3,3,null
5,19,202,11264, 세계의자연유산과지오투어리즘,null,1,3,3,null
5,19,202,11264, 세계의자연유산과지오투어리즘,null,2,3,3,null
5,19,202,11098, 주거로보는건축문화,null,1,3,3,null
5,19,202,11098, 주거로보는건축문화,null,2,3,3,null
5,19,203,11208, IT융합설계개론,null,1,3,3,null
5,19,203,11208, IT융합설계개론,null,2,3,3,null
5,19,203,11309, 문제해결과SW프로그래밍,null,1,3,3,null
5,19,203,11309, 문제해결과SW프로그래밍,null,2,3,3,null
5,19,203,11214, 간호와휴머니즘,null,1,3,3,null
5,19,203,11214, 간호와휴머니즘,null,2,3,3,null
5,19,203,11206, 계산의기초와융합적문제해결,null,1,3,3,null
5,19,203,11206, 계산의기초와융합적문제해결,null,2,3,3,null
5,19,203,11207, 과학자를위한기초현대통계학론,null,1,3,3,null
5,19,203,11207, 과학자를위한기초현대통계학론,null,2,3,3,null
5,19,203,11210, 교육커뮤니케이션의이해와실제,null,1,3,3,null
5,19,203,11210, 교육커뮤니케이션의이해와실제,null,2,3,3,null
5,19,203,11212, 글로벌커리어개발과기업가정신,null,1,3,3,null
5,19,203,11212, 글로벌커리어개발과기업가정신,null,2,3,3,null
5,19,203,11204, 논리로과학읽기,null,1,3,3,null
5,19,203,11204, 논리로과학읽기,null,2,3,3,null
5,19,203,11209, 시각적사고를통한일상의문화와트랜드,null,1,3,3,null
5,19,203,11209, 시각적사고를통한일상의문화와트랜드,null,2,3,3,null
5,19,203,11263, 예술과기술,null,1,3,3,null
5,19,203,11263, 예술과기술,null,2,3,3,null
5,19,203,11233, 음악과테크놀로지,null,1,3,3,null
5,19,203,11233, 음악과테크놀로지,null,2,3,3,null
5,19,203,11235, 의료생명분야에서의컴퓨터적사고,null,1,3,3,null
5,19,203,11235, 의료생명분야에서의컴퓨터적사고,null,2,3,3,null
5,19,203,11213, 질병과몸의역사,null,1,3,3,null
5,19,203,11213, 질병과몸의역사,null,2,3,3,null
5,19,203,11205, 컴퓨터과학적인식과문제해결,null,1,3,3,null
5,19,203,11205, 컴퓨터과학적인식과문제해결,null,2,3,3,null
5,19,203,11232, 컴퓨터적사고와이해,null,1,3,3,null
5,19,203,11232, 컴퓨터적사고와이해,null,2,3,3,null
5,19,203,11234, 컴퓨터적사고와조형적활용,null,1,3,3,null
5,19,203,11234, 컴퓨터적사고와조형적활용,null,2,3,3,null
5,19,203,11211, 컴퓨팅적사고와프로그래밍,null,1,3,3,null
5,19,203,11211, 컴퓨팅적사고와프로그래밍,null,2,3,3,null
5,19,203,11215, 통합적분쟁이해와조정,null,1,3,3,null
5,19,203,11215, 통합적분쟁이해와조정,null,2,3,3,null
5,19,203,11260, 기업가정신과기술혁신,null,1,3,3,null
5,19,204,33981,독문어연습,1,1,3,3,null
5,19,204,35250,독일어회화1,1,1,3,3,null
5,19,204,38102,독일어구문연습,1,2,3,3,null
5,19,204,35253,독일어회화2,1,2,3,3,null
5,19,204,37307,독일어권문학의이해,2,1,3,3,null
5,19,204,36830,독일어권예술과문학의흐름,2,1,3,3,null
5,19,204,38103,독일어문장구조의이해,2,1,3,3,null
5,19,204,38301,독일어청취연습,2,1,3,3,null
5,19,204,36832,문학텍스트분석의기초,2,1,3,3,null
5,19,204,35258,독일드라마,2,2,3,3,null
5,19,204,38105,독일어작문,2,2,3,3,null
5,19,204,38104,독일텍스트읽기,2,2,3,3,null
5,19,204,33547,유럽속의독일문화,2,2,3,3,null
5,19,204,38111,독문전공설계심화1,3,1,null,3,null
5,19,204,38111,독문전공설계심화1,3,2,null,3,null
5,19,204,38112,독문전공설계심화2,3,1,null,3,null
5,19,204,38112,독문전공설계심화2,3,2,null,3,null
5,19,204,38113,독문전공설계심화3,3,1,null,3,null
5,19,204,38113,독문전공설계심화3,3,2,null,3,null
5,19,204,38107,독일고전영화,3,1,3,3,null
5,19,204,38304,독일도시와인문학,3,1,3,3,null
5,19,204,38303,독일문학과사회,3,1,3,3,null
5,19,204,35249,독일소설읽기,3,1,3,3,null
5,19,204,38302,독일언어학의기초,3,1,3,3,null
5,19,204,38108,독일현대영화,3,1,3,3,null
5,19,204,38305,문화번역의실제,3,1,3,3,null
5,19,204,36833,독일고전문학,3,2,3,3,null
5,19,204,38287,독일어권공연예술이론,3,2,3,3,null
5,19,204,38306,독일어권음악기행,3,2,3,3,null
5,19,204,37200,독일언어와문화,3,2,3,3,null
5,19,204,38288,독일지역학번역연습,3,2,3,3,null
5,19,204,36834,독일현대문학,3,2,3,3,null
5,19,204,37725,독문인턴십1,4,1,null,1,null
5,19,204,37725,독문인턴십1,4,2,null,1,null
5,19,204,37726,독문인턴십2,4,1,null,1,null
5,19,204,37726,독문인턴십2,4,2,null,1,null
5,19,204,37727,독문인턴십3,4,1,null,1,null
5,19,204,37727,독문인턴십3,4,2,null,1,null
5,19,204,36141,독일문학특수주제연구,4,1,3,3,null
5,19,204,38308,문화콘텐츠와독일어프리젠테이션,4,1,3,3,null
5,19,204,38114,영독번역연습,4,1,3,3,null
5,19,204,33649,현대독일미학,4,1,3,3,null
5,19,204,35320,독일문화와여성,4,2,3,3,null
5,19,204,38295,독일어권매체문화학,4,2,3,3,null
5,19,204,38295,독일어권미디어와언어,4,2,3,3,null
5,19,204,38309,세기전환기독일어권문학과예술,4,2,3,3,null
5,19,204,38301,지역학기반영독통역연습캡스톤디자인,4,2,3,3,null
5,19,204,37203,한독비교문학연구,4,2,3,3,null
6,18,205,10023, 기독교와세계,1,1,3,3,null
6,18,205,10023, 기독교와세계,1,2,3,3,null
6,18,206,11256, 공존과협력의유토피아,1,1,3,2,null
6,18,206,11256, 공존과협력의유토피아,1,2,3,2,null
6,18,206,11254, 관계의미학:사랑과윤리,1,1,3,2,null
6,18,206,11254, 관계의미학:사랑과윤리,1,2,3,2,null
6,18,206,11095, 나눔리더십,1,1,3,2,null
6,18,206,11095, 나눔리더십,1,2,3,2,null
6,18,206,11253, 나눔의인간학,1,1,3,2,null
6,18,206,11253, 나눔의인간학,1,2,3,2,null
6,18,206,11252, 청춘의자기이해,1,1,3,2,null
6,18,206,11252, 청춘의자기이해,1,2,3,2,null
6,18,206,11255, 호모엠파티쿠스:소통·공감·신뢰,1,1,3,2,null
6,18,206,11255, 호모엠파티쿠스:소통·공감·신뢰,1,2,3,2,null
6,18,207,10021, 우리말과글쓰기,1,1,3,3,null
6,18,207,10021, 우리말과글쓰기,1,2,3,3,null
6,18,208,11094, 고전읽기와글쓰기,1,1,3,2,10021
6,18,208,11094, 고전읽기와글쓰기,1,2,3,2,10021
6,18,208,11250,사이보그와이미지의권력,2,1,3,2,10021
6,18,208,11250,사이보그와이미지의권력,2,2,3,2,10021
6,18,208,11249,역사와철학으로질문던지기,2,1,3,2,10021
6,18,208,11249,역사와철학으로질문던지기,2,1,3,2,10021
6,18,208,11248,읽기와쓰기의다이내미즘,2,2,3,2,10021
6,18,208,11248,읽기와쓰기의다이내미즘,2,1,3,2,10021
6,18,209,10098, 대학영어,1,1,3,3,null
6,18,209,10098, 대학영어,1,2,3,3,null
6,18,209,10099, 고급영어,1,1,3,3,null
6,18,209,10099, 고급영어,1,2,3,3,null
6,18,210,11036, 중국어Ⅰ,1,1,3,2,null
6,18,210,11037, 중국어Ⅱ,1,2,3,2,null
6,18,210,11073, 프랑스어Ⅰ,1,1,3,2,null
6,18,210,11074, 프랑스어Ⅱ,1,2,3,2,null
6,18,210,11033, 독일어Ⅰ,1,1,3,2,null
6,18,210,11034, 독일어Ⅱ,1,2,3,2,null
6,18,210,11091, 일본어Ⅰ,1,1,3,2,null
6,18,210,11092, 일본어Ⅱ,1,2,3,2,null
6,18,210,11066, 스페인어Ⅰ,1,1,3,2,null
6,18,210,11067, 스페인어Ⅱ,1,2,3,2,null
6,18,210,11064, 러시아어Ⅰ,1,1,3,2,null
6,18,210,11065, 러시아어Ⅱ,1,2,3,2,null
6,18,211,11053, 21세기사회와문학의대화,null,1,3,3,null
6,18,211,11053, 21세기사회와문학의대화,null,2,3,3,null
6,18,211,11183, The Story of Human Language,null,1,3,3,null
6,18,211,11183, The Story of Human Language,null,2,3,3,null
6,18,211,11165, Topics in Multiethnic American Literature,null,1,3,3,null
6,18,211,11165, Topics in Multiethnic American Literature,null,2,3,3,null
6,18,211,11112, 다매체시대의비교문학,null,1,3,3,null
6,18,211,11112, 다매체시대의비교문학,null,2,3,3,null
6,18,211,11108, 동아시아문학으로문화읽기,null,1,3,3,null
6,18,211,11108, 동아시아문학으로문화읽기,null,2,3,3,null
6,18,211,11038, 디지털미디어시대의동아시아문자,null,1,3,3,null
6,18,211,11038, 디지털미디어시대의동아시아문자,null,2,3,3,null
6,18,211,10950, 디지털스토리텔링의이해,null,1,3,3,null
6,18,211,10950, 디지털스토리텔링의이해,null,2,3,3,null
6,18,211,10041, 문학과삶,null,1,3,3,null
6,18,211,10041, 문학과삶,null,2,3,3,null
6,18,211,10654, 문학과영화,null,1,3,3,null
6,18,211,10654, 문학과영화,null,2,3,3,null
6,18,211,11148, 문학으로보는사랑의역사,null,1,3,3,null
6,18,211,11148, 문학으로보는사랑의역사,null,2,3,3,null
6,18,211,11184, 문학으로함께배우는매체/이야기,null,1,3,3,null
6,18,211,11184, 문학으로함께배우는매체/이야기,null,2,3,3,null
6,18,211,11146, 문화로읽는현대시의세계,null,1,3,3,null
6,18,211,11146, 문화로읽는현대시의세계,null,1,3,3,null
6,18,211,11147, 사이언스픽션의이해,null,1,3,3,null
6,18,211,11147, 사이언스픽션의이해,null,2,3,3,null
6,18,211,11297, 생태와문학,null,1,3,3,null
6,18,211,11297, 생태와문학,null,2,3,3,null
6,18,211,10768, 신화·상상력·문화,null,1,3,3,null
6,18,211,10768, 신화·상상력·문화,null,2,3,3,null
6,18,211,11109, 여행문학과세계인식,null,1,3,3,null
6,18,211,11109, 여행문학과세계인식,null,2,3,3,null
6,18,211,10882, 인간과언어,null,1,3,3,null
6,18,211,10882, 인간과언어,null,2,3,3,null
6,18,211,11258, 자연과문학,null,1,3,3,null
6,18,211,11258, 자연과문학,null,2,3,3,null
6,18,211,10543, 한국현대시와삶읽기,null,1,3,3,null
6,18,211,10543, 한국현대시와삶읽기,null,2,3,3,null
6,18,211,11134, 현대영어권문학의동향,null,1,3,3,null
6,18,211,11134, 현대영어권문학의동향,null,2,3,3,null
6,18,211,10896, 환상문학의세계,null,1,3,3,null
6,18,211,10896, 환상문학의세계,null,2,3,3,null
6,18,211,11334, Critical and Creative Textual Studies,null,1,3,3,null
6,18,211,11334, Critical and Creative Textual Studies,null,2,3,3,null
6,18,211,11335, Technical Writing and Document Design in English,null,1,3,3,null
6,18,211,11335, Technical Writing and Document Design in English,null,2,3,3,null
6,18,212,11107, 21세기의예술과인간,null,1,3,3,null
6,18,212,11107, 21세기의예술과인간,null,2,3,3,null
6,18,212,11164, Contemporary Photography,null,1,3,3,null
6,18,212,11164, Contemporary Photography,null,2,3,3,null
6,18,212,10018, 국악의이해,null,1,3,3,null
6,18,212,10018, 국악의이해,null,2,3,3,null
6,18,212,10033, 동양미술의이해,null,1,3,3,null
6,18,212,10033, 동양미술의이해,null,2,3,3,null
6,18,212,10778, 디지털매체와예술,null,1,3,3,null
6,18,212,10778, 디지털매체와예술,null,2,3,3,null
6,18,212,10576, 무용의이해,null,1,3,3,null
6,18,212,10576, 무용의이해,null,2,3,3,null
6,18,212,11153, 문화콘텐츠기획의이해,null,1,3,3,null
6,18,212,11153, 문화콘텐츠기획의이해,null,2,3,3,null
6,18,212,11328, 미술로치유하는마음,null,1,3,3,null
6,18,212,11328, 미술로치유하는마음,null,2,3,3,null
6,18,212,11083, 미학과미술,null,1,3,3,null
6,18,212,11083, 미학과미술,null,2,3,3,null
6,18,212,11135, 사물과예술,null,1,3,3,null
6,18,212,11135, 사물과예술,null,2,3,3,null
6,18,212,11329, 색채의이해,null,1,3,3,null
6,18,212,11329, 색채의이해,null,2,3,3,null
6,18,212,10072, 서양미술의이해,null,1,3,3,null
6,18,212,10072, 서양미술의이해,null,2,3,3,null
6,18,212,10073, 서양음악의이해,null,1,3,3,null
6,18,212,10073, 서양음악의이해,null,2,3,3,null
6,18,212,11084, 시각문화로서미술작품읽기,null,1,3,3,null
6,18,212,11084, 시각문화로서미술작품읽기,null,2,3,3,null
6,18,212,10090, 여성과예술,null,1,3,3,null
6,18,212,10090, 여성과예술,null,2,3,3,null
6,18,212,11113, 여성의몸과창조적움직임,null,1,3,3,null
6,18,212,11113, 여성의몸과창조적움직임,null,2,3,3,null
6,18,212,10097, 연극의이론과실제,null,1,3,3,null
6,18,212,10097, 연극의이론과실제,null,2,3,3,null
6,18,212,11110, 예술가와그의시대,null,1,3,3,null
6,18,212,11110, 예술가와그의시대,null,2,3,3,null
6,18,212,10100, 예술과사상,null,1,3,3,null
6,18,212,10100, 예술과사상,null,2,3,3,null
6,18,212,11055, 옛시와그림의만남,null,1,3,3,null
6,18,212,11055, 옛시와그림의만남,null,2,3,3,null
6,18,212,11075, 창조와상상의기술,null,1,3,3,null
6,18,212,11075, 창조와상상의기술,null,2,3,3,null
6,18,212,11035," 퍼포먼스인문학:제의,놀이,연극",null,1,3,3,null
6,18,212,11035," 퍼포먼스인문학:제의,놀이,연극",null,2,3,3,null
6,18,212,10892," 표현,예술,그리고시대정신",null,1,3,3,null
6,18,212,10892," 표현,예술,그리고시대정신",null,2,3,3,null
6,18,212,10152, 한국미술의이해,null,1,3,3,null
6,18,212,10152, 한국미술의이해,null,2,3,3,null
6,18,212,11333," 한국사와상상력,스토리텔링",null,1,3,3,null
6,18,212,11333," 한국사와상상력,스토리텔링",null,2,3,3,null
6,18,212,10883, 한국의문화공간과예술,null,1,3,3,null
6,18,212,10883, 한국의문화공간과예술,null,2,3,3,null
6,18,212,10165, 현대미술사,null,1,3,3,null
6,18,212,10165, 현대미술사,null,2,3,3,null
6,18,212,11330, Reading American Popular Culture in the Digital Age,null,1,3,3,null
6,18,212,11330, Reading American Popular Culture in the Digital Age,null,2,3,3,null
6,18,212,11265, 음악과건강,null,1,3,3,null
6,18,212,11265, 음악과건강,null,2,3,3,null
6,18,212,11116, Introduction to World Music and Culture,null,1,3,3,null
6,18,212,11116, Introduction to World Music and Culture,null,2,3,3,null
6,18,213,11190, The Art of Thinking,null,1,3,3,null
6,18,213,11190, The Art of Thinking,null,2,3,3,null
6,18,213,10545, 근대일본과동아시아,null,1,3,3,null
6,18,213,10545, 근대일본과동아시아,null,2,3,3,null
6,18,213,11046, 동서양의인간이해,null,1,3,3,null
6,18,213,11046, 동서양의인간이해,null,2,3,3,null
6,18,213,10034, 동양철학의이해,null,1,3,3,null
6,18,213,10034, 동양철학의이해,null,2,3,3,null
6,18,213,10769, 모던/포스트모던문화읽기,null,1,3,3,null
6,18,213,10769, 모던/포스트모던문화읽기,null,2,3,3,null
6,18,213,11056, 문화로읽는한국사,null,1,3,3,null
6,18,213,11056, 문화로읽는한국사,null,2,3,3,null
6,18,213,11185, 문화와예술을통해본르네상스역사,null,1,3,3,null
6,18,213,11185, 문화와예술을통해본르네상스역사,null,2,3,3,null
6,18,213,10772, 여성과사회정의,null,1,3,3,null
6,18,213,10772, 여성과사회정의,null,2,3,3,null
6,18,213,11054, 연어프로젝트:한국여성나의뿌리를찾아서 ,null,1,3,3,null
6,18,213,11054, 연어프로젝트:한국여성나의뿌리를찾아서 ,null,2,3,3,null
6,18,213,10108, 인간과종교,null,1,3,3,null
6,18,213,10108, 인간과종교,null,2,3,3,null
6,18,213,11041, 인간과철학적사유,null,1,3,3,null
6,18,213,11041, 인간과철학적사유,null,2,3,3,null
6,18,213,11293, 인물로본중국의역사,null,1,3,3,null
6,18,213,11293, 인물로본중국의역사,null,2,3,3,null
6,18,213,10581, 인물로본한국사,null,1,3,3,null
6,18,213,10581, 인물로본한국사,null,2,3,3,null
6,18,213,11078, 젠더와역사,null,1,3,3,null
6,18,213,11078, 젠더와역사,null,2,3,3,null
6,18,213,10767, 종교와문화,null,1,3,3,null
6,18,213,10767, 종교와문화,null,2,3,3,null
6,18,213,11057, 주제로살펴보는서양근현대사,null,1,3,3,null
6,18,213,11057, 주제로살펴보는서양근현대사,null,2,3,3,null
6,18,213,10544, 중국의역사와문화,null,1,3,3,null
6,18,213,10544, 중국의역사와문화,null,2,3,3,null
6,18,213,11297, 질병치료와백신의역사,null,1,3,3,null
6,18,213,11297, 질병치료와백신의역사,null,2,3,3,null
6,18,213,11189, 철학의은유들,null,1,3,3,null
6,18,213,11189, 철학의은유들,null,2,3,3,null
6,18,213,11045, 패러다임전환과비판이론,null,1,3,3,null
6,18,213,11045, 패러다임전환과비판이론,null,2,3,3,null
6,18,213,10149, 한국근현대사 ,null,1,3,3,null
6,18,213,10149, 한국근현대사 ,null,2,3,3,null
6,18,213,11058, 한국사의새로운이해,null,1,3,3,null
6,18,213,11058, 한국사의새로운이해,null,2,3,3,null
6,18,213,11186, Evolutionary Origin of Humans,null,1,3,3,null
6,18,213,11186, Evolutionary Origin of Humans,null,2,3,3,null
6,18,213,11295, 인공지능시대의과학과종교,null,1,3,3,null
6,18,213,11295, 인공지능시대의과학과종교,null,2,3,3,null
6,18,214,10011, 가족건강과간호,null,1,3,3,null
6,18,214,10011, 가족건강과간호,null,2,3,3,null
6,18,214,10932, 건축으로읽는사회문화사,null,1,3,3,null
6,18,214,10932, 건축으로읽는사회문화사,null,2,3,3,null
6,18,214,10013, 경영과사회,null,1,3,3,null
6,18,214,10013, 경영과사회,null,2,3,3,null
6,18,214,11068, 글로벌사회변동과쟁점지역연구,null,1,3,3,null
6,18,214,11068, 글로벌사회변동과쟁점지역연구,null,2,3,3,null
6,18,214,10913, 글로벌시대의다문화사회,null,1,3,3,null
6,18,214,10913, 글로벌시대의다문화사회,null,2,3,3,null
6,18,214,10914, 글로벌시대의아시아여성,null,1,3,3,null
6,18,214,10914, 글로벌시대의아시아여성,null,2,3,3,null
6,18,214,10091, 노동과젠더,null,1,3,3,null
6,18,214,10091, 노동과젠더,null,2,3,3,null
6,18,214,11332, 도시공간문화로읽는한국사,null,1,3,3,null
6,18,214,11332, 도시공간문화로읽는한국사,null,2,3,3,null
6,18,214,10886, 동양고전의현대적이해,null,1,3,3,null
6,18,214,10886, 동양고전의현대적이해,null,2,3,3,null
6,18,214,11292, 모방과인간,null,1,3,3,null
6,18,214,11292, 모방과인간,null,2,3,3,null
6,18,214,11193, 법과젠더,null,1,3,3,null
6,18,214,11193, 법과젠더,null,2,3,3,null
6,18,214,10549, 북한정치의이해,null,1,3,3,null
6,18,214,10549, 북한정치의이해,null,2,3,3,null
6,18,214,10548, 북한주민의문화와생활,null,1,3,3,null
6,18,214,10548, 북한주민의문화와생활,null,2,3,3,null
6,18,214,10929, 브레인스펙트럼,null,1,3,3,null
6,18,214,10929, 브레인스펙트럼,null,2,3,3,null
6,18,214,10573, 생명윤리와법,null,1,3,3,null
6,18,214,10573, 생명윤리와법,null,2,3,3,null
6,18,214,10074, 성문화연구,null,1,3,3,null
6,18,214,10074, 성문화연구,null,2,3,3,null
6,18,214,10081, 시민생활과법,null,1,3,3,null
6,18,214,10081, 시민생활과법,null,2,3,3,null
6,18,214,10094, 여성학,null,1,3,3,null
6,18,214,10094, 여성학,null,2,3,3,null
6,18,214,11089, 여행과지리:글로벌화의지역탐색,null,1,3,3,null
6,18,214,11089, 여행과지리:글로벌화의지역탐색,null,2,3,3,null
6,18,214,10908, 영상이미지와젠더,null,1,3,3,null
6,18,214,10908, 영상이미지와젠더,null,2,3,3,null
6,18,214,10904, 우리사회의문제와쟁점찾기,null,1,3,3,null
6,18,214,10904, 우리사회의문제와쟁점찾기,null,2,3,3,null
6,18,214,10109, 인간발달과가족,null,1,3,3,null
6,18,214,10109, 인간발달과가족,null,2,3,3,null
6,18,214,10903, 인간발달과문화의다양성,null,1,3,3,null
6,18,214,10903, 인간발달과문화의다양성,null,2,3,3,null
6,18,214,11114, 인간은왜춤을추는가,null,1,3,3,null
6,18,214,11114, 인간은왜춤을추는가,null,2,3,3,null
6,18,214,11103, 인터넷과법,null,1,3,3,null
6,18,214,11103, 인터넷과법,null,2,3,3,null
6,18,214,11104, 죄와벌,null,1,3,3,null
6,18,214,11104, 죄와벌,null,2,3,3,null
6,18,214,10905, 지구촌의사회복지,null,1,3,3,null
6,18,214,10905, 지구촌의사회복지,null,2,3,3,null
6,18,214,11105, 직업세계와법,null,1,3,3,null
6,18,214,11105, 직업세계와법,null,2,3,3,null
6,18,214,11039, 키워드로읽는중국문화,null,1,3,3,null
6,18,214,11039, 키워드로읽는중국문화,null,2,3,3,null
6,18,214,10887, 현대중국의사회와문화,null,1,3,3,null
6,18,214,10887, 현대중국의사회와문화,null,2,3,3,null
6,18,214,11162, Middle Eastern Political Theology: Religious Sources,null,1,3,3,null
6,18,214,11162, Middle Eastern Political Theology: Religious Sources,null,2,3,3,null
6,18,214,11259, SDGs시대글로벌보건협력:개발도상국의보건의료현황과국제사회의지원,null,1,3,3,null
6,18,214,11259, SDGs시대글로벌보건협력:개발도상국의보건의료현황과국제사회의지원,null,2,3,3,null
6,18,214,11161, Social and Cultural Impact of Video Games,null,1,3,3,null
6,18,214,11161, Social and Cultural Impact of Video Games,null,2,3,3,null
6,18,214,11296, 청춘의아픔과치유:행복인문학,null,1,3,3,null
6,18,214,11296, 청춘의아픔과치유:행복인문학,null,2,3,3,null
6,18,214,10181, 환경과인간,null,1,3,3,null
6,18,214,10181, 환경과인간,null,2,3,3,null
6,18,214,11188, Introduction to Ethnic Conflict and Management,null,1,3,3,null
6,18,214,11188, Introduction to Ethnic Conflict and Management,null,2,3,3,null
6,18,214,11163, Literacy in the 21st Century,null,1,3,3,null
6,18,214,11163, Literacy in the 21st Century,null,2,3,3,null
6,18,214,10949, 국제구호와개발협력,null,1,3,3,null
6,18,214,10949, 국제구호와개발협력,null,2,3,3,null
6,18,214,11106, 글로벌시민의이해와리더십,null,1,3,3,null
6,18,214,11106, 글로벌시민의이해와리더십,null,2,3,3,null
6,18,214,10933, 대학생의성건강,null,1,3,3,null
6,18,214,10933, 대학생의성건강,null,2,3,3,null
6,18,214,11308, 데이터로고전읽기,null,1,3,3,null
6,18,214,11308, 데이터로고전읽기,null,2,3,3,null
6,18,214,11079, 장애와사회,null,1,3,3,null
6,18,214,11079, 장애와사회,null,2,3,3,null
6,18,215,11154, 사물인터넷개론,null,1,3,3,null
6,18,215,11154, 사물인터넷개론,null,2,3,3,null
6,18,215,10556, 인터넷과소셜컴퓨팅,null,1,3,3,null
6,18,215,10556, 인터넷과소셜컴퓨팅,null,2,3,3,null
6,18,215,11160, 정보기술과미래사회,null,1,3,3,null
6,18,215,11160, 정보기술과미래사회,null,2,3,3,null
6,18,215,10123, 정보사회와인터넷윤리,null,1,3,3,null
6,18,215,10123, 정보사회와인터넷윤리,null,2,3,3,null
6,18,215,10930, Behavior of Animals,null,1,3,3,null
6,18,215,10930, Behavior of Animals,null,2,3,3,null
6,18,215,11111, SF영화로배우는철학,null,1,3,3,null
6,18,215,11111, SF영화로배우는철학,null,2,3,3,null
6,18,215,11155, 과학과허구,null,1,3,3,null
6,18,215,11155, 과학과허구,null,2,3,3,null
6,18,215,11101, 과학과문화의커뮤니케이션,null,1,3,3,null
6,18,215,11101, 과학과문화의커뮤니케이션,null,2,3,3,null
6,18,215,11043, 글로벌사회의기록과정보,null,1,3,3,null
6,18,215,11043, 글로벌사회의기록과정보,null,2,3,3,null
6,18,215,10776, 글로벌시민을위한과학소양,null,1,3,3,null
6,18,215,10776, 글로벌시민을위한과학소양,null,2,3,3,null
6,18,215,11044, 디지털네이티브와검색엔진,null,1,3,3,null
6,18,215,11044, 디지털네이티브와검색엔진,null,2,3,3,null
6,18,215,11152, 모바일멀티미디어프로그래밍,null,1,3,3,null
6,18,215,11152, 모바일멀티미디어프로그래밍,null,2,3,3,null
6,18,215,10559, 미래를위한환경의이해,null,1,3,3,null
6,18,215,10559, 미래를위한환경의이해,null,2,3,3,null
6,18,215,11191, 식물의모든것,null,1,3,3,null
6,18,215,11191, 식물의모든것,null,2,3,3,null
6,18,215,10052, 약과건강,null,1,3,3,null
6,18,215,10052, 약과건강,null,2,3,3,null
6,18,215,11102," 에너지의이해,이용,실천",null,1,3,3,null
6,18,215,11102," 에너지의이해,이용,실천",null,2,3,3,null
6,18,215,11257, 에피소드로보는과학철학,null,1,3,3,null
6,18,215,11257, 에피소드로보는과학철학,null,2,3,3,null
6,18,215,10910, 위험판단심리학,null,1,3,3,null
6,18,215,10910, 위험판단심리학,null,2,3,3,null
6,18,215,10104, 응용통계입문,null,1,3,3,null
6,18,215,10104, 응용통계입문,null,2,3,3,null
6,18,215,11336, 인공지능과인간,null,1,3,3,null
6,18,215,11336, 인공지능과인간,null,2,3,3,null
6,18,215,11261, 인공지능시대의정보산업이해,null,1,3,3,null
6,18,215,11261, 인공지능시대의정보산업이해,null,2,3,3,null
6,18,215,11156," 자연과의대화,환경생태",null,1,3,3,null
6,18,215,11156," 자연과의대화,환경생태",null,2,3,3,null
6,18,215,11096, 정보화사회와통계,null,1,3,3,null
6,18,215,11096, 정보화사회와통계,null,2,3,3,null
6,18,215,10135, 지구의역사,null,1,3,3,null
6,18,215,10135, 지구의역사,null,2,3,3,null
6,18,215,11042, 컴퓨터와마음,null,1,3,3,null
6,18,215,11042, 컴퓨터와마음,null,2,3,3,null
6,18,215,11145, 크리에이티브컴퓨팅,null,1,3,3,null
6,18,215,11145, 크리에이티브컴퓨팅,null,2,3,3,null
6,18,215,10164, 현대물리학과인간사고의변혁,null,1,3,3,null
6,18,215,10164, 현대물리학과인간사고의변혁,null,2,3,3,null
6,18,215,11157, 환경재난과국제협력,null,1,3,3,null
6,18,215,11157, 환경재난과국제협력,null,2,3,3,null
6,18,215,11159, General Biology,null,1,3,3,null
6,18,215,11159, General Biology,null,2,3,3,null
6,18,215,11262, 생활속의미생물,null,1,3,3,null
6,18,215,11262, 생활속의미생물,null,2,3,3,null
6,18,215,11187, 빅데이터사회와정보활용,null,1,3,3,null
6,18,215,11187, 빅데이터사회와정보활용,null,2,3,3,null
6,18,215,11264, 세계의자연유산과지오투어리즘,null,1,3,3,null
6,18,215,11264, 세계의자연유산과지오투어리즘,null,2,3,3,null
6,18,215,11098, 주거로보는건축문화,null,1,3,3,null
6,18,215,11098, 주거로보는건축문화,null,2,3,3,null
6,18,216,11208, IT융합설계개론,null,1,3,3,null
6,18,216,11208, IT융합설계개론,null,2,3,3,null
6,18,216,11309, 문제해결과SW프로그래밍,null,1,3,3,null
6,18,216,11309, 문제해결과SW프로그래밍,null,2,3,3,null
6,18,216,11214, 간호와휴머니즘,null,1,3,3,null
6,18,216,11214, 간호와휴머니즘,null,2,3,3,null
6,18,216,11206, 계산의기초와융합적문제해결,null,1,3,3,null
6,18,216,11206, 계산의기초와융합적문제해결,null,2,3,3,null
6,18,216,11207, 과학자를위한기초현대통계학론,null,1,3,3,null
6,18,216,11207, 과학자를위한기초현대통계학론,null,2,3,3,null
6,18,216,11210, 교육커뮤니케이션의이해와실제,null,1,3,3,null
6,18,216,11210, 교육커뮤니케이션의이해와실제,null,2,3,3,null
6,18,216,11212, 글로벌커리어개발과기업가정신,null,1,3,3,null
6,18,216,11212, 글로벌커리어개발과기업가정신,null,2,3,3,null
6,18,216,11204, 논리로과학읽기,null,1,3,3,null
6,18,216,11204, 논리로과학읽기,null,2,3,3,null
6,18,216,11209, 시각적사고를통한일상의문화와트랜드,null,1,3,3,null
6,18,216,11209, 시각적사고를통한일상의문화와트랜드,null,2,3,3,null
6,18,216,11263, 예술과기술,null,1,3,3,null
6,18,216,11263, 예술과기술,null,2,3,3,null
6,18,216,11233, 음악과테크놀로지,null,1,3,3,null
6,18,216,11233, 음악과테크놀로지,null,2,3,3,null
6,18,216,11235, 의료생명분야에서의컴퓨터적사고,null,1,3,3,null
6,18,216,11235, 의료생명분야에서의컴퓨터적사고,null,2,3,3,null
6,18,216,11213, 질병과몸의역사,null,1,3,3,null
6,18,216,11213, 질병과몸의역사,null,2,3,3,null
6,18,216,11205, 컴퓨터과학적인식과문제해결,null,1,3,3,null
6,18,216,11205, 컴퓨터과학적인식과문제해결,null,2,3,3,null
6,18,216,11232, 컴퓨터적사고와이해,null,1,3,3,null
6,18,216,11232, 컴퓨터적사고와이해,null,2,3,3,null
6,18,216,11234, 컴퓨터적사고와조형적활용,null,1,3,3,null
6,18,216,11234, 컴퓨터적사고와조형적활용,null,2,3,3,null
6,18,216,11211, 컴퓨팅적사고와프로그래밍,null,1,3,3,null
6,18,216,11211, 컴퓨팅적사고와프로그래밍,null,2,3,3,null
6,18,216,11215, 통합적분쟁이해와조정,null,1,3,3,null
6,18,216,11215, 통합적분쟁이해와조정,null,2,3,3,null
6,18,216,11260, 기업가정신과기술혁신,null,1,3,3,null
6,18,217,35136,서양의역사와문화,1,1,3,3,null
6,18,217,35138,동아시아의역사와문화,1,2,3,3,null
6,18,217,35137,한국의역사와문화,1,2,3,3,null
6,18,217,35140,근대중국의개혁과혁명,2,1,3,3,null
6,18,217,30922,역사학의이해,2,1,3,3,null
6,18,217,35139,한국근대사의전개,2,1,3,3,null
6,18,217,38119,사료로보는서양사,2,2,3,3,null
6,18,217,35141,서양고대문명의성립과발전,2,2,3,3,null
6,18,217,35152,중국근세의사회와문화,2,2,3,3,null
6,18,217,35142,한국고대사회와문화,2,2,3,3,null
6,18,217,38121,사학전공설계심화2,3,1,null,3,null
6,18,217,38121,사학전공설계심화2,3,2,null,3,null
6,18,217,38120,사학전공설계심화1,3,1,null,3,null
6,18,217,38120,사학전공설계심화1,3,2,null,3,null
6,18,217,38122,사학전공설계심화3,3,1,null,3,null
6,18,217,38122,사학전공설계심화3,3,2,null,3,null
6,18,217,32833,일본사,3,1,3,3,null
6,18,217,35143,중국문명의성립과전개,3,1,3,3,null
6,18,217,35153,중세유럽의형성과봉건사회,3,1,3,3,null
6,18,217,35150,한국여성생활문화사,3,1,3,3,null
6,18,217,35149,한국의전통과민속문화,3,1,3,3,null
6,18,217,35145,한국중세사회와문화,3,1,3,3,null
6,18,217,20243,미국사,3,2,3,3,null
6,18,217,35144,서양현대사의흐름과세계,3,2,3,3,null
6,18,217,38123,중국경제사,3,2,3,3,null
6,18,217,30199,중국현대사의흐름,3,2,3,3,null
6,18,217,38124,프랑스사,3,2,3,3,null
6,18,217,35151,한국근세사회와문화,3,2,3,3,null
6,18,217,38127,역사문화와현장학습1,4,1,null,1,null
6,18,217,38128,역사문화와현장학습2,4,1,null,1,null
6,18,217,38129,역사문화와현장학습3,4,1,null,1,null
6,18,217,38127,역사문화와현장학습1,4,2,null,1,null
6,18,217,38128,역사문화와현장학습2,4,2,null,1,null
6,18,217,38129,역사문화와현장학습3,4,2,null,1,null
6,18,217,20237,동서문화교류사,4,1,3,3,null
6,18,217,20246,서양근대사상사,4,1,3,3,null
6,18,217,38126,서양문명과과학기술,4,1,3,3,null
6,18,217,38125,중국의가족과사회,4,1,3,3,null
6,18,217,35156,한국의문화와국제교류,4,1,3,3,null
6,18,217,35157,한국인의삶과사상,4,1,3,3,null
6,18,217,38130,사료로보는한국사,4,2,3,3,null
6,18,217,35147,서양근대시민사회와혁명,4,2,3,3,null
6,18,217,37204,역사와문화콘텐츠(캡스톤디자인),4,2,3,3,null
6,18,217,38131,일본근대의흐름과쟁점,4,2,3,3,null
6,18,217,36835,일본사회문화사,4,2,3,3,null
6,18,217,35154,한국현대사의전개,4,2,3,3,null
6,19,218,10023, 기독교와세계,1,1,3,3,null
6,19,218,10023, 기독교와세계,1,2,3,3,null
6,19,219,11256, 공존과협력의유토피아,1,1,3,2,null
6,19,219,11256, 공존과협력의유토피아,1,2,3,2,null
6,19,219,11254, 관계의미학:사랑과윤리,1,1,3,2,null
6,19,219,11254, 관계의미학:사랑과윤리,1,2,3,2,null
6,19,219,11095, 나눔리더십,1,1,3,2,null
6,19,219,11095, 나눔리더십,1,2,3,2,null
6,19,219,11253, 나눔의인간학,1,1,3,2,null
6,19,219,11253, 나눔의인간학,1,2,3,2,null
6,19,219,11252, 청춘의자기이해,1,1,3,2,null
6,19,219,11252, 청춘의자기이해,1,2,3,2,null
6,19,219,11255, 호모엠파티쿠스:소통·공감·신뢰,1,1,3,2,null
6,19,219,11255, 호모엠파티쿠스:소통·공감·신뢰,1,2,3,2,null
6,19,220,10021, 우리말과글쓰기,1,1,3,3,null
6,19,220,10021, 우리말과글쓰기,1,2,3,3,null
6,19,221,11094, 고전읽기와글쓰기,1,1,3,2,10021
6,19,221,11094, 고전읽기와글쓰기,1,2,3,2,10021
6,19,221,11250,사이보그와이미지의권력,2,1,3,2,10021
6,19,221,11250,사이보그와이미지의권력,2,2,3,2,10021
6,19,221,11249,역사와철학으로질문던지기,2,1,3,2,10021
6,19,221,11249,역사와철학으로질문던지기,2,1,3,2,10021
6,19,221,11248,읽기와쓰기의다이내미즘,2,2,3,2,10021
6,19,221,11248,읽기와쓰기의다이내미즘,2,1,3,2,10021
6,19,222,10098, 대학영어,1,1,3,3,null
6,19,222,10098, 대학영어,1,2,3,3,null
6,19,222,10099, 고급영어,1,1,3,3,null
6,19,222,10099, 고급영어,1,2,3,3,null
6,19,223,11036, 중국어Ⅰ,1,1,3,2,null
6,19,223,11037, 중국어Ⅱ,1,2,3,2,null
6,19,223,11073, 프랑스어Ⅰ,1,1,3,2,null
6,19,223,11074, 프랑스어Ⅱ,1,2,3,2,null
6,19,223,11033, 독일어Ⅰ,1,1,3,2,null
6,19,223,11034, 독일어Ⅱ,1,2,3,2,null
6,19,223,11091, 일본어Ⅰ,1,1,3,2,null
6,19,223,11092, 일본어Ⅱ,1,2,3,2,null
6,19,223,11066, 스페인어Ⅰ,1,1,3,2,null
6,19,223,11067, 스페인어Ⅱ,1,2,3,2,null
6,19,223,11064, 러시아어Ⅰ,1,1,3,2,null
6,19,223,11065, 러시아어Ⅱ,1,2,3,2,null
6,19,224,11053, 21세기사회와문학의대화,null,1,3,3,null
6,19,224,11053, 21세기사회와문학의대화,null,2,3,3,null
6,19,224,11183, The Story of Human Language,null,1,3,3,null
6,19,224,11183, The Story of Human Language,null,2,3,3,null
6,19,224,11165, Topics in Multiethnic American Literature,null,1,3,3,null
6,19,224,11165, Topics in Multiethnic American Literature,null,2,3,3,null
6,19,224,11112, 다매체시대의비교문학,null,1,3,3,null
6,19,224,11112, 다매체시대의비교문학,null,2,3,3,null
6,19,224,11108, 동아시아문학으로문화읽기,null,1,3,3,null
6,19,224,11108, 동아시아문학으로문화읽기,null,2,3,3,null
6,19,224,11038, 디지털미디어시대의동아시아문자,null,1,3,3,null
6,19,224,11038, 디지털미디어시대의동아시아문자,null,2,3,3,null
6,19,224,10950, 디지털스토리텔링의이해,null,1,3,3,null
6,19,224,10950, 디지털스토리텔링의이해,null,2,3,3,null
6,19,224,10041, 문학과삶,null,1,3,3,null
6,19,224,10041, 문학과삶,null,2,3,3,null
6,19,224,10654, 문학과영화,null,1,3,3,null
6,19,224,10654, 문학과영화,null,2,3,3,null
6,19,224,11148, 문학으로보는사랑의역사,null,1,3,3,null
6,19,224,11148, 문학으로보는사랑의역사,null,2,3,3,null
6,19,224,11184, 문학으로함께배우는매체/이야기,null,1,3,3,null
6,19,224,11184, 문학으로함께배우는매체/이야기,null,2,3,3,null
6,19,224,11146, 문화로읽는현대시의세계,null,1,3,3,null
6,19,224,11146, 문화로읽는현대시의세계,null,1,3,3,null
6,19,224,11147, 사이언스픽션의이해,null,1,3,3,null
6,19,224,11147, 사이언스픽션의이해,null,2,3,3,null
6,19,224,11297, 생태와문학,null,1,3,3,null
6,19,224,11297, 생태와문학,null,2,3,3,null
6,19,224,10768, 신화·상상력·문화,null,1,3,3,null
6,19,224,10768, 신화·상상력·문화,null,2,3,3,null
6,19,224,11109, 여행문학과세계인식,null,1,3,3,null
6,19,224,11109, 여행문학과세계인식,null,2,3,3,null
6,19,224,10882, 인간과언어,null,1,3,3,null
6,19,224,10882, 인간과언어,null,2,3,3,null
6,19,224,11258, 자연과문학,null,1,3,3,null
6,19,224,11258, 자연과문학,null,2,3,3,null
6,19,224,10543, 한국현대시와삶읽기,null,1,3,3,null
6,19,224,10543, 한국현대시와삶읽기,null,2,3,3,null
6,19,224,11134, 현대영어권문학의동향,null,1,3,3,null
6,19,224,11134, 현대영어권문학의동향,null,2,3,3,null
6,19,224,10896, 환상문학의세계,null,1,3,3,null
6,19,224,10896, 환상문학의세계,null,2,3,3,null
6,19,224,11334, Critical and Creative Textual Studies,null,1,3,3,null
6,19,224,11334, Critical and Creative Textual Studies,null,2,3,3,null
6,19,224,11335, Technical Writing and Document Design in English,null,1,3,3,null
6,19,224,11335, Technical Writing and Document Design in English,null,2,3,3,null
6,19,225,11107, 21세기의예술과인간,null,1,3,3,null
6,19,225,11107, 21세기의예술과인간,null,2,3,3,null
6,19,225,11164, Contemporary Photography,null,1,3,3,null
6,19,225,11164, Contemporary Photography,null,2,3,3,null
6,19,225,10018, 국악의이해,null,1,3,3,null
6,19,225,10018, 국악의이해,null,2,3,3,null
6,19,225,10033, 동양미술의이해,null,1,3,3,null
6,19,225,10033, 동양미술의이해,null,2,3,3,null
6,19,225,10778, 디지털매체와예술,null,1,3,3,null
6,19,225,10778, 디지털매체와예술,null,2,3,3,null
6,19,225,10576, 무용의이해,null,1,3,3,null
6,19,225,10576, 무용의이해,null,2,3,3,null
6,19,225,11153, 문화콘텐츠기획의이해,null,1,3,3,null
6,19,225,11153, 문화콘텐츠기획의이해,null,2,3,3,null
6,19,225,11328, 미술로치유하는마음,null,1,3,3,null
6,19,225,11328, 미술로치유하는마음,null,2,3,3,null
6,19,225,11083, 미학과미술,null,1,3,3,null
6,19,225,11083, 미학과미술,null,2,3,3,null
6,19,225,11135, 사물과예술,null,1,3,3,null
6,19,225,11135, 사물과예술,null,2,3,3,null
6,19,225,11329, 색채의이해,null,1,3,3,null
6,19,225,11329, 색채의이해,null,2,3,3,null
6,19,225,10072, 서양미술의이해,null,1,3,3,null
6,19,225,10072, 서양미술의이해,null,2,3,3,null
6,19,225,10073, 서양음악의이해,null,1,3,3,null
6,19,225,10073, 서양음악의이해,null,2,3,3,null
6,19,225,11084, 시각문화로서미술작품읽기,null,1,3,3,null
6,19,225,11084, 시각문화로서미술작품읽기,null,2,3,3,null
6,19,225,10090, 여성과예술,null,1,3,3,null
6,19,225,10090, 여성과예술,null,2,3,3,null
6,19,225,11113, 여성의몸과창조적움직임,null,1,3,3,null
6,19,225,11113, 여성의몸과창조적움직임,null,2,3,3,null
6,19,225,10097, 연극의이론과실제,null,1,3,3,null
6,19,225,10097, 연극의이론과실제,null,2,3,3,null
6,19,225,11110, 예술가와그의시대,null,1,3,3,null
6,19,225,11110, 예술가와그의시대,null,2,3,3,null
6,19,225,10100, 예술과사상,null,1,3,3,null
6,19,225,10100, 예술과사상,null,2,3,3,null
6,19,225,11055, 옛시와그림의만남,null,1,3,3,null
6,19,225,11055, 옛시와그림의만남,null,2,3,3,null
6,19,225,11075, 창조와상상의기술,null,1,3,3,null
6,19,225,11075, 창조와상상의기술,null,2,3,3,null
6,19,225,11035," 퍼포먼스인문학:제의,놀이,연극",null,1,3,3,null
6,19,225,11035," 퍼포먼스인문학:제의,놀이,연극",null,2,3,3,null
6,19,225,10892," 표현,예술,그리고시대정신",null,1,3,3,null
6,19,225,10892," 표현,예술,그리고시대정신",null,2,3,3,null
6,19,225,10152, 한국미술의이해,null,1,3,3,null
6,19,225,10152, 한국미술의이해,null,2,3,3,null
6,19,225,11333," 한국사와상상력,스토리텔링",null,1,3,3,null
6,19,225,11333," 한국사와상상력,스토리텔링",null,2,3,3,null
6,19,225,10883, 한국의문화공간과예술,null,1,3,3,null
6,19,225,10883, 한국의문화공간과예술,null,2,3,3,null
6,19,225,10165, 현대미술사,null,1,3,3,null
6,19,225,10165, 현대미술사,null,2,3,3,null
6,19,225,11330, Reading American Popular Culture in the Digital Age,null,1,3,3,null
6,19,225,11330, Reading American Popular Culture in the Digital Age,null,2,3,3,null
6,19,225,11265, 음악과건강,null,1,3,3,null
6,19,225,11265, 음악과건강,null,2,3,3,null
6,19,225,11116, Introduction to World Music and Culture,null,1,3,3,null
6,19,225,11116, Introduction to World Music and Culture,null,2,3,3,null
6,19,226,11190, The Art of Thinking,null,1,3,3,null
6,19,226,11190, The Art of Thinking,null,2,3,3,null
6,19,226,10545, 근대일본과동아시아,null,1,3,3,null
6,19,226,10545, 근대일본과동아시아,null,2,3,3,null
6,19,226,11046, 동서양의인간이해,null,1,3,3,null
6,19,226,11046, 동서양의인간이해,null,2,3,3,null
6,19,226,10034, 동양철학의이해,null,1,3,3,null
6,19,226,10034, 동양철학의이해,null,2,3,3,null
6,19,226,10769, 모던/포스트모던문화읽기,null,1,3,3,null
6,19,226,10769, 모던/포스트모던문화읽기,null,2,3,3,null
6,19,226,11056, 문화로읽는한국사,null,1,3,3,null
6,19,226,11056, 문화로읽는한국사,null,2,3,3,null
6,19,226,11185, 문화와예술을통해본르네상스역사,null,1,3,3,null
6,19,226,11185, 문화와예술을통해본르네상스역사,null,2,3,3,null
6,19,226,10772, 여성과사회정의,null,1,3,3,null
6,19,226,10772, 여성과사회정의,null,2,3,3,null
6,19,226,11054, 연어프로젝트:한국여성나의뿌리를찾아서 ,null,1,3,3,null
6,19,226,11054, 연어프로젝트:한국여성나의뿌리를찾아서 ,null,2,3,3,null
6,19,226,10108, 인간과종교,null,1,3,3,null
6,19,226,10108, 인간과종교,null,2,3,3,null
6,19,226,11041, 인간과철학적사유,null,1,3,3,null
6,19,226,11041, 인간과철학적사유,null,2,3,3,null
6,19,226,11293, 인물로본중국의역사,null,1,3,3,null
6,19,226,11293, 인물로본중국의역사,null,2,3,3,null
6,19,226,10581, 인물로본한국사,null,1,3,3,null
6,19,226,10581, 인물로본한국사,null,2,3,3,null
6,19,226,11078, 젠더와역사,null,1,3,3,null
6,19,226,11078, 젠더와역사,null,2,3,3,null
6,19,226,10767, 종교와문화,null,1,3,3,null
6,19,226,10767, 종교와문화,null,2,3,3,null
6,19,226,11057, 주제로살펴보는서양근현대사,null,1,3,3,null
6,19,226,11057, 주제로살펴보는서양근현대사,null,2,3,3,null
6,19,226,10544, 중국의역사와문화,null,1,3,3,null
6,19,226,10544, 중국의역사와문화,null,2,3,3,null
6,19,226,11297, 질병치료와백신의역사,null,1,3,3,null
6,19,226,11297, 질병치료와백신의역사,null,2,3,3,null
6,19,226,11189, 철학의은유들,null,1,3,3,null
6,19,226,11189, 철학의은유들,null,2,3,3,null
6,19,226,11045, 패러다임전환과비판이론,null,1,3,3,null
6,19,226,11045, 패러다임전환과비판이론,null,2,3,3,null
6,19,226,10149, 한국근현대사 ,null,1,3,3,null
6,19,226,10149, 한국근현대사 ,null,2,3,3,null
6,19,226,11058, 한국사의새로운이해,null,1,3,3,null
6,19,226,11058, 한국사의새로운이해,null,2,3,3,null
6,19,226,11186, Evolutionary Origin of Humans,null,1,3,3,null
6,19,226,11186, Evolutionary Origin of Humans,null,2,3,3,null
6,19,226,11295, 인공지능시대의과학과종교,null,1,3,3,null
6,19,226,11295, 인공지능시대의과학과종교,null,2,3,3,null
6,19,227,10011, 가족건강과간호,null,1,3,3,null
6,19,227,10011, 가족건강과간호,null,2,3,3,null
6,19,227,10932, 건축으로읽는사회문화사,null,1,3,3,null
6,19,227,10932, 건축으로읽는사회문화사,null,2,3,3,null
6,19,227,10013, 경영과사회,null,1,3,3,null
6,19,227,10013, 경영과사회,null,2,3,3,null
6,19,227,11068, 글로벌사회변동과쟁점지역연구,null,1,3,3,null
6,19,227,11068, 글로벌사회변동과쟁점지역연구,null,2,3,3,null
6,19,227,10913, 글로벌시대의다문화사회,null,1,3,3,null
6,19,227,10913, 글로벌시대의다문화사회,null,2,3,3,null
6,19,227,10914, 글로벌시대의아시아여성,null,1,3,3,null
6,19,227,10914, 글로벌시대의아시아여성,null,2,3,3,null
6,19,227,10091, 노동과젠더,null,1,3,3,null
6,19,227,10091, 노동과젠더,null,2,3,3,null
6,19,227,11332, 도시공간문화로읽는한국사,null,1,3,3,null
6,19,227,11332, 도시공간문화로읽는한국사,null,2,3,3,null
6,19,227,10886, 동양고전의현대적이해,null,1,3,3,null
6,19,227,10886, 동양고전의현대적이해,null,2,3,3,null
6,19,227,11292, 모방과인간,null,1,3,3,null
6,19,227,11292, 모방과인간,null,2,3,3,null
6,19,227,11193, 법과젠더,null,1,3,3,null
6,19,227,11193, 법과젠더,null,2,3,3,null
6,19,227,10549, 북한정치의이해,null,1,3,3,null
6,19,227,10549, 북한정치의이해,null,2,3,3,null
6,19,227,10548, 북한주민의문화와생활,null,1,3,3,null
6,19,227,10548, 북한주민의문화와생활,null,2,3,3,null
6,19,227,10929, 브레인스펙트럼,null,1,3,3,null
6,19,227,10929, 브레인스펙트럼,null,2,3,3,null
6,19,227,10573, 생명윤리와법,null,1,3,3,null
6,19,227,10573, 생명윤리와법,null,2,3,3,null
6,19,227,10074, 성문화연구,null,1,3,3,null
6,19,227,10074, 성문화연구,null,2,3,3,null
6,19,227,10081, 시민생활과법,null,1,3,3,null
6,19,227,10081, 시민생활과법,null,2,3,3,null
6,19,227,10094, 여성학,null,1,3,3,null
6,19,227,10094, 여성학,null,2,3,3,null
6,19,227,11089, 여행과지리:글로벌화의지역탐색,null,1,3,3,null
6,19,227,11089, 여행과지리:글로벌화의지역탐색,null,2,3,3,null
6,19,227,10908, 영상이미지와젠더,null,1,3,3,null
6,19,227,10908, 영상이미지와젠더,null,2,3,3,null
6,19,227,10904, 우리사회의문제와쟁점찾기,null,1,3,3,null
6,19,227,10904, 우리사회의문제와쟁점찾기,null,2,3,3,null
6,19,227,10109, 인간발달과가족,null,1,3,3,null
6,19,227,10109, 인간발달과가족,null,2,3,3,null
6,19,227,10903, 인간발달과문화의다양성,null,1,3,3,null
6,19,227,10903, 인간발달과문화의다양성,null,2,3,3,null
6,19,227,11114, 인간은왜춤을추는가,null,1,3,3,null
6,19,227,11114, 인간은왜춤을추는가,null,2,3,3,null
6,19,227,11103, 인터넷과법,null,1,3,3,null
6,19,227,11103, 인터넷과법,null,2,3,3,null
6,19,227,11104, 죄와벌,null,1,3,3,null
6,19,227,11104, 죄와벌,null,2,3,3,null
6,19,227,10905, 지구촌의사회복지,null,1,3,3,null
6,19,227,10905, 지구촌의사회복지,null,2,3,3,null
6,19,227,11105, 직업세계와법,null,1,3,3,null
6,19,227,11105, 직업세계와법,null,2,3,3,null
6,19,227,11039, 키워드로읽는중국문화,null,1,3,3,null
6,19,227,11039, 키워드로읽는중국문화,null,2,3,3,null
6,19,227,10887, 현대중국의사회와문화,null,1,3,3,null
6,19,227,10887, 현대중국의사회와문화,null,2,3,3,null
6,19,227,11162, Middle Eastern Political Theology: Religious Sources,null,1,3,3,null
6,19,227,11162, Middle Eastern Political Theology: Religious Sources,null,2,3,3,null
6,19,227,11259, SDGs시대글로벌보건협력:개발도상국의보건의료현황과국제사회의지원,null,1,3,3,null
6,19,227,11259, SDGs시대글로벌보건협력:개발도상국의보건의료현황과국제사회의지원,null,2,3,3,null
6,19,227,11161, Social and Cultural Impact of Video Games,null,1,3,3,null
6,19,227,11161, Social and Cultural Impact of Video Games,null,2,3,3,null
6,19,227,11296, 청춘의아픔과치유:행복인문학,null,1,3,3,null
6,19,227,11296, 청춘의아픔과치유:행복인문학,null,2,3,3,null
6,19,227,10181, 환경과인간,null,1,3,3,null
6,19,227,10181, 환경과인간,null,2,3,3,null
6,19,227,11188, Introduction to Ethnic Conflict and Management,null,1,3,3,null
6,19,227,11188, Introduction to Ethnic Conflict and Management,null,2,3,3,null
6,19,227,11163, Literacy in the 21st Century,null,1,3,3,null
6,19,227,11163, Literacy in the 21st Century,null,2,3,3,null
6,19,227,10949, 국제구호와개발협력,null,1,3,3,null
6,19,227,10949, 국제구호와개발협력,null,2,3,3,null
6,19,227,11106, 글로벌시민의이해와리더십,null,1,3,3,null
6,19,227,11106, 글로벌시민의이해와리더십,null,2,3,3,null
6,19,227,10933, 대학생의성건강,null,1,3,3,null
6,19,227,10933, 대학생의성건강,null,2,3,3,null
6,19,227,11308, 데이터로고전읽기,null,1,3,3,null
6,19,227,11308, 데이터로고전읽기,null,2,3,3,null
6,19,227,11079, 장애와사회,null,1,3,3,null
6,19,227,11079, 장애와사회,null,2,3,3,null
6,19,228,11154, 사물인터넷개론,null,1,3,3,null
6,19,228,11154, 사물인터넷개론,null,2,3,3,null
6,19,228,10556, 인터넷과소셜컴퓨팅,null,1,3,3,null
6,19,228,10556, 인터넷과소셜컴퓨팅,null,2,3,3,null
6,19,228,11160, 정보기술과미래사회,null,1,3,3,null
6,19,228,11160, 정보기술과미래사회,null,2,3,3,null
6,19,228,10123, 정보사회와인터넷윤리,null,1,3,3,null
6,19,228,10123, 정보사회와인터넷윤리,null,2,3,3,null
6,19,228,10930, Behavior of Animals,null,1,3,3,null
6,19,228,10930, Behavior of Animals,null,2,3,3,null
6,19,228,11111, SF영화로배우는철학,null,1,3,3,null
6,19,228,11111, SF영화로배우는철학,null,2,3,3,null
6,19,228,11155, 과학과허구,null,1,3,3,null
6,19,228,11155, 과학과허구,null,2,3,3,null
6,19,228,11101, 과학과문화의커뮤니케이션,null,1,3,3,null
6,19,228,11101, 과학과문화의커뮤니케이션,null,2,3,3,null
6,19,228,11043, 글로벌사회의기록과정보,null,1,3,3,null
6,19,228,11043, 글로벌사회의기록과정보,null,2,3,3,null
6,19,228,10776, 글로벌시민을위한과학소양,null,1,3,3,null
6,19,228,10776, 글로벌시민을위한과학소양,null,2,3,3,null
6,19,228,11044, 디지털네이티브와검색엔진,null,1,3,3,null
6,19,228,11044, 디지털네이티브와검색엔진,null,2,3,3,null
6,19,228,11152, 모바일멀티미디어프로그래밍,null,1,3,3,null
6,19,228,11152, 모바일멀티미디어프로그래밍,null,2,3,3,null
6,19,228,10559, 미래를위한환경의이해,null,1,3,3,null
6,19,228,10559, 미래를위한환경의이해,null,2,3,3,null
6,19,228,11191, 식물의모든것,null,1,3,3,null
6,19,228,11191, 식물의모든것,null,2,3,3,null
6,19,228,10052, 약과건강,null,1,3,3,null
6,19,228,10052, 약과건강,null,2,3,3,null
6,19,228,11102," 에너지의이해,이용,실천",null,1,3,3,null
6,19,228,11102," 에너지의이해,이용,실천",null,2,3,3,null
6,19,228,11257, 에피소드로보는과학철학,null,1,3,3,null
6,19,228,11257, 에피소드로보는과학철학,null,2,3,3,null
6,19,228,10910, 위험판단심리학,null,1,3,3,null
6,19,228,10910, 위험판단심리학,null,2,3,3,null
6,19,228,10104, 응용통계입문,null,1,3,3,null
6,19,228,10104, 응용통계입문,null,2,3,3,null
6,19,228,11336, 인공지능과인간,null,1,3,3,null
6,19,228,11336, 인공지능과인간,null,2,3,3,null
6,19,228,11261, 인공지능시대의정보산업이해,null,1,3,3,null
6,19,228,11261, 인공지능시대의정보산업이해,null,2,3,3,null
6,19,228,11156," 자연과의대화,환경생태",null,1,3,3,null
6,19,228,11156," 자연과의대화,환경생태",null,2,3,3,null
6,19,228,11096, 정보화사회와통계,null,1,3,3,null
6,19,228,11096, 정보화사회와통계,null,2,3,3,null
6,19,228,10135, 지구의역사,null,1,3,3,null
6,19,228,10135, 지구의역사,null,2,3,3,null
6,19,228,11042, 컴퓨터와마음,null,1,3,3,null
6,19,228,11042, 컴퓨터와마음,null,2,3,3,null
6,19,228,11145, 크리에이티브컴퓨팅,null,1,3,3,null
6,19,228,11145, 크리에이티브컴퓨팅,null,2,3,3,null
6,19,228,10164, 현대물리학과인간사고의변혁,null,1,3,3,null
6,19,228,10164, 현대물리학과인간사고의변혁,null,2,3,3,null
6,19,228,11157, 환경재난과국제협력,null,1,3,3,null
6,19,228,11157, 환경재난과국제협력,null,2,3,3,null
6,19,228,11159, General Biology,null,1,3,3,null
6,19,228,11159, General Biology,null,2,3,3,null
6,19,228,11262, 생활속의미생물,null,1,3,3,null
6,19,228,11262, 생활속의미생물,null,2,3,3,null
6,19,228,11187, 빅데이터사회와정보활용,null,1,3,3,null
6,19,228,11187, 빅데이터사회와정보활용,null,2,3,3,null
6,19,228,11264, 세계의자연유산과지오투어리즘,null,1,3,3,null
6,19,228,11264, 세계의자연유산과지오투어리즘,null,2,3,3,null
6,19,228,11098, 주거로보는건축문화,null,1,3,3,null
6,19,228,11098, 주거로보는건축문화,null,2,3,3,null
6,19,229,11208, IT융합설계개론,null,1,3,3,null
6,19,229,11208, IT융합설계개론,null,2,3,3,null
6,19,229,11309, 문제해결과SW프로그래밍,null,1,3,3,null
6,19,229,11309, 문제해결과SW프로그래밍,null,2,3,3,null
6,19,229,11214, 간호와휴머니즘,null,1,3,3,null
6,19,229,11214, 간호와휴머니즘,null,2,3,3,null
6,19,229,11206, 계산의기초와융합적문제해결,null,1,3,3,null
6,19,229,11206, 계산의기초와융합적문제해결,null,2,3,3,null
6,19,229,11207, 과학자를위한기초현대통계학론,null,1,3,3,null
6,19,229,11207, 과학자를위한기초현대통계학론,null,2,3,3,null
6,19,229,11210, 교육커뮤니케이션의이해와실제,null,1,3,3,null
6,19,229,11210, 교육커뮤니케이션의이해와실제,null,2,3,3,null
6,19,229,11212, 글로벌커리어개발과기업가정신,null,1,3,3,null
6,19,229,11212, 글로벌커리어개발과기업가정신,null,2,3,3,null
6,19,229,11204, 논리로과학읽기,null,1,3,3,null
6,19,229,11204, 논리로과학읽기,null,2,3,3,null
6,19,229,11209, 시각적사고를통한일상의문화와트랜드,null,1,3,3,null
6,19,229,11209, 시각적사고를통한일상의문화와트랜드,null,2,3,3,null
6,19,229,11263, 예술과기술,null,1,3,3,null
6,19,229,11263, 예술과기술,null,2,3,3,null
6,19,229,11233, 음악과테크놀로지,null,1,3,3,null
6,19,229,11233, 음악과테크놀로지,null,2,3,3,null
6,19,229,11235, 의료생명분야에서의컴퓨터적사고,null,1,3,3,null
6,19,229,11235, 의료생명분야에서의컴퓨터적사고,null,2,3,3,null
6,19,229,11213, 질병과몸의역사,null,1,3,3,null
6,19,229,11213, 질병과몸의역사,null,2,3,3,null
6,19,229,11205, 컴퓨터과학적인식과문제해결,null,1,3,3,null
6,19,229,11205, 컴퓨터과학적인식과문제해결,null,2,3,3,null
6,19,229,11232, 컴퓨터적사고와이해,null,1,3,3,null
6,19,229,11232, 컴퓨터적사고와이해,null,2,3,3,null
6,19,229,11234, 컴퓨터적사고와조형적활용,null,1,3,3,null
6,19,229,11234, 컴퓨터적사고와조형적활용,null,2,3,3,null
6,19,229,11211, 컴퓨팅적사고와프로그래밍,null,1,3,3,null
6,19,229,11211, 컴퓨팅적사고와프로그래밍,null,2,3,3,null
6,19,229,11215, 통합적분쟁이해와조정,null,1,3,3,null
6,19,229,11215, 통합적분쟁이해와조정,null,2,3,3,null
6,19,229,11260, 기업가정신과기술혁신,null,1,3,3,null
6,19,230,35136,서양의역사와문화,1,1,3,3,null
6,19,230,35138,동아시아의역사와문화,1,2,3,3,null
6,19,230,35137,한국의역사와문화,1,2,3,3,null
6,19,230,35140,근대중국의개혁과혁명,2,1,3,3,null
6,19,230,30922,역사학의이해,2,1,3,3,null
6,19,230,35139,한국근대사의전개,2,1,3,3,null
6,19,230,38119,사료로보는서양사,2,2,3,3,null
6,19,230,35141,서양고대문명의성립과발전,2,2,3,3,null
6,19,230,35152,중국근세의사회와문화,2,2,3,3,null
6,19,230,35142,한국고대사회와문화,2,2,3,3,null
6,19,230,38121,사학전공설계심화2,3,1,null,3,null
6,19,230,38121,사학전공설계심화2,3,2,null,3,null
6,19,230,38120,사학전공설계심화1,3,1,null,3,null
6,19,230,38120,사학전공설계심화1,3,2,null,3,null
6,19,230,38122,사학전공설계심화3,3,1,null,3,null
6,19,230,38122,사학전공설계심화3,3,2,null,3,null
6,19,230,32833,일본사,3,1,3,3,null
6,19,230,35143,중국문명의성립과전개,3,1,3,3,null
6,19,230,35153,중세유럽의형성과봉건사회,3,1,3,3,null
6,19,230,35150,한국여성생활문화사,3,1,3,3,null
6,19,230,35149,한국의전통과민속문화,3,1,3,3,null
6,19,230,35145,한국중세사회와문화,3,1,3,3,null
6,19,230,20243,미국사,3,2,3,3,null
6,19,230,35144,서양현대사의흐름과세계,3,2,3,3,null
6,19,230,38123,중국경제사,3,2,3,3,null
6,19,230,30199,중국현대사의흐름,3,2,3,3,null
6,19,230,38124,프랑스사,3,2,3,3,null
6,19,230,35151,한국근세사회와문화,3,2,3,3,null
6,19,230,38127,역사문화와현장학습1,4,1,null,1,null
6,19,230,38128,역사문화와현장학습2,4,1,null,1,null
6,19,230,38129,역사문화와현장학습3,4,1,null,1,null
6,19,230,38127,역사문화와현장학습1,4,2,null,1,null
6,19,230,38128,역사문화와현장학습2,4,2,null,1,null
6,19,230,38129,역사문화와현장학습3,4,2,null,1,null
6,19,230,20237,동서문화교류사,4,1,3,3,null
6,19,230,20246,서양근대사상사,4,1,3,3,null
6,19,230,38126,서양문명과과학기술,4,1,3,3,null
6,19,230,38125,중국의가족과사회,4,1,3,3,null
6,19,230,35156,한국의문화와국제교류,4,1,3,3,null
6,19,230,35157,한국인의삶과사상,4,1,3,3,null
6,19,230,38130,사료로보는한국사,4,2,3,3,null
6,19,230,35147,서양근대시민사회와혁명,4,2,3,3,null
6,19,230,37204,역사와문화콘텐츠(캡스톤디자인),4,2,3,3,null
6,19,230,38131,일본근대의흐름과쟁점,4,2,3,3,null
6,19,230,36835,일본사회문화사,4,2,3,3,null
6,19,230,35154,한국현대사의전개,4,2,3,3,null
7,18,231,10023, 기독교와세계,1,1,3,3,null
7,18,231,10023, 기독교와세계,1,2,3,3,null
7,18,232,11256, 공존과협력의유토피아,1,1,3,2,null
7,18,232,11256, 공존과협력의유토피아,1,2,3,2,null
7,18,232,11254, 관계의미학:사랑과윤리,1,1,3,2,null
7,18,232,11254, 관계의미학:사랑과윤리,1,2,3,2,null
7,18,232,11095, 나눔리더십,1,1,3,2,null
7,18,232,11095, 나눔리더십,1,2,3,2,null
7,18,232,11253, 나눔의인간학,1,1,3,2,null
7,18,232,11253, 나눔의인간학,1,2,3,2,null
7,18,232,11252, 청춘의자기이해,1,1,3,2,null
7,18,232,11252, 청춘의자기이해,1,2,3,2,null
7,18,232,11255, 호모엠파티쿠스:소통·공감·신뢰,1,1,3,2,null
7,18,232,11255, 호모엠파티쿠스:소통·공감·신뢰,1,2,3,2,null
7,18,233,10021, 우리말과글쓰기,1,1,3,3,null
7,18,233,10021, 우리말과글쓰기,1,2,3,3,null
7,18,234,11094, 고전읽기와글쓰기,1,1,3,2,10021
7,18,234,11094, 고전읽기와글쓰기,1,2,3,2,10021
7,18,234,11250,사이보그와이미지의권력,2,1,3,2,10021
7,18,234,11250,사이보그와이미지의권력,2,2,3,2,10021
7,18,234,11249,역사와철학으로질문던지기,2,1,3,2,10021
7,18,234,11249,역사와철학으로질문던지기,2,1,3,2,10021
7,18,234,11248,읽기와쓰기의다이내미즘,2,2,3,2,10021
7,18,234,11248,읽기와쓰기의다이내미즘,2,1,3,2,10021
7,18,235,10098, 대학영어,1,1,3,3,null
7,18,235,10098, 대학영어,1,2,3,3,null
7,18,235,10099, 고급영어,1,1,3,3,null
7,18,235,10099, 고급영어,1,2,3,3,null
7,18,236,11036, 중국어Ⅰ,1,1,3,2,null
7,18,236,11037, 중국어Ⅱ,1,2,3,2,null
7,18,236,11073, 프랑스어Ⅰ,1,1,3,2,null
7,18,236,11074, 프랑스어Ⅱ,1,2,3,2,null
7,18,236,11033, 독일어Ⅰ,1,1,3,2,null
7,18,236,11034, 독일어Ⅱ,1,2,3,2,null
7,18,236,11091, 일본어Ⅰ,1,1,3,2,null
7,18,236,11092, 일본어Ⅱ,1,2,3,2,null
7,18,236,11066, 스페인어Ⅰ,1,1,3,2,null
7,18,236,11067, 스페인어Ⅱ,1,2,3,2,null
7,18,236,11064, 러시아어Ⅰ,1,1,3,2,null
7,18,236,11065, 러시아어Ⅱ,1,2,3,2,null
7,18,237,11053, 21세기사회와문학의대화,null,1,3,3,null
7,18,237,11053, 21세기사회와문학의대화,null,2,3,3,null
7,18,237,11183, The Story of Human Language,null,1,3,3,null
7,18,237,11183, The Story of Human Language,null,2,3,3,null
7,18,237,11165, Topics in Multiethnic American Literature,null,1,3,3,null
7,18,237,11165, Topics in Multiethnic American Literature,null,2,3,3,null
7,18,237,11112, 다매체시대의비교문학,null,1,3,3,null
7,18,237,11112, 다매체시대의비교문학,null,2,3,3,null
7,18,237,11108, 동아시아문학으로문화읽기,null,1,3,3,null
7,18,237,11108, 동아시아문학으로문화읽기,null,2,3,3,null
7,18,237,11038, 디지털미디어시대의동아시아문자,null,1,3,3,null
7,18,237,11038, 디지털미디어시대의동아시아문자,null,2,3,3,null
7,18,237,10950, 디지털스토리텔링의이해,null,1,3,3,null
7,18,237,10950, 디지털스토리텔링의이해,null,2,3,3,null
7,18,237,10041, 문학과삶,null,1,3,3,null
7,18,237,10041, 문학과삶,null,2,3,3,null
7,18,237,10654, 문학과영화,null,1,3,3,null
7,18,237,10654, 문학과영화,null,2,3,3,null
7,18,237,11148, 문학으로보는사랑의역사,null,1,3,3,null
7,18,237,11148, 문학으로보는사랑의역사,null,2,3,3,null
7,18,237,11184, 문학으로함께배우는매체/이야기,null,1,3,3,null
7,18,237,11184, 문학으로함께배우는매체/이야기,null,2,3,3,null
7,18,237,11146, 문화로읽는현대시의세계,null,1,3,3,null
7,18,237,11146, 문화로읽는현대시의세계,null,1,3,3,null
7,18,237,11147, 사이언스픽션의이해,null,1,3,3,null
7,18,237,11147, 사이언스픽션의이해,null,2,3,3,null
7,18,237,11297, 생태와문학,null,1,3,3,null
7,18,237,11297, 생태와문학,null,2,3,3,null
7,18,237,10768, 신화·상상력·문화,null,1,3,3,null
7,18,237,10768, 신화·상상력·문화,null,2,3,3,null
7,18,237,11109, 여행문학과세계인식,null,1,3,3,null
7,18,237,11109, 여행문학과세계인식,null,2,3,3,null
7,18,237,10882, 인간과언어,null,1,3,3,null
7,18,237,10882, 인간과언어,null,2,3,3,null
7,18,237,11258, 자연과문학,null,1,3,3,null
7,18,237,11258, 자연과문학,null,2,3,3,null
7,18,237,10543, 한국현대시와삶읽기,null,1,3,3,null
7,18,237,10543, 한국현대시와삶읽기,null,2,3,3,null
7,18,237,11134, 현대영어권문학의동향,null,1,3,3,null
7,18,237,11134, 현대영어권문학의동향,null,2,3,3,null
7,18,237,10896, 환상문학의세계,null,1,3,3,null
7,18,237,10896, 환상문학의세계,null,2,3,3,null
7,18,237,11334, Critical and Creative Textual Studies,null,1,3,3,null
7,18,237,11334, Critical and Creative Textual Studies,null,2,3,3,null
7,18,237,11335, Technical Writing and Document Design in English,null,1,3,3,null
7,18,237,11335, Technical Writing and Document Design in English,null,2,3,3,null
7,18,238,11107, 21세기의예술과인간,null,1,3,3,null
7,18,238,11107, 21세기의예술과인간,null,2,3,3,null
7,18,238,11164, Contemporary Photography,null,1,3,3,null
7,18,238,11164, Contemporary Photography,null,2,3,3,null
7,18,238,10018, 국악의이해,null,1,3,3,null
7,18,238,10018, 국악의이해,null,2,3,3,null
7,18,238,10033, 동양미술의이해,null,1,3,3,null
7,18,238,10033, 동양미술의이해,null,2,3,3,null
7,18,238,10778, 디지털매체와예술,null,1,3,3,null
7,18,238,10778, 디지털매체와예술,null,2,3,3,null
7,18,238,10576, 무용의이해,null,1,3,3,null
7,18,238,10576, 무용의이해,null,2,3,3,null
7,18,238,11153, 문화콘텐츠기획의이해,null,1,3,3,null
7,18,238,11153, 문화콘텐츠기획의이해,null,2,3,3,null
7,18,238,11328, 미술로치유하는마음,null,1,3,3,null
7,18,238,11328, 미술로치유하는마음,null,2,3,3,null
7,18,238,11083, 미학과미술,null,1,3,3,null
7,18,238,11083, 미학과미술,null,2,3,3,null
7,18,238,11135, 사물과예술,null,1,3,3,null
7,18,238,11135, 사물과예술,null,2,3,3,null
7,18,238,11329, 색채의이해,null,1,3,3,null
7,18,238,11329, 색채의이해,null,2,3,3,null
7,18,238,10072, 서양미술의이해,null,1,3,3,null
7,18,238,10072, 서양미술의이해,null,2,3,3,null
7,18,238,10073, 서양음악의이해,null,1,3,3,null
7,18,238,10073, 서양음악의이해,null,2,3,3,null
7,18,238,11084, 시각문화로서미술작품읽기,null,1,3,3,null
7,18,238,11084, 시각문화로서미술작품읽기,null,2,3,3,null
7,18,238,10090, 여성과예술,null,1,3,3,null
7,18,238,10090, 여성과예술,null,2,3,3,null
7,18,238,11113, 여성의몸과창조적움직임,null,1,3,3,null
7,18,238,11113, 여성의몸과창조적움직임,null,2,3,3,null
7,18,238,10097, 연극의이론과실제,null,1,3,3,null
7,18,238,10097, 연극의이론과실제,null,2,3,3,null
7,18,238,11110, 예술가와그의시대,null,1,3,3,null
7,18,238,11110, 예술가와그의시대,null,2,3,3,null
7,18,238,10100, 예술과사상,null,1,3,3,null
7,18,238,10100, 예술과사상,null,2,3,3,null
7,18,238,11055, 옛시와그림의만남,null,1,3,3,null
7,18,238,11055, 옛시와그림의만남,null,2,3,3,null
7,18,238,11075, 창조와상상의기술,null,1,3,3,null
7,18,238,11075, 창조와상상의기술,null,2,3,3,null
7,18,238,11035," 퍼포먼스인문학:제의,놀이,연극",null,1,3,3,null
7,18,238,11035," 퍼포먼스인문학:제의,놀이,연극",null,2,3,3,null
7,18,238,10892," 표현,예술,그리고시대정신",null,1,3,3,null
7,18,238,10892," 표현,예술,그리고시대정신",null,2,3,3,null
7,18,238,10152, 한국미술의이해,null,1,3,3,null
7,18,238,10152, 한국미술의이해,null,2,3,3,null
7,18,238,11333," 한국사와상상력,스토리텔링",null,1,3,3,null
7,18,238,11333," 한국사와상상력,스토리텔링",null,2,3,3,null
7,18,238,10883, 한국의문화공간과예술,null,1,3,3,null
7,18,238,10883, 한국의문화공간과예술,null,2,3,3,null
7,18,238,10165, 현대미술사,null,1,3,3,null
7,18,238,10165, 현대미술사,null,2,3,3,null
7,18,238,11330, Reading American Popular Culture in the Digital Age,null,1,3,3,null
7,18,238,11330, Reading American Popular Culture in the Digital Age,null,2,3,3,null
7,18,238,11265, 음악과건강,null,1,3,3,null
7,18,238,11265, 음악과건강,null,2,3,3,null
7,18,238,11116, Introduction to World Music and Culture,null,1,3,3,null
7,18,238,11116, Introduction to World Music and Culture,null,2,3,3,null
7,18,239,11190, The Art of Thinking,null,1,3,3,null
7,18,239,11190, The Art of Thinking,null,2,3,3,null
7,18,239,10545, 근대일본과동아시아,null,1,3,3,null
7,18,239,10545, 근대일본과동아시아,null,2,3,3,null
7,18,239,11046, 동서양의인간이해,null,1,3,3,null
7,18,239,11046, 동서양의인간이해,null,2,3,3,null
7,18,239,10034, 동양철학의이해,null,1,3,3,null
7,18,239,10034, 동양철학의이해,null,2,3,3,null
7,18,239,10769, 모던/포스트모던문화읽기,null,1,3,3,null
7,18,239,10769, 모던/포스트모던문화읽기,null,2,3,3,null
7,18,239,11056, 문화로읽는한국사,null,1,3,3,null
7,18,239,11056, 문화로읽는한국사,null,2,3,3,null
7,18,239,11185, 문화와예술을통해본르네상스역사,null,1,3,3,null
7,18,239,11185, 문화와예술을통해본르네상스역사,null,2,3,3,null
7,18,239,10772, 여성과사회정의,null,1,3,3,null
7,18,239,10772, 여성과사회정의,null,2,3,3,null
7,18,239,11054, 연어프로젝트:한국여성나의뿌리를찾아서 ,null,1,3,3,null
7,18,239,11054, 연어프로젝트:한국여성나의뿌리를찾아서 ,null,2,3,3,null
7,18,239,10108, 인간과종교,null,1,3,3,null
7,18,239,10108, 인간과종교,null,2,3,3,null
7,18,239,11041, 인간과철학적사유,null,1,3,3,null
7,18,239,11041, 인간과철학적사유,null,2,3,3,null
7,18,239,11293, 인물로본중국의역사,null,1,3,3,null
7,18,239,11293, 인물로본중국의역사,null,2,3,3,null
7,18,239,10581, 인물로본한국사,null,1,3,3,null
7,18,239,10581, 인물로본한국사,null,2,3,3,null
7,18,239,11078, 젠더와역사,null,1,3,3,null
7,18,239,11078, 젠더와역사,null,2,3,3,null
7,18,239,10767, 종교와문화,null,1,3,3,null
7,18,239,10767, 종교와문화,null,2,3,3,null
7,18,239,11057, 주제로살펴보는서양근현대사,null,1,3,3,null
7,18,239,11057, 주제로살펴보는서양근현대사,null,2,3,3,null
7,18,239,10544, 중국의역사와문화,null,1,3,3,null
7,18,239,10544, 중국의역사와문화,null,2,3,3,null
7,18,239,11297, 질병치료와백신의역사,null,1,3,3,null
7,18,239,11297, 질병치료와백신의역사,null,2,3,3,null
7,18,239,11189, 철학의은유들,null,1,3,3,null
7,18,239,11189, 철학의은유들,null,2,3,3,null
7,18,239,11045, 패러다임전환과비판이론,null,1,3,3,null
7,18,239,11045, 패러다임전환과비판이론,null,2,3,3,null
7,18,239,10149, 한국근현대사 ,null,1,3,3,null
7,18,239,10149, 한국근현대사 ,null,2,3,3,null
7,18,239,11058, 한국사의새로운이해,null,1,3,3,null
7,18,239,11058, 한국사의새로운이해,null,2,3,3,null
7,18,239,11186, Evolutionary Origin of Humans,null,1,3,3,null
7,18,239,11186, Evolutionary Origin of Humans,null,2,3,3,null
7,18,239,11295, 인공지능시대의과학과종교,null,1,3,3,null
7,18,239,11295, 인공지능시대의과학과종교,null,2,3,3,null
7,18,240,10011, 가족건강과간호,null,1,3,3,null
7,18,240,10011, 가족건강과간호,null,2,3,3,null
7,18,240,10932, 건축으로읽는사회문화사,null,1,3,3,null
7,18,240,10932, 건축으로읽는사회문화사,null,2,3,3,null
7,18,240,10013, 경영과사회,null,1,3,3,null
7,18,240,10013, 경영과사회,null,2,3,3,null
7,18,240,11068, 글로벌사회변동과쟁점지역연구,null,1,3,3,null
7,18,240,11068, 글로벌사회변동과쟁점지역연구,null,2,3,3,null
7,18,240,10913, 글로벌시대의다문화사회,null,1,3,3,null
7,18,240,10913, 글로벌시대의다문화사회,null,2,3,3,null
7,18,240,10914, 글로벌시대의아시아여성,null,1,3,3,null
7,18,240,10914, 글로벌시대의아시아여성,null,2,3,3,null
7,18,240,10091, 노동과젠더,null,1,3,3,null
7,18,240,10091, 노동과젠더,null,2,3,3,null
7,18,240,11332, 도시공간문화로읽는한국사,null,1,3,3,null
7,18,240,11332, 도시공간문화로읽는한국사,null,2,3,3,null
7,18,240,10886, 동양고전의현대적이해,null,1,3,3,null
7,18,240,10886, 동양고전의현대적이해,null,2,3,3,null
7,18,240,11292, 모방과인간,null,1,3,3,null
7,18,240,11292, 모방과인간,null,2,3,3,null
7,18,240,11193, 법과젠더,null,1,3,3,null
7,18,240,11193, 법과젠더,null,2,3,3,null
7,18,240,10549, 북한정치의이해,null,1,3,3,null
7,18,240,10549, 북한정치의이해,null,2,3,3,null
7,18,240,10548, 북한주민의문화와생활,null,1,3,3,null
7,18,240,10548, 북한주민의문화와생활,null,2,3,3,null
7,18,240,10929, 브레인스펙트럼,null,1,3,3,null
7,18,240,10929, 브레인스펙트럼,null,2,3,3,null
7,18,240,10573, 생명윤리와법,null,1,3,3,null
7,18,240,10573, 생명윤리와법,null,2,3,3,null
7,18,240,10074, 성문화연구,null,1,3,3,null
7,18,240,10074, 성문화연구,null,2,3,3,null
7,18,240,10081, 시민생활과법,null,1,3,3,null
7,18,240,10081, 시민생활과법,null,2,3,3,null
7,18,240,10094, 여성학,null,1,3,3,null
7,18,240,10094, 여성학,null,2,3,3,null
7,18,240,11089, 여행과지리:글로벌화의지역탐색,null,1,3,3,null
7,18,240,11089, 여행과지리:글로벌화의지역탐색,null,2,3,3,null
7,18,240,10908, 영상이미지와젠더,null,1,3,3,null
7,18,240,10908, 영상이미지와젠더,null,2,3,3,null
7,18,240,10904, 우리사회의문제와쟁점찾기,null,1,3,3,null
7,18,240,10904, 우리사회의문제와쟁점찾기,null,2,3,3,null
7,18,240,10109, 인간발달과가족,null,1,3,3,null
7,18,240,10109, 인간발달과가족,null,2,3,3,null
7,18,240,10903, 인간발달과문화의다양성,null,1,3,3,null
7,18,240,10903, 인간발달과문화의다양성,null,2,3,3,null
7,18,240,11114, 인간은왜춤을추는가,null,1,3,3,null
7,18,240,11114, 인간은왜춤을추는가,null,2,3,3,null
7,18,240,11103, 인터넷과법,null,1,3,3,null
7,18,240,11103, 인터넷과법,null,2,3,3,null
7,18,240,11104, 죄와벌,null,1,3,3,null
7,18,240,11104, 죄와벌,null,2,3,3,null
7,18,240,10905, 지구촌의사회복지,null,1,3,3,null
7,18,240,10905, 지구촌의사회복지,null,2,3,3,null
7,18,240,11105, 직업세계와법,null,1,3,3,null
7,18,240,11105, 직업세계와법,null,2,3,3,null
7,18,240,11039, 키워드로읽는중국문화,null,1,3,3,null
7,18,240,11039, 키워드로읽는중국문화,null,2,3,3,null
7,18,240,10887, 현대중국의사회와문화,null,1,3,3,null
7,18,240,10887, 현대중국의사회와문화,null,2,3,3,null
7,18,240,11162, Middle Eastern Political Theology: Religious Sources,null,1,3,3,null
7,18,240,11162, Middle Eastern Political Theology: Religious Sources,null,2,3,3,null
7,18,240,11259, SDGs시대글로벌보건협력:개발도상국의보건의료현황과국제사회의지원,null,1,3,3,null
7,18,240,11259, SDGs시대글로벌보건협력:개발도상국의보건의료현황과국제사회의지원,null,2,3,3,null
7,18,240,11161, Social and Cultural Impact of Video Games,null,1,3,3,null
7,18,240,11161, Social and Cultural Impact of Video Games,null,2,3,3,null
7,18,240,11296, 청춘의아픔과치유:행복인문학,null,1,3,3,null
7,18,240,11296, 청춘의아픔과치유:행복인문학,null,2,3,3,null
7,18,240,10181, 환경과인간,null,1,3,3,null
7,18,240,10181, 환경과인간,null,2,3,3,null
7,18,240,11188, Introduction to Ethnic Conflict and Management,null,1,3,3,null
7,18,240,11188, Introduction to Ethnic Conflict and Management,null,2,3,3,null
7,18,240,11163, Literacy in the 21st Century,null,1,3,3,null
7,18,240,11163, Literacy in the 21st Century,null,2,3,3,null
7,18,240,10949, 국제구호와개발협력,null,1,3,3,null
7,18,240,10949, 국제구호와개발협력,null,2,3,3,null
7,18,240,11106, 글로벌시민의이해와리더십,null,1,3,3,null
7,18,240,11106, 글로벌시민의이해와리더십,null,2,3,3,null
7,18,240,10933, 대학생의성건강,null,1,3,3,null
7,18,240,10933, 대학생의성건강,null,2,3,3,null
7,18,240,11308, 데이터로고전읽기,null,1,3,3,null
7,18,240,11308, 데이터로고전읽기,null,2,3,3,null
7,18,240,11079, 장애와사회,null,1,3,3,null
7,18,240,11079, 장애와사회,null,2,3,3,null
7,18,241,11154, 사물인터넷개론,null,1,3,3,null
7,18,241,11154, 사물인터넷개론,null,2,3,3,null
7,18,241,10556, 인터넷과소셜컴퓨팅,null,1,3,3,null
7,18,241,10556, 인터넷과소셜컴퓨팅,null,2,3,3,null
7,18,241,11160, 정보기술과미래사회,null,1,3,3,null
7,18,241,11160, 정보기술과미래사회,null,2,3,3,null
7,18,241,10123, 정보사회와인터넷윤리,null,1,3,3,null
7,18,241,10123, 정보사회와인터넷윤리,null,2,3,3,null
7,18,241,10930, Behavior of Animals,null,1,3,3,null
7,18,241,10930, Behavior of Animals,null,2,3,3,null
7,18,241,11111, SF영화로배우는철학,null,1,3,3,null
7,18,241,11111, SF영화로배우는철학,null,2,3,3,null
7,18,241,11155, 과학과허구,null,1,3,3,null
7,18,241,11155, 과학과허구,null,2,3,3,null
7,18,241,11101, 과학과문화의커뮤니케이션,null,1,3,3,null
7,18,241,11101, 과학과문화의커뮤니케이션,null,2,3,3,null
7,18,241,11043, 글로벌사회의기록과정보,null,1,3,3,null
7,18,241,11043, 글로벌사회의기록과정보,null,2,3,3,null
7,18,241,10776, 글로벌시민을위한과학소양,null,1,3,3,null
7,18,241,10776, 글로벌시민을위한과학소양,null,2,3,3,null
7,18,241,11044, 디지털네이티브와검색엔진,null,1,3,3,null
7,18,241,11044, 디지털네이티브와검색엔진,null,2,3,3,null
7,18,241,11152, 모바일멀티미디어프로그래밍,null,1,3,3,null
7,18,241,11152, 모바일멀티미디어프로그래밍,null,2,3,3,null
7,18,241,10559, 미래를위한환경의이해,null,1,3,3,null
7,18,241,10559, 미래를위한환경의이해,null,2,3,3,null
7,18,241,11191, 식물의모든것,null,1,3,3,null
7,18,241,11191, 식물의모든것,null,2,3,3,null
7,18,241,10052, 약과건강,null,1,3,3,null
7,18,241,10052, 약과건강,null,2,3,3,null
7,18,241,11102," 에너지의이해,이용,실천",null,1,3,3,null
7,18,241,11102," 에너지의이해,이용,실천",null,2,3,3,null
7,18,241,11257, 에피소드로보는과학철학,null,1,3,3,null
7,18,241,11257, 에피소드로보는과학철학,null,2,3,3,null
7,18,241,10910, 위험판단심리학,null,1,3,3,null
7,18,241,10910, 위험판단심리학,null,2,3,3,null
7,18,241,10104, 응용통계입문,null,1,3,3,null
7,18,241,10104, 응용통계입문,null,2,3,3,null
7,18,241,11336, 인공지능과인간,null,1,3,3,null
7,18,241,11336, 인공지능과인간,null,2,3,3,null
7,18,241,11261, 인공지능시대의정보산업이해,null,1,3,3,null
7,18,241,11261, 인공지능시대의정보산업이해,null,2,3,3,null
7,18,241,11156," 자연과의대화,환경생태",null,1,3,3,null
7,18,241,11156," 자연과의대화,환경생태",null,2,3,3,null
7,18,241,11096, 정보화사회와통계,null,1,3,3,null
7,18,241,11096, 정보화사회와통계,null,2,3,3,null
7,18,241,10135, 지구의역사,null,1,3,3,null
7,18,241,10135, 지구의역사,null,2,3,3,null
7,18,241,11042, 컴퓨터와마음,null,1,3,3,null
7,18,241,11042, 컴퓨터와마음,null,2,3,3,null
7,18,241,11145, 크리에이티브컴퓨팅,null,1,3,3,null
7,18,241,11145, 크리에이티브컴퓨팅,null,2,3,3,null
7,18,241,10164, 현대물리학과인간사고의변혁,null,1,3,3,null
7,18,241,10164, 현대물리학과인간사고의변혁,null,2,3,3,null
7,18,241,11157, 환경재난과국제협력,null,1,3,3,null
7,18,241,11157, 환경재난과국제협력,null,2,3,3,null
7,18,241,11159, General Biology,null,1,3,3,null
7,18,241,11159, General Biology,null,2,3,3,null
7,18,241,11262, 생활속의미생물,null,1,3,3,null
7,18,241,11262, 생활속의미생물,null,2,3,3,null
7,18,241,11187, 빅데이터사회와정보활용,null,1,3,3,null
7,18,241,11187, 빅데이터사회와정보활용,null,2,3,3,null
7,18,241,11264, 세계의자연유산과지오투어리즘,null,1,3,3,null
7,18,241,11264, 세계의자연유산과지오투어리즘,null,2,3,3,null
7,18,241,11098, 주거로보는건축문화,null,1,3,3,null
7,18,241,11098, 주거로보는건축문화,null,2,3,3,null
7,18,242,11208, IT융합설계개론,null,1,3,3,null
7,18,242,11208, IT융합설계개론,null,2,3,3,null
7,18,242,11309, 문제해결과SW프로그래밍,null,1,3,3,null
7,18,242,11309, 문제해결과SW프로그래밍,null,2,3,3,null
7,18,242,11214, 간호와휴머니즘,null,1,3,3,null
7,18,242,11214, 간호와휴머니즘,null,2,3,3,null
7,18,242,11206, 계산의기초와융합적문제해결,null,1,3,3,null
7,18,242,11206, 계산의기초와융합적문제해결,null,2,3,3,null
7,18,242,11207, 과학자를위한기초현대통계학론,null,1,3,3,null
7,18,242,11207, 과학자를위한기초현대통계학론,null,2,3,3,null
7,18,242,11210, 교육커뮤니케이션의이해와실제,null,1,3,3,null
7,18,242,11210, 교육커뮤니케이션의이해와실제,null,2,3,3,null
7,18,242,11212, 글로벌커리어개발과기업가정신,null,1,3,3,null
7,18,242,11212, 글로벌커리어개발과기업가정신,null,2,3,3,null
7,18,242,11204, 논리로과학읽기,null,1,3,3,null
7,18,242,11204, 논리로과학읽기,null,2,3,3,null
7,18,242,11209, 시각적사고를통한일상의문화와트랜드,null,1,3,3,null
7,18,242,11209, 시각적사고를통한일상의문화와트랜드,null,2,3,3,null
7,18,242,11263, 예술과기술,null,1,3,3,null
7,18,242,11263, 예술과기술,null,2,3,3,null
7,18,242,11233, 음악과테크놀로지,null,1,3,3,null
7,18,242,11233, 음악과테크놀로지,null,2,3,3,null
7,18,242,11235, 의료생명분야에서의컴퓨터적사고,null,1,3,3,null
7,18,242,11235, 의료생명분야에서의컴퓨터적사고,null,2,3,3,null
7,18,242,11213, 질병과몸의역사,null,1,3,3,null
7,18,242,11213, 질병과몸의역사,null,2,3,3,null
7,18,242,11205, 컴퓨터과학적인식과문제해결,null,1,3,3,null
7,18,242,11205, 컴퓨터과학적인식과문제해결,null,2,3,3,null
7,18,242,11232, 컴퓨터적사고와이해,null,1,3,3,null
7,18,242,11232, 컴퓨터적사고와이해,null,2,3,3,null
7,18,242,11234, 컴퓨터적사고와조형적활용,null,1,3,3,null
7,18,242,11234, 컴퓨터적사고와조형적활용,null,2,3,3,null
7,18,242,11211, 컴퓨팅적사고와프로그래밍,null,1,3,3,null
7,18,242,11211, 컴퓨팅적사고와프로그래밍,null,2,3,3,null
7,18,242,11215, 통합적분쟁이해와조정,null,1,3,3,null
7,18,242,11215, 통합적분쟁이해와조정,null,2,3,3,null
7,18,242,11260, 기업가정신과기술혁신,null,1,3,3,null
7,19,244,10023, 기독교와세계,1,1,3,3,null
7,19,244,10023, 기독교와세계,1,2,3,3,null
7,19,245,11256, 공존과협력의유토피아,1,1,3,2,null
7,19,245,11256, 공존과협력의유토피아,1,2,3,2,null
7,19,245,11254, 관계의미학:사랑과윤리,1,1,3,2,null
7,19,245,11254, 관계의미학:사랑과윤리,1,2,3,2,null
7,19,245,11095, 나눔리더십,1,1,3,2,null
7,19,245,11095, 나눔리더십,1,2,3,2,null
7,19,245,11253, 나눔의인간학,1,1,3,2,null
7,19,245,11253, 나눔의인간학,1,2,3,2,null
7,19,245,11252, 청춘의자기이해,1,1,3,2,null
7,19,245,11252, 청춘의자기이해,1,2,3,2,null
7,19,245,11255, 호모엠파티쿠스:소통·공감·신뢰,1,1,3,2,null
7,19,245,11255, 호모엠파티쿠스:소통·공감·신뢰,1,2,3,2,null
7,19,246,10021, 우리말과글쓰기,1,1,3,3,null
7,19,246,10021, 우리말과글쓰기,1,2,3,3,null
7,19,247,11094, 고전읽기와글쓰기,1,1,3,2,10021
7,19,247,11094, 고전읽기와글쓰기,1,2,3,2,10021
7,19,247,11250,사이보그와이미지의권력,2,1,3,2,10021
7,19,247,11250,사이보그와이미지의권력,2,2,3,2,10021
7,19,247,11249,역사와철학으로질문던지기,2,1,3,2,10021
7,19,247,11249,역사와철학으로질문던지기,2,1,3,2,10021
7,19,247,11248,읽기와쓰기의다이내미즘,2,2,3,2,10021
7,19,247,11248,읽기와쓰기의다이내미즘,2,1,3,2,10021
7,19,248,10098, 대학영어,1,1,3,3,null
7,19,248,10098, 대학영어,1,2,3,3,null
7,19,248,10099, 고급영어,1,1,3,3,null
7,19,248,10099, 고급영어,1,2,3,3,null
7,19,249,11036, 중국어Ⅰ,1,1,3,2,null
7,19,249,11037, 중국어Ⅱ,1,2,3,2,null
7,19,249,11073, 프랑스어Ⅰ,1,1,3,2,null
7,19,249,11074, 프랑스어Ⅱ,1,2,3,2,null
7,19,249,11033, 독일어Ⅰ,1,1,3,2,null
7,19,249,11034, 독일어Ⅱ,1,2,3,2,null
7,19,249,11091, 일본어Ⅰ,1,1,3,2,null
7,19,249,11092, 일본어Ⅱ,1,2,3,2,null
7,19,249,11066, 스페인어Ⅰ,1,1,3,2,null
7,19,249,11067, 스페인어Ⅱ,1,2,3,2,null
7,19,249,11064, 러시아어Ⅰ,1,1,3,2,null
7,19,249,11065, 러시아어Ⅱ,1,2,3,2,null
7,19,250,11053, 21세기사회와문학의대화,null,1,3,3,null
7,19,250,11053, 21세기사회와문학의대화,null,2,3,3,null
7,19,250,11183, The Story of Human Language,null,1,3,3,null
7,19,250,11183, The Story of Human Language,null,2,3,3,null
7,19,250,11165, Topics in Multiethnic American Literature,null,1,3,3,null
7,19,250,11165, Topics in Multiethnic American Literature,null,2,3,3,null
7,19,250,11112, 다매체시대의비교문학,null,1,3,3,null
7,19,250,11112, 다매체시대의비교문학,null,2,3,3,null
7,19,250,11108, 동아시아문학으로문화읽기,null,1,3,3,null
7,19,250,11108, 동아시아문학으로문화읽기,null,2,3,3,null
7,19,250,11038, 디지털미디어시대의동아시아문자,null,1,3,3,null
7,19,250,11038, 디지털미디어시대의동아시아문자,null,2,3,3,null
7,19,250,10950, 디지털스토리텔링의이해,null,1,3,3,null
7,19,250,10950, 디지털스토리텔링의이해,null,2,3,3,null
7,19,250,10041, 문학과삶,null,1,3,3,null
7,19,250,10041, 문학과삶,null,2,3,3,null
7,19,250,10654, 문학과영화,null,1,3,3,null
7,19,250,10654, 문학과영화,null,2,3,3,null
7,19,250,11148, 문학으로보는사랑의역사,null,1,3,3,null
7,19,250,11148, 문학으로보는사랑의역사,null,2,3,3,null
7,19,250,11184, 문학으로함께배우는매체/이야기,null,1,3,3,null
7,19,250,11184, 문학으로함께배우는매체/이야기,null,2,3,3,null
7,19,250,11146, 문화로읽는현대시의세계,null,1,3,3,null
7,19,250,11146, 문화로읽는현대시의세계,null,1,3,3,null
7,19,250,11147, 사이언스픽션의이해,null,1,3,3,null
7,19,250,11147, 사이언스픽션의이해,null,2,3,3,null
7,19,250,11297, 생태와문학,null,1,3,3,null
7,19,250,11297, 생태와문학,null,2,3,3,null
7,19,250,10768, 신화·상상력·문화,null,1,3,3,null
7,19,250,10768, 신화·상상력·문화,null,2,3,3,null
7,19,250,11109, 여행문학과세계인식,null,1,3,3,null
7,19,250,11109, 여행문학과세계인식,null,2,3,3,null
7,19,250,10882, 인간과언어,null,1,3,3,null
7,19,250,10882, 인간과언어,null,2,3,3,null
7,19,250,11258, 자연과문학,null,1,3,3,null
7,19,250,11258, 자연과문학,null,2,3,3,null
7,19,250,10543, 한국현대시와삶읽기,null,1,3,3,null
7,19,250,10543, 한국현대시와삶읽기,null,2,3,3,null
7,19,250,11134, 현대영어권문학의동향,null,1,3,3,null
7,19,250,11134, 현대영어권문학의동향,null,2,3,3,null
7,19,250,10896, 환상문학의세계,null,1,3,3,null
7,19,250,10896, 환상문학의세계,null,2,3,3,null
7,19,250,11334, Critical and Creative Textual Studies,null,1,3,3,null
7,19,250,11334, Critical and Creative Textual Studies,null,2,3,3,null
7,19,250,11335, Technical Writing and Document Design in English,null,1,3,3,null
7,19,250,11335, Technical Writing and Document Design in English,null,2,3,3,null
7,19,251,11107, 21세기의예술과인간,null,1,3,3,null
7,19,251,11107, 21세기의예술과인간,null,2,3,3,null
7,19,251,11164, Contemporary Photography,null,1,3,3,null
7,19,251,11164, Contemporary Photography,null,2,3,3,null
7,19,251,10018, 국악의이해,null,1,3,3,null
7,19,251,10018, 국악의이해,null,2,3,3,null
7,19,251,10033, 동양미술의이해,null,1,3,3,null
7,19,251,10033, 동양미술의이해,null,2,3,3,null
7,19,251,10778, 디지털매체와예술,null,1,3,3,null
7,19,251,10778, 디지털매체와예술,null,2,3,3,null
7,19,251,10576, 무용의이해,null,1,3,3,null
7,19,251,10576, 무용의이해,null,2,3,3,null
7,19,251,11153, 문화콘텐츠기획의이해,null,1,3,3,null
7,19,251,11153, 문화콘텐츠기획의이해,null,2,3,3,null
7,19,251,11328, 미술로치유하는마음,null,1,3,3,null
7,19,251,11328, 미술로치유하는마음,null,2,3,3,null
7,19,251,11083, 미학과미술,null,1,3,3,null
7,19,251,11083, 미학과미술,null,2,3,3,null
7,19,251,11135, 사물과예술,null,1,3,3,null
7,19,251,11135, 사물과예술,null,2,3,3,null
7,19,251,11329, 색채의이해,null,1,3,3,null
7,19,251,11329, 색채의이해,null,2,3,3,null
7,19,251,10072, 서양미술의이해,null,1,3,3,null
7,19,251,10072, 서양미술의이해,null,2,3,3,null
7,19,251,10073, 서양음악의이해,null,1,3,3,null
7,19,251,10073, 서양음악의이해,null,2,3,3,null
7,19,251,11084, 시각문화로서미술작품읽기,null,1,3,3,null
7,19,251,11084, 시각문화로서미술작품읽기,null,2,3,3,null
7,19,251,10090, 여성과예술,null,1,3,3,null
7,19,251,10090, 여성과예술,null,2,3,3,null
7,19,251,11113, 여성의몸과창조적움직임,null,1,3,3,null
7,19,251,11113, 여성의몸과창조적움직임,null,2,3,3,null
7,19,251,10097, 연극의이론과실제,null,1,3,3,null
7,19,251,10097, 연극의이론과실제,null,2,3,3,null
7,19,251,11110, 예술가와그의시대,null,1,3,3,null
7,19,251,11110, 예술가와그의시대,null,2,3,3,null
7,19,251,10100, 예술과사상,null,1,3,3,null
7,19,251,10100, 예술과사상,null,2,3,3,null
7,19,251,11055, 옛시와그림의만남,null,1,3,3,null
7,19,251,11055, 옛시와그림의만남,null,2,3,3,null
7,19,251,11075, 창조와상상의기술,null,1,3,3,null
7,19,251,11075, 창조와상상의기술,null,2,3,3,null
7,19,251,11035," 퍼포먼스인문학:제의,놀이,연극",null,1,3,3,null
7,19,251,11035," 퍼포먼스인문학:제의,놀이,연극",null,2,3,3,null
7,19,251,10892," 표현,예술,그리고시대정신",null,1,3,3,null
7,19,251,10892," 표현,예술,그리고시대정신",null,2,3,3,null
7,19,251,10152, 한국미술의이해,null,1,3,3,null
7,19,251,10152, 한국미술의이해,null,2,3,3,null
7,19,251,11333," 한국사와상상력,스토리텔링",null,1,3,3,null
7,19,251,11333," 한국사와상상력,스토리텔링",null,2,3,3,null
7,19,251,10883, 한국의문화공간과예술,null,1,3,3,null
7,19,251,10883, 한국의문화공간과예술,null,2,3,3,null
7,19,251,10165, 현대미술사,null,1,3,3,null
7,19,251,10165, 현대미술사,null,2,3,3,null
7,19,251,11330, Reading American Popular Culture in the Digital Age,null,1,3,3,null
7,19,251,11330, Reading American Popular Culture in the Digital Age,null,2,3,3,null
7,19,251,11265, 음악과건강,null,1,3,3,null
7,19,251,11265, 음악과건강,null,2,3,3,null
7,19,251,11116, Introduction to World Music and Culture,null,1,3,3,null
7,19,251,11116, Introduction to World Music and Culture,null,2,3,3,null
7,19,252,11190, The Art of Thinking,null,1,3,3,null
7,19,252,11190, The Art of Thinking,null,2,3,3,null
7,19,252,10545, 근대일본과동아시아,null,1,3,3,null
7,19,252,10545, 근대일본과동아시아,null,2,3,3,null
7,19,252,11046, 동서양의인간이해,null,1,3,3,null
7,19,252,11046, 동서양의인간이해,null,2,3,3,null
7,19,252,10034, 동양철학의이해,null,1,3,3,null
7,19,252,10034, 동양철학의이해,null,2,3,3,null
7,19,252,10769, 모던/포스트모던문화읽기,null,1,3,3,null
7,19,252,10769, 모던/포스트모던문화읽기,null,2,3,3,null
7,19,252,11056, 문화로읽는한국사,null,1,3,3,null
7,19,252,11056, 문화로읽는한국사,null,2,3,3,null
7,19,252,11185, 문화와예술을통해본르네상스역사,null,1,3,3,null
7,19,252,11185, 문화와예술을통해본르네상스역사,null,2,3,3,null
7,19,252,10772, 여성과사회정의,null,1,3,3,null
7,19,252,10772, 여성과사회정의,null,2,3,3,null
7,19,252,11054, 연어프로젝트:한국여성나의뿌리를찾아서 ,null,1,3,3,null
7,19,252,11054, 연어프로젝트:한국여성나의뿌리를찾아서 ,null,2,3,3,null
7,19,252,10108, 인간과종교,null,1,3,3,null
7,19,252,10108, 인간과종교,null,2,3,3,null
7,19,252,11041, 인간과철학적사유,null,1,3,3,null
7,19,252,11041, 인간과철학적사유,null,2,3,3,null
7,19,252,11293, 인물로본중국의역사,null,1,3,3,null
7,19,252,11293, 인물로본중국의역사,null,2,3,3,null
7,19,252,10581, 인물로본한국사,null,1,3,3,null
7,19,252,10581, 인물로본한국사,null,2,3,3,null
7,19,252,11078, 젠더와역사,null,1,3,3,null
7,19,252,11078, 젠더와역사,null,2,3,3,null
7,19,252,10767, 종교와문화,null,1,3,3,null
7,19,252,10767, 종교와문화,null,2,3,3,null
7,19,252,11057, 주제로살펴보는서양근현대사,null,1,3,3,null
7,19,252,11057, 주제로살펴보는서양근현대사,null,2,3,3,null
7,19,252,10544, 중국의역사와문화,null,1,3,3,null
7,19,252,10544, 중국의역사와문화,null,2,3,3,null
7,19,252,11297, 질병치료와백신의역사,null,1,3,3,null
7,19,252,11297, 질병치료와백신의역사,null,2,3,3,null
7,19,252,11189, 철학의은유들,null,1,3,3,null
7,19,252,11189, 철학의은유들,null,2,3,3,null
7,19,252,11045, 패러다임전환과비판이론,null,1,3,3,null
7,19,252,11045, 패러다임전환과비판이론,null,2,3,3,null
7,19,252,10149, 한국근현대사 ,null,1,3,3,null
7,19,252,10149, 한국근현대사 ,null,2,3,3,null
7,19,252,11058, 한국사의새로운이해,null,1,3,3,null
7,19,252,11058, 한국사의새로운이해,null,2,3,3,null
7,19,252,11186, Evolutionary Origin of Humans,null,1,3,3,null
7,19,252,11186, Evolutionary Origin of Humans,null,2,3,3,null
7,19,252,11295, 인공지능시대의과학과종교,null,1,3,3,null
7,19,252,11295, 인공지능시대의과학과종교,null,2,3,3,null
7,19,253,10011, 가족건강과간호,null,1,3,3,null
7,19,253,10011, 가족건강과간호,null,2,3,3,null
7,19,253,10932, 건축으로읽는사회문화사,null,1,3,3,null
7,19,253,10932, 건축으로읽는사회문화사,null,2,3,3,null
7,19,253,10013, 경영과사회,null,1,3,3,null
7,19,253,10013, 경영과사회,null,2,3,3,null
7,19,253,11068, 글로벌사회변동과쟁점지역연구,null,1,3,3,null
7,19,253,11068, 글로벌사회변동과쟁점지역연구,null,2,3,3,null
7,19,253,10913, 글로벌시대의다문화사회,null,1,3,3,null
7,19,253,10913, 글로벌시대의다문화사회,null,2,3,3,null
7,19,253,10914, 글로벌시대의아시아여성,null,1,3,3,null
7,19,253,10914, 글로벌시대의아시아여성,null,2,3,3,null
7,19,253,10091, 노동과젠더,null,1,3,3,null
7,19,253,10091, 노동과젠더,null,2,3,3,null
7,19,253,11332, 도시공간문화로읽는한국사,null,1,3,3,null
7,19,253,11332, 도시공간문화로읽는한국사,null,2,3,3,null
7,19,253,10886, 동양고전의현대적이해,null,1,3,3,null
7,19,253,10886, 동양고전의현대적이해,null,2,3,3,null
7,19,253,11292, 모방과인간,null,1,3,3,null
7,19,253,11292, 모방과인간,null,2,3,3,null
7,19,253,11193, 법과젠더,null,1,3,3,null
7,19,253,11193, 법과젠더,null,2,3,3,null
7,19,253,10549, 북한정치의이해,null,1,3,3,null
7,19,253,10549, 북한정치의이해,null,2,3,3,null
7,19,253,10548, 북한주민의문화와생활,null,1,3,3,null
7,19,253,10548, 북한주민의문화와생활,null,2,3,3,null
7,19,253,10929, 브레인스펙트럼,null,1,3,3,null
7,19,253,10929, 브레인스펙트럼,null,2,3,3,null
7,19,253,10573, 생명윤리와법,null,1,3,3,null
7,19,253,10573, 생명윤리와법,null,2,3,3,null
7,19,253,10074, 성문화연구,null,1,3,3,null
7,19,253,10074, 성문화연구,null,2,3,3,null
7,19,253,10081, 시민생활과법,null,1,3,3,null
7,19,253,10081, 시민생활과법,null,2,3,3,null
7,19,253,10094, 여성학,null,1,3,3,null
7,19,253,10094, 여성학,null,2,3,3,null
7,19,253,11089, 여행과지리:글로벌화의지역탐색,null,1,3,3,null
7,19,253,11089, 여행과지리:글로벌화의지역탐색,null,2,3,3,null
7,19,253,10908, 영상이미지와젠더,null,1,3,3,null
7,19,253,10908, 영상이미지와젠더,null,2,3,3,null
7,19,253,10904, 우리사회의문제와쟁점찾기,null,1,3,3,null
7,19,253,10904, 우리사회의문제와쟁점찾기,null,2,3,3,null
7,19,253,10109, 인간발달과가족,null,1,3,3,null
7,19,253,10109, 인간발달과가족,null,2,3,3,null
7,19,253,10903, 인간발달과문화의다양성,null,1,3,3,null
7,19,253,10903, 인간발달과문화의다양성,null,2,3,3,null
7,19,253,11114, 인간은왜춤을추는가,null,1,3,3,null
7,19,253,11114, 인간은왜춤을추는가,null,2,3,3,null
7,19,253,11103, 인터넷과법,null,1,3,3,null
7,19,253,11103, 인터넷과법,null,2,3,3,null
7,19,253,11104, 죄와벌,null,1,3,3,null
7,19,253,11104, 죄와벌,null,2,3,3,null
7,19,253,10905, 지구촌의사회복지,null,1,3,3,null
7,19,253,10905, 지구촌의사회복지,null,2,3,3,null
7,19,253,11105, 직업세계와법,null,1,3,3,null
7,19,253,11105, 직업세계와법,null,2,3,3,null
7,19,253,11039, 키워드로읽는중국문화,null,1,3,3,null
7,19,253,11039, 키워드로읽는중국문화,null,2,3,3,null
7,19,253,10887, 현대중국의사회와문화,null,1,3,3,null
7,19,253,10887, 현대중국의사회와문화,null,2,3,3,null
7,19,253,11162, Middle Eastern Political Theology: Religious Sources,null,1,3,3,null
7,19,253,11162, Middle Eastern Political Theology: Religious Sources,null,2,3,3,null
7,19,253,11259, SDGs시대글로벌보건협력:개발도상국의보건의료현황과국제사회의지원,null,1,3,3,null
7,19,253,11259, SDGs시대글로벌보건협력:개발도상국의보건의료현황과국제사회의지원,null,2,3,3,null
7,19,253,11161, Social and Cultural Impact of Video Games,null,1,3,3,null
7,19,253,11161, Social and Cultural Impact of Video Games,null,2,3,3,null
7,19,253,11296, 청춘의아픔과치유:행복인문학,null,1,3,3,null
7,19,253,11296, 청춘의아픔과치유:행복인문학,null,2,3,3,null
7,19,253,10181, 환경과인간,null,1,3,3,null
7,19,253,10181, 환경과인간,null,2,3,3,null
7,19,253,11188, Introduction to Ethnic Conflict and Management,null,1,3,3,null
7,19,253,11188, Introduction to Ethnic Conflict and Management,null,2,3,3,null
7,19,253,11163, Literacy in the 21st Century,null,1,3,3,null
7,19,253,11163, Literacy in the 21st Century,null,2,3,3,null
7,19,253,10949, 국제구호와개발협력,null,1,3,3,null
7,19,253,10949, 국제구호와개발협력,null,2,3,3,null
7,19,253,11106, 글로벌시민의이해와리더십,null,1,3,3,null
7,19,253,11106, 글로벌시민의이해와리더십,null,2,3,3,null
7,19,253,10933, 대학생의성건강,null,1,3,3,null
7,19,253,10933, 대학생의성건강,null,2,3,3,null
7,19,253,11308, 데이터로고전읽기,null,1,3,3,null
7,19,253,11308, 데이터로고전읽기,null,2,3,3,null
7,19,253,11079, 장애와사회,null,1,3,3,null
7,19,253,11079, 장애와사회,null,2,3,3,null
7,19,254,11154, 사물인터넷개론,null,1,3,3,null
7,19,254,11154, 사물인터넷개론,null,2,3,3,null
7,19,254,10556, 인터넷과소셜컴퓨팅,null,1,3,3,null
7,19,254,10556, 인터넷과소셜컴퓨팅,null,2,3,3,null
7,19,254,11160, 정보기술과미래사회,null,1,3,3,null
7,19,254,11160, 정보기술과미래사회,null,2,3,3,null
7,19,254,10123, 정보사회와인터넷윤리,null,1,3,3,null
7,19,254,10123, 정보사회와인터넷윤리,null,2,3,3,null
7,19,254,10930, Behavior of Animals,null,1,3,3,null
7,19,254,10930, Behavior of Animals,null,2,3,3,null
7,19,254,11111, SF영화로배우는철학,null,1,3,3,null
7,19,254,11111, SF영화로배우는철학,null,2,3,3,null
7,19,254,11155, 과학과허구,null,1,3,3,null
7,19,254,11155, 과학과허구,null,2,3,3,null
7,19,254,11101, 과학과문화의커뮤니케이션,null,1,3,3,null
7,19,254,11101, 과학과문화의커뮤니케이션,null,2,3,3,null
7,19,254,11043, 글로벌사회의기록과정보,null,1,3,3,null
7,19,254,11043, 글로벌사회의기록과정보,null,2,3,3,null
7,19,254,10776, 글로벌시민을위한과학소양,null,1,3,3,null
7,19,254,10776, 글로벌시민을위한과학소양,null,2,3,3,null
7,19,254,11044, 디지털네이티브와검색엔진,null,1,3,3,null
7,19,254,11044, 디지털네이티브와검색엔진,null,2,3,3,null
7,19,254,11152, 모바일멀티미디어프로그래밍,null,1,3,3,null
7,19,254,11152, 모바일멀티미디어프로그래밍,null,2,3,3,null
7,19,254,10559, 미래를위한환경의이해,null,1,3,3,null
7,19,254,10559, 미래를위한환경의이해,null,2,3,3,null
7,19,254,11191, 식물의모든것,null,1,3,3,null
7,19,254,11191, 식물의모든것,null,2,3,3,null
7,19,254,10052, 약과건강,null,1,3,3,null
7,19,254,10052, 약과건강,null,2,3,3,null
7,19,254,11102," 에너지의이해,이용,실천",null,1,3,3,null
7,19,254,11102," 에너지의이해,이용,실천",null,2,3,3,null
7,19,254,11257, 에피소드로보는과학철학,null,1,3,3,null
7,19,254,11257, 에피소드로보는과학철학,null,2,3,3,null
7,19,254,10910, 위험판단심리학,null,1,3,3,null
7,19,254,10910, 위험판단심리학,null,2,3,3,null
7,19,254,10104, 응용통계입문,null,1,3,3,null
7,19,254,10104, 응용통계입문,null,2,3,3,null
7,19,254,11336, 인공지능과인간,null,1,3,3,null
7,19,254,11336, 인공지능과인간,null,2,3,3,null
7,19,254,11261, 인공지능시대의정보산업이해,null,1,3,3,null
7,19,254,11261, 인공지능시대의정보산업이해,null,2,3,3,null
7,19,254,11156," 자연과의대화,환경생태",null,1,3,3,null
7,19,254,11156," 자연과의대화,환경생태",null,2,3,3,null
7,19,254,11096, 정보화사회와통계,null,1,3,3,null
7,19,254,11096, 정보화사회와통계,null,2,3,3,null
7,19,254,10135, 지구의역사,null,1,3,3,null
7,19,254,10135, 지구의역사,null,2,3,3,null
7,19,254,11042, 컴퓨터와마음,null,1,3,3,null
7,19,254,11042, 컴퓨터와마음,null,2,3,3,null
7,19,254,11145, 크리에이티브컴퓨팅,null,1,3,3,null
7,19,254,11145, 크리에이티브컴퓨팅,null,2,3,3,null
7,19,254,10164, 현대물리학과인간사고의변혁,null,1,3,3,null
7,19,254,10164, 현대물리학과인간사고의변혁,null,2,3,3,null
7,19,254,11157, 환경재난과국제협력,null,1,3,3,null
7,19,254,11157, 환경재난과국제협력,null,2,3,3,null
7,19,254,11159, General Biology,null,1,3,3,null
7,19,254,11159, General Biology,null,2,3,3,null
7,19,254,11262, 생활속의미생물,null,1,3,3,null
7,19,254,11262, 생활속의미생물,null,2,3,3,null
7,19,254,11187, 빅데이터사회와정보활용,null,1,3,3,null
7,19,254,11187, 빅데이터사회와정보활용,null,2,3,3,null
7,19,254,11264, 세계의자연유산과지오투어리즘,null,1,3,3,null
7,19,254,11264, 세계의자연유산과지오투어리즘,null,2,3,3,null
7,19,254,11098, 주거로보는건축문화,null,1,3,3,null
7,19,254,11098, 주거로보는건축문화,null,2,3,3,null
7,19,255,11208, IT융합설계개론,null,1,3,3,null
7,19,255,11208, IT융합설계개론,null,2,3,3,null
7,19,255,11309, 문제해결과SW프로그래밍,null,1,3,3,null
7,19,255,11309, 문제해결과SW프로그래밍,null,2,3,3,null
7,19,255,11214, 간호와휴머니즘,null,1,3,3,null
7,19,255,11214, 간호와휴머니즘,null,2,3,3,null
7,19,255,11206, 계산의기초와융합적문제해결,null,1,3,3,null
7,19,255,11206, 계산의기초와융합적문제해결,null,2,3,3,null
7,19,255,11207, 과학자를위한기초현대통계학론,null,1,3,3,null
7,19,255,11207, 과학자를위한기초현대통계학론,null,2,3,3,null
7,19,255,11210, 교육커뮤니케이션의이해와실제,null,1,3,3,null
7,19,255,11210, 교육커뮤니케이션의이해와실제,null,2,3,3,null
7,19,255,11212, 글로벌커리어개발과기업가정신,null,1,3,3,null
7,19,255,11212, 글로벌커리어개발과기업가정신,null,2,3,3,null
7,19,255,11204, 논리로과학읽기,null,1,3,3,null
7,19,255,11204, 논리로과학읽기,null,2,3,3,null
7,19,255,11209, 시각적사고를통한일상의문화와트랜드,null,1,3,3,null
7,19,255,11209, 시각적사고를통한일상의문화와트랜드,null,2,3,3,null
7,19,255,11263, 예술과기술,null,1,3,3,null
7,19,255,11263, 예술과기술,null,2,3,3,null
7,19,255,11233, 음악과테크놀로지,null,1,3,3,null
7,19,255,11233, 음악과테크놀로지,null,2,3,3,null
7,19,255,11235, 의료생명분야에서의컴퓨터적사고,null,1,3,3,null
7,19,255,11235, 의료생명분야에서의컴퓨터적사고,null,2,3,3,null
7,19,255,11213, 질병과몸의역사,null,1,3,3,null
7,19,255,11213, 질병과몸의역사,null,2,3,3,null
7,19,255,11205, 컴퓨터과학적인식과문제해결,null,1,3,3,null
7,19,255,11205, 컴퓨터과학적인식과문제해결,null,2,3,3,null
7,19,255,11232, 컴퓨터적사고와이해,null,1,3,3,null
7,19,255,11232, 컴퓨터적사고와이해,null,2,3,3,null
7,19,255,11234, 컴퓨터적사고와조형적활용,null,1,3,3,null
7,19,255,11234, 컴퓨터적사고와조형적활용,null,2,3,3,null
7,19,255,11211, 컴퓨팅적사고와프로그래밍,null,1,3,3,null
7,19,255,11211, 컴퓨팅적사고와프로그래밍,null,2,3,3,null
7,19,255,11215, 통합적분쟁이해와조정,null,1,3,3,null
7,19,255,11215, 통합적분쟁이해와조정,null,2,3,3,null
7,19,255,11260, 기업가정신과기술혁신,null,1,3,3,null
7,18,243,35073,서양철학입문,1,1,3,3,null
7,18,243,33264,동양철학입문,1,2,3,3,null
7,18,243,34376,"서양고,중세철학",1,2,3,3,null
7,18,243,33669,논리학,2,1,3,3,null
7,18,243,33261,문학철학,2,1,3,3,null
7,18,243,33269,문화철학,2,1,3,3,null
7,18,243,20208,서양근세철학,2,1,3,3,null
7,18,243,34368,유가철학,2,1,3,3,null
7,18,243,20235,형이상학,2,1,3,3,null
7,18,243,34370,도가철학,2,2,3,3,null
7,18,243,38794,동양고중세철학,2,2,3,3,null
7,18,243,30195,서양현대철학,2,2,3,3,null
7,18,243,20215,예술철학,2,2,3,3,null
7,18,243,35078,인식론,2,2,3,3,null
7,18,243,35076,철학교육(캡스톤디자인),2,2,3,3,null
7,18,243,38132,철학전공설계심화1,3,1,null,3,null
7,18,243,38133,철학전공설계심화2,3,1,null,3,null
7,18,243,38134,철학전공설계심화3,3,1,null,3,null
7,18,243,38132,철학전공설계심화1,3,2,null,3,null
7,18,243,38133,철학전공설계심화2,3,2,null,3,null
7,18,243,38134,철학전공설계심화3,3,2,null,3,null
7,18,243,20233,동양근세철학,3,1,3,3,null
7,18,243,20211,실존철학,3,1,3,3,null
7,18,243,20213,언어철학,3,1,3,3,null
7,18,243,20230,칸트와해결,3,1,3,3,null
7,18,243,20205,불교철학,3,2,3,3,null
7,18,243,20221,비판적사고와행위(캡스톤디자인),3,2,3,3,null
7,18,243,34371,성의철학,3,2,3,3,null
7,18,243,35075,영상과철학,3,2,3,3,null
7,18,243,34374,포스트모더니즘과철학,3,2,3,3,null
7,18,243,38135,철학전공인턴십1,4,1,null,1,null
7,18,243,38135,철학전공인턴십1,4,2,null,1,null
7,18,243,38136,철학전공인턴십2,4,1,null,1,null
7,18,243,38136,철학전공인턴십2,4,2,null,1,null
7,18,243,34373,니체와현대철학,4,1,3,3,null
7,18,243,34375,동양현대철학,4,1,3,3,null
7,18,243,38795,서양중세처학,4,1,3,3,null
7,18,243,35080,여성주의철학,4,1,3,3,null
7,18,243,20214,역사철학,4,1,3,3,null
7,18,243,38796,철학자연구,4,1,3,3,null
7,18,243,20199,과학철학,4,2,3,3,null
7,18,243,20206,사회정치철학,4,2,3,3,null
7,18,243,20212,심리철학,4,2,3,3,null
7,18,243,38797,철학문제연구,4,2,3,3,null
7,18,243,38137,한국근현대철학,4,2,3,3,null
7,18,243,20231,한국철학,4,2,3,3,null
7,19,256,35073,서양철학입문,1,1,3,3,null
7,19,256,33264,동양철학입문,1,2,3,3,null
7,19,256,34376,"서양고,중세철학",1,2,3,3,null
7,19,256,33669,논리학,2,1,3,3,null
7,19,256,33261,문학철학,2,1,3,3,null
7,19,256,33269,문화철학,2,1,3,3,null
7,19,256,20208,서양근세철학,2,1,3,3,null
7,19,256,34368,유가철학,2,1,3,3,null
7,19,256,20235,형이상학,2,1,3,3,null
7,19,256,34370,도가철학,2,2,3,3,null
7,19,256,38794,동양고중세철학,2,2,3,3,null
7,19,256,30195,서양현대철학,2,2,3,3,null
7,19,256,20215,예술철학,2,2,3,3,null
7,19,256,35078,인식론,2,2,3,3,null
7,19,256,35076,철학교육(캡스톤디자인),2,2,3,3,null
7,19,256,38132,철학전공설계심화1,3,1,null,3,null
7,19,256,38133,철학전공설계심화2,3,1,null,3,null
7,19,256,38134,철학전공설계심화3,3,1,null,3,null
7,19,256,38132,철학전공설계심화1,3,2,null,3,null
7,19,256,38133,철학전공설계심화2,3,2,null,3,null
7,19,256,38134,철학전공설계심화3,3,2,null,3,null
7,19,256,20233,동양근세철학,3,1,3,3,null
7,19,256,20211,실존철학,3,1,3,3,null
7,19,256,20213,언어철학,3,1,3,3,null
7,19,256,20230,칸트와해결,3,1,3,3,null
7,19,256,20205,불교철학,3,2,3,3,null
7,19,256,20221,비판적사고와행위(캡스톤디자인),3,2,3,3,null
7,19,256,34371,성의철학,3,2,3,3,null
7,19,256,35075,영상과철학,3,2,3,3,null
7,19,256,34374,포스트모더니즘과철학,3,2,3,3,null
7,19,256,38135,철학전공인턴십1,4,1,null,1,null
7,19,256,38135,철학전공인턴십1,4,2,null,1,null
7,19,256,38136,철학전공인턴십2,4,1,null,1,null
7,19,256,38136,철학전공인턴십2,4,2,null,1,null
7,19,256,34373,니체와현대철학,4,1,3,3,null
7,19,256,34375,동양현대철학,4,1,3,3,null
7,19,256,38795,서양중세처학,4,1,3,3,null
7,19,256,35080,여성주의철학,4,1,3,3,null
7,19,256,20214,역사철학,4,1,3,3,null
7,19,256,38796,철학자연구,4,1,3,3,null
7,19,256,20199,과학철학,4,2,3,3,null
7,19,256,20206,사회정치철학,4,2,3,3,null
7,19,256,20212,심리철학,4,2,3,3,null
7,19,256,38797,철학문제연구,4,2,3,3,null
7,19,256,38137,한국근현대철학,4,2,3,3,null
7,19,256,20231,한국철학,4,2,3,3,null
8,18,257,10023, 기독교와세계,1,1,3,3,null
8,18,257,10023, 기독교와세계,1,2,3,3,null
8,18,258,11256, 공존과협력의유토피아,1,1,3,2,null
8,18,258,11256, 공존과협력의유토피아,1,2,3,2,null
8,18,258,11254, 관계의미학:사랑과윤리,1,1,3,2,null
8,18,258,11254, 관계의미학:사랑과윤리,1,2,3,2,null
8,18,258,11095, 나눔리더십,1,1,3,2,null
8,18,258,11095, 나눔리더십,1,2,3,2,null
8,18,258,11253, 나눔의인간학,1,1,3,2,null
8,18,258,11253, 나눔의인간학,1,2,3,2,null
8,18,258,11252, 청춘의자기이해,1,1,3,2,null
8,18,258,11252, 청춘의자기이해,1,2,3,2,null
8,18,258,11255, 호모엠파티쿠스:소통·공감·신뢰,1,1,3,2,null
8,18,258,11255, 호모엠파티쿠스:소통·공감·신뢰,1,2,3,2,null
8,18,259,10021, 우리말과글쓰기,1,1,3,3,null
8,18,259,10021, 우리말과글쓰기,1,2,3,3,null
8,18,260,11094, 고전읽기와글쓰기,1,1,3,2,10021
8,18,260,11094, 고전읽기와글쓰기,1,2,3,2,10021
8,18,260,11250,사이보그와이미지의권력,2,1,3,2,10021
8,18,260,11250,사이보그와이미지의권력,2,2,3,2,10021
8,18,260,11249,역사와철학으로질문던지기,2,1,3,2,10021
8,18,260,11249,역사와철학으로질문던지기,2,1,3,2,10021
8,18,260,11248,읽기와쓰기의다이내미즘,2,2,3,2,10021
8,18,260,11248,읽기와쓰기의다이내미즘,2,1,3,2,10021
8,18,261,10098, 대학영어,1,1,3,3,null
8,18,261,10098, 대학영어,1,2,3,3,null
8,18,261,10099, 고급영어,1,1,3,3,null
8,18,261,10099, 고급영어,1,2,3,3,null
8,18,262,11036, 중국어Ⅰ,1,1,3,2,null
8,18,262,11037, 중국어Ⅱ,1,2,3,2,null
8,18,262,11073, 프랑스어Ⅰ,1,1,3,2,null
8,18,262,11074, 프랑스어Ⅱ,1,2,3,2,null
8,18,262,11033, 독일어Ⅰ,1,1,3,2,null
8,18,262,11034, 독일어Ⅱ,1,2,3,2,null
8,18,262,11091, 일본어Ⅰ,1,1,3,2,null
8,18,262,11092, 일본어Ⅱ,1,2,3,2,null
8,18,262,11066, 스페인어Ⅰ,1,1,3,2,null
8,18,262,11067, 스페인어Ⅱ,1,2,3,2,null
8,18,262,11064, 러시아어Ⅰ,1,1,3,2,null
8,18,262,11065, 러시아어Ⅱ,1,2,3,2,null
8,18,263,11053, 21세기사회와문학의대화,null,1,3,3,null
8,18,263,11053, 21세기사회와문학의대화,null,2,3,3,null
8,18,263,11183, The Story of Human Language,null,1,3,3,null
8,18,263,11183, The Story of Human Language,null,2,3,3,null
8,18,263,11165, Topics in Multiethnic American Literature,null,1,3,3,null
8,18,263,11165, Topics in Multiethnic American Literature,null,2,3,3,null
8,18,263,11112, 다매체시대의비교문학,null,1,3,3,null
8,18,263,11112, 다매체시대의비교문학,null,2,3,3,null
8,18,263,11108, 동아시아문학으로문화읽기,null,1,3,3,null
8,18,263,11108, 동아시아문학으로문화읽기,null,2,3,3,null
8,18,263,11038, 디지털미디어시대의동아시아문자,null,1,3,3,null
8,18,263,11038, 디지털미디어시대의동아시아문자,null,2,3,3,null
8,18,263,10950, 디지털스토리텔링의이해,null,1,3,3,null
8,18,263,10950, 디지털스토리텔링의이해,null,2,3,3,null
8,18,263,10041, 문학과삶,null,1,3,3,null
8,18,263,10041, 문학과삶,null,2,3,3,null
8,18,263,10654, 문학과영화,null,1,3,3,null
8,18,263,10654, 문학과영화,null,2,3,3,null
8,18,263,11148, 문학으로보는사랑의역사,null,1,3,3,null
8,18,263,11148, 문학으로보는사랑의역사,null,2,3,3,null
8,18,263,11184, 문학으로함께배우는매체/이야기,null,1,3,3,null
8,18,263,11184, 문학으로함께배우는매체/이야기,null,2,3,3,null
8,18,263,11146, 문화로읽는현대시의세계,null,1,3,3,null
8,18,263,11146, 문화로읽는현대시의세계,null,1,3,3,null
8,18,263,11147, 사이언스픽션의이해,null,1,3,3,null
8,18,263,11147, 사이언스픽션의이해,null,2,3,3,null
8,18,263,11297, 생태와문학,null,1,3,3,null
8,18,263,11297, 생태와문학,null,2,3,3,null
8,18,263,10768, 신화·상상력·문화,null,1,3,3,null
8,18,263,10768, 신화·상상력·문화,null,2,3,3,null
8,18,263,11109, 여행문학과세계인식,null,1,3,3,null
8,18,263,11109, 여행문학과세계인식,null,2,3,3,null
8,18,263,10882, 인간과언어,null,1,3,3,null
8,18,263,10882, 인간과언어,null,2,3,3,null
8,18,263,11258, 자연과문학,null,1,3,3,null
8,18,263,11258, 자연과문학,null,2,3,3,null
8,18,263,10543, 한국현대시와삶읽기,null,1,3,3,null
8,18,263,10543, 한국현대시와삶읽기,null,2,3,3,null
8,18,263,11134, 현대영어권문학의동향,null,1,3,3,null
8,18,263,11134, 현대영어권문학의동향,null,2,3,3,null
8,18,263,10896, 환상문학의세계,null,1,3,3,null
8,18,263,10896, 환상문학의세계,null,2,3,3,null
8,18,263,11334, Critical and Creative Textual Studies,null,1,3,3,null
8,18,263,11334, Critical and Creative Textual Studies,null,2,3,3,null
8,18,263,11335, Technical Writing and Document Design in English,null,1,3,3,null
8,18,263,11335, Technical Writing and Document Design in English,null,2,3,3,null
8,18,264,11107, 21세기의예술과인간,null,1,3,3,null
8,18,264,11107, 21세기의예술과인간,null,2,3,3,null
8,18,264,11164, Contemporary Photography,null,1,3,3,null
8,18,264,11164, Contemporary Photography,null,2,3,3,null
8,18,264,10018, 국악의이해,null,1,3,3,null
8,18,264,10018, 국악의이해,null,2,3,3,null
8,18,264,10033, 동양미술의이해,null,1,3,3,null
8,18,264,10033, 동양미술의이해,null,2,3,3,null
8,18,264,10778, 디지털매체와예술,null,1,3,3,null
8,18,264,10778, 디지털매체와예술,null,2,3,3,null
8,18,264,10576, 무용의이해,null,1,3,3,null
8,18,264,10576, 무용의이해,null,2,3,3,null
8,18,264,11153, 문화콘텐츠기획의이해,null,1,3,3,null
8,18,264,11153, 문화콘텐츠기획의이해,null,2,3,3,null
8,18,264,11328, 미술로치유하는마음,null,1,3,3,null
8,18,264,11328, 미술로치유하는마음,null,2,3,3,null
8,18,264,11083, 미학과미술,null,1,3,3,null
8,18,264,11083, 미학과미술,null,2,3,3,null
8,18,264,11135, 사물과예술,null,1,3,3,null
8,18,264,11135, 사물과예술,null,2,3,3,null
8,18,264,11329, 색채의이해,null,1,3,3,null
8,18,264,11329, 색채의이해,null,2,3,3,null
8,18,264,10072, 서양미술의이해,null,1,3,3,null
8,18,264,10072, 서양미술의이해,null,2,3,3,null
8,18,264,10073, 서양음악의이해,null,1,3,3,null
8,18,264,10073, 서양음악의이해,null,2,3,3,null
8,18,264,11084, 시각문화로서미술작품읽기,null,1,3,3,null
8,18,264,11084, 시각문화로서미술작품읽기,null,2,3,3,null
8,18,264,10090, 여성과예술,null,1,3,3,null
8,18,264,10090, 여성과예술,null,2,3,3,null
8,18,264,11113, 여성의몸과창조적움직임,null,1,3,3,null
8,18,264,11113, 여성의몸과창조적움직임,null,2,3,3,null
8,18,264,10097, 연극의이론과실제,null,1,3,3,null
8,18,264,10097, 연극의이론과실제,null,2,3,3,null
8,18,264,11110, 예술가와그의시대,null,1,3,3,null
8,18,264,11110, 예술가와그의시대,null,2,3,3,null
8,18,264,10100, 예술과사상,null,1,3,3,null
8,18,264,10100, 예술과사상,null,2,3,3,null
8,18,264,11055, 옛시와그림의만남,null,1,3,3,null
8,18,264,11055, 옛시와그림의만남,null,2,3,3,null
8,18,264,11075, 창조와상상의기술,null,1,3,3,null
8,18,264,11075, 창조와상상의기술,null,2,3,3,null
8,18,264,11035," 퍼포먼스인문학:제의,놀이,연극",null,1,3,3,null
8,18,264,11035," 퍼포먼스인문학:제의,놀이,연극",null,2,3,3,null
8,18,264,10892," 표현,예술,그리고시대정신",null,1,3,3,null
8,18,264,10892," 표현,예술,그리고시대정신",null,2,3,3,null
8,18,264,10152, 한국미술의이해,null,1,3,3,null
8,18,264,10152, 한국미술의이해,null,2,3,3,null
8,18,264,11333," 한국사와상상력,스토리텔링",null,1,3,3,null
8,18,264,11333," 한국사와상상력,스토리텔링",null,2,3,3,null
8,18,264,10883, 한국의문화공간과예술,null,1,3,3,null
8,18,264,10883, 한국의문화공간과예술,null,2,3,3,null
8,18,264,10165, 현대미술사,null,1,3,3,null
8,18,264,10165, 현대미술사,null,2,3,3,null
8,18,264,11330, Reading American Popular Culture in the Digital Age,null,1,3,3,null
8,18,264,11330, Reading American Popular Culture in the Digital Age,null,2,3,3,null
8,18,264,11265, 음악과건강,null,1,3,3,null
8,18,264,11265, 음악과건강,null,2,3,3,null
8,18,264,11116, Introduction to World Music and Culture,null,1,3,3,null
8,18,264,11116, Introduction to World Music and Culture,null,2,3,3,null
8,18,265,11190, The Art of Thinking,null,1,3,3,null
8,18,265,11190, The Art of Thinking,null,2,3,3,null
8,18,265,10545, 근대일본과동아시아,null,1,3,3,null
8,18,265,10545, 근대일본과동아시아,null,2,3,3,null
8,18,265,11046, 동서양의인간이해,null,1,3,3,null
8,18,265,11046, 동서양의인간이해,null,2,3,3,null
8,18,265,10034, 동양철학의이해,null,1,3,3,null
8,18,265,10034, 동양철학의이해,null,2,3,3,null
8,18,265,10769, 모던/포스트모던문화읽기,null,1,3,3,null
8,18,265,10769, 모던/포스트모던문화읽기,null,2,3,3,null
8,18,265,11056, 문화로읽는한국사,null,1,3,3,null
8,18,265,11056, 문화로읽는한국사,null,2,3,3,null
8,18,265,11185, 문화와예술을통해본르네상스역사,null,1,3,3,null
8,18,265,11185, 문화와예술을통해본르네상스역사,null,2,3,3,null
8,18,265,10772, 여성과사회정의,null,1,3,3,null
8,18,265,10772, 여성과사회정의,null,2,3,3,null
8,18,265,11054, 연어프로젝트:한국여성나의뿌리를찾아서 ,null,1,3,3,null
8,18,265,11054, 연어프로젝트:한국여성나의뿌리를찾아서 ,null,2,3,3,null
8,18,265,10108, 인간과종교,null,1,3,3,null
8,18,265,10108, 인간과종교,null,2,3,3,null
8,18,265,11041, 인간과철학적사유,null,1,3,3,null
8,18,265,11041, 인간과철학적사유,null,2,3,3,null
8,18,265,11293, 인물로본중국의역사,null,1,3,3,null
8,18,265,11293, 인물로본중국의역사,null,2,3,3,null
8,18,265,10581, 인물로본한국사,null,1,3,3,null
8,18,265,10581, 인물로본한국사,null,2,3,3,null
8,18,265,11078, 젠더와역사,null,1,3,3,null
8,18,265,11078, 젠더와역사,null,2,3,3,null
8,18,265,10767, 종교와문화,null,1,3,3,null
8,18,265,10767, 종교와문화,null,2,3,3,null
8,18,265,11057, 주제로살펴보는서양근현대사,null,1,3,3,null
8,18,265,11057, 주제로살펴보는서양근현대사,null,2,3,3,null
8,18,265,10544, 중국의역사와문화,null,1,3,3,null
8,18,265,10544, 중국의역사와문화,null,2,3,3,null
8,18,265,11297, 질병치료와백신의역사,null,1,3,3,null
8,18,265,11297, 질병치료와백신의역사,null,2,3,3,null
8,18,265,11189, 철학의은유들,null,1,3,3,null
8,18,265,11189, 철학의은유들,null,2,3,3,null
8,18,265,11045, 패러다임전환과비판이론,null,1,3,3,null
8,18,265,11045, 패러다임전환과비판이론,null,2,3,3,null
8,18,265,10149, 한국근현대사 ,null,1,3,3,null
8,18,265,10149, 한국근현대사 ,null,2,3,3,null
8,18,265,11058, 한국사의새로운이해,null,1,3,3,null
8,18,265,11058, 한국사의새로운이해,null,2,3,3,null
8,18,265,11186, Evolutionary Origin of Humans,null,1,3,3,null
8,18,265,11186, Evolutionary Origin of Humans,null,2,3,3,null
8,18,265,11295, 인공지능시대의과학과종교,null,1,3,3,null
8,18,265,11295, 인공지능시대의과학과종교,null,2,3,3,null
8,18,266,10011, 가족건강과간호,null,1,3,3,null
8,18,266,10011, 가족건강과간호,null,2,3,3,null
8,18,266,10932, 건축으로읽는사회문화사,null,1,3,3,null
8,18,266,10932, 건축으로읽는사회문화사,null,2,3,3,null
8,18,266,10013, 경영과사회,null,1,3,3,null
8,18,266,10013, 경영과사회,null,2,3,3,null
8,18,266,11068, 글로벌사회변동과쟁점지역연구,null,1,3,3,null
8,18,266,11068, 글로벌사회변동과쟁점지역연구,null,2,3,3,null
8,18,266,10913, 글로벌시대의다문화사회,null,1,3,3,null
8,18,266,10913, 글로벌시대의다문화사회,null,2,3,3,null
8,18,266,10914, 글로벌시대의아시아여성,null,1,3,3,null
8,18,266,10914, 글로벌시대의아시아여성,null,2,3,3,null
8,18,266,10091, 노동과젠더,null,1,3,3,null
8,18,266,10091, 노동과젠더,null,2,3,3,null
8,18,266,11332, 도시공간문화로읽는한국사,null,1,3,3,null
8,18,266,11332, 도시공간문화로읽는한국사,null,2,3,3,null
8,18,266,10886, 동양고전의현대적이해,null,1,3,3,null
8,18,266,10886, 동양고전의현대적이해,null,2,3,3,null
8,18,266,11292, 모방과인간,null,1,3,3,null
8,18,266,11292, 모방과인간,null,2,3,3,null
8,18,266,11193, 법과젠더,null,1,3,3,null
8,18,266,11193, 법과젠더,null,2,3,3,null
8,18,266,10549, 북한정치의이해,null,1,3,3,null
8,18,266,10549, 북한정치의이해,null,2,3,3,null
8,18,266,10548, 북한주민의문화와생활,null,1,3,3,null
8,18,266,10548, 북한주민의문화와생활,null,2,3,3,null
8,18,266,10929, 브레인스펙트럼,null,1,3,3,null
8,18,266,10929, 브레인스펙트럼,null,2,3,3,null
8,18,266,10573, 생명윤리와법,null,1,3,3,null
8,18,266,10573, 생명윤리와법,null,2,3,3,null
8,18,266,10074, 성문화연구,null,1,3,3,null
8,18,266,10074, 성문화연구,null,2,3,3,null
8,18,266,10081, 시민생활과법,null,1,3,3,null
8,18,266,10081, 시민생활과법,null,2,3,3,null
8,18,266,10094, 여성학,null,1,3,3,null
8,18,266,10094, 여성학,null,2,3,3,null
8,18,266,11089, 여행과지리:글로벌화의지역탐색,null,1,3,3,null
8,18,266,11089, 여행과지리:글로벌화의지역탐색,null,2,3,3,null
8,18,266,10908, 영상이미지와젠더,null,1,3,3,null
8,18,266,10908, 영상이미지와젠더,null,2,3,3,null
8,18,266,10904, 우리사회의문제와쟁점찾기,null,1,3,3,null
8,18,266,10904, 우리사회의문제와쟁점찾기,null,2,3,3,null
8,18,266,10109, 인간발달과가족,null,1,3,3,null
8,18,266,10109, 인간발달과가족,null,2,3,3,null
8,18,266,10903, 인간발달과문화의다양성,null,1,3,3,null
8,18,266,10903, 인간발달과문화의다양성,null,2,3,3,null
8,18,266,11114, 인간은왜춤을추는가,null,1,3,3,null
8,18,266,11114, 인간은왜춤을추는가,null,2,3,3,null
8,18,266,11103, 인터넷과법,null,1,3,3,null
8,18,266,11103, 인터넷과법,null,2,3,3,null
8,18,266,11104, 죄와벌,null,1,3,3,null
8,18,266,11104, 죄와벌,null,2,3,3,null
8,18,266,10905, 지구촌의사회복지,null,1,3,3,null
8,18,266,10905, 지구촌의사회복지,null,2,3,3,null
8,18,266,11105, 직업세계와법,null,1,3,3,null
8,18,266,11105, 직업세계와법,null,2,3,3,null
8,18,266,11039, 키워드로읽는중국문화,null,1,3,3,null
8,18,266,11039, 키워드로읽는중국문화,null,2,3,3,null
8,18,266,10887, 현대중국의사회와문화,null,1,3,3,null
8,18,266,10887, 현대중국의사회와문화,null,2,3,3,null
8,18,266,11162, Middle Eastern Political Theology: Religious Sources,null,1,3,3,null
8,18,266,11162, Middle Eastern Political Theology: Religious Sources,null,2,3,3,null
8,18,266,11259, SDGs시대글로벌보건협력:개발도상국의보건의료현황과국제사회의지원,null,1,3,3,null
8,18,266,11259, SDGs시대글로벌보건협력:개발도상국의보건의료현황과국제사회의지원,null,2,3,3,null
8,18,266,11161, Social and Cultural Impact of Video Games,null,1,3,3,null
8,18,266,11161, Social and Cultural Impact of Video Games,null,2,3,3,null
8,18,266,11296, 청춘의아픔과치유:행복인문학,null,1,3,3,null
8,18,266,11296, 청춘의아픔과치유:행복인문학,null,2,3,3,null
8,18,266,10181, 환경과인간,null,1,3,3,null
8,18,266,10181, 환경과인간,null,2,3,3,null
8,18,266,11188, Introduction to Ethnic Conflict and Management,null,1,3,3,null
8,18,266,11188, Introduction to Ethnic Conflict and Management,null,2,3,3,null
8,18,266,11163, Literacy in the 21st Century,null,1,3,3,null
8,18,266,11163, Literacy in the 21st Century,null,2,3,3,null
8,18,266,10949, 국제구호와개발협력,null,1,3,3,null
8,18,266,10949, 국제구호와개발협력,null,2,3,3,null
8,18,266,11106, 글로벌시민의이해와리더십,null,1,3,3,null
8,18,266,11106, 글로벌시민의이해와리더십,null,2,3,3,null
8,18,266,10933, 대학생의성건강,null,1,3,3,null
8,18,266,10933, 대학생의성건강,null,2,3,3,null
8,18,266,11308, 데이터로고전읽기,null,1,3,3,null
8,18,266,11308, 데이터로고전읽기,null,2,3,3,null
8,18,266,11079, 장애와사회,null,1,3,3,null
8,18,266,11079, 장애와사회,null,2,3,3,null
8,18,267,11154, 사물인터넷개론,null,1,3,3,null
8,18,267,11154, 사물인터넷개론,null,2,3,3,null
8,18,267,10556, 인터넷과소셜컴퓨팅,null,1,3,3,null
8,18,267,10556, 인터넷과소셜컴퓨팅,null,2,3,3,null
8,18,267,11160, 정보기술과미래사회,null,1,3,3,null
8,18,267,11160, 정보기술과미래사회,null,2,3,3,null
8,18,267,10123, 정보사회와인터넷윤리,null,1,3,3,null
8,18,267,10123, 정보사회와인터넷윤리,null,2,3,3,null
8,18,267,10930, Behavior of Animals,null,1,3,3,null
8,18,267,10930, Behavior of Animals,null,2,3,3,null
8,18,267,11111, SF영화로배우는철학,null,1,3,3,null
8,18,267,11111, SF영화로배우는철학,null,2,3,3,null
8,18,267,11155, 과학과허구,null,1,3,3,null
8,18,267,11155, 과학과허구,null,2,3,3,null
8,18,267,11101, 과학과문화의커뮤니케이션,null,1,3,3,null
8,18,267,11101, 과학과문화의커뮤니케이션,null,2,3,3,null
8,18,267,11043, 글로벌사회의기록과정보,null,1,3,3,null
8,18,267,11043, 글로벌사회의기록과정보,null,2,3,3,null
8,18,267,10776, 글로벌시민을위한과학소양,null,1,3,3,null
8,18,267,10776, 글로벌시민을위한과학소양,null,2,3,3,null
8,18,267,11044, 디지털네이티브와검색엔진,null,1,3,3,null
8,18,267,11044, 디지털네이티브와검색엔진,null,2,3,3,null
8,18,267,11152, 모바일멀티미디어프로그래밍,null,1,3,3,null
8,18,267,11152, 모바일멀티미디어프로그래밍,null,2,3,3,null
8,18,267,10559, 미래를위한환경의이해,null,1,3,3,null
8,18,267,10559, 미래를위한환경의이해,null,2,3,3,null
8,18,267,11191, 식물의모든것,null,1,3,3,null
8,18,267,11191, 식물의모든것,null,2,3,3,null
8,18,267,10052, 약과건강,null,1,3,3,null
8,18,267,10052, 약과건강,null,2,3,3,null
8,18,267,11102," 에너지의이해,이용,실천",null,1,3,3,null
8,18,267,11102," 에너지의이해,이용,실천",null,2,3,3,null
8,18,267,11257, 에피소드로보는과학철학,null,1,3,3,null
8,18,267,11257, 에피소드로보는과학철학,null,2,3,3,null
8,18,267,10910, 위험판단심리학,null,1,3,3,null
8,18,267,10910, 위험판단심리학,null,2,3,3,null
8,18,267,10104, 응용통계입문,null,1,3,3,null
8,18,267,10104, 응용통계입문,null,2,3,3,null
8,18,267,11336, 인공지능과인간,null,1,3,3,null
8,18,267,11336, 인공지능과인간,null,2,3,3,null
8,18,267,11261, 인공지능시대의정보산업이해,null,1,3,3,null
8,18,267,11261, 인공지능시대의정보산업이해,null,2,3,3,null
8,18,267,11156," 자연과의대화,환경생태",null,1,3,3,null
8,18,267,11156," 자연과의대화,환경생태",null,2,3,3,null
8,18,267,11096, 정보화사회와통계,null,1,3,3,null
8,18,267,11096, 정보화사회와통계,null,2,3,3,null
8,18,267,10135, 지구의역사,null,1,3,3,null
8,18,267,10135, 지구의역사,null,2,3,3,null
8,18,267,11042, 컴퓨터와마음,null,1,3,3,null
8,18,267,11042, 컴퓨터와마음,null,2,3,3,null
8,18,267,11145, 크리에이티브컴퓨팅,null,1,3,3,null
8,18,267,11145, 크리에이티브컴퓨팅,null,2,3,3,null
8,18,267,10164, 현대물리학과인간사고의변혁,null,1,3,3,null
8,18,267,10164, 현대물리학과인간사고의변혁,null,2,3,3,null
8,18,267,11157, 환경재난과국제협력,null,1,3,3,null
8,18,267,11157, 환경재난과국제협력,null,2,3,3,null
8,18,267,11159, General Biology,null,1,3,3,null
8,18,267,11159, General Biology,null,2,3,3,null
8,18,267,11262, 생활속의미생물,null,1,3,3,null
8,18,267,11262, 생활속의미생물,null,2,3,3,null
8,18,267,11187, 빅데이터사회와정보활용,null,1,3,3,null
8,18,267,11187, 빅데이터사회와정보활용,null,2,3,3,null
8,18,267,11264, 세계의자연유산과지오투어리즘,null,1,3,3,null
8,18,267,11264, 세계의자연유산과지오투어리즘,null,2,3,3,null
8,18,267,11098, 주거로보는건축문화,null,1,3,3,null
8,18,267,11098, 주거로보는건축문화,null,2,3,3,null
8,18,268,11208, IT융합설계개론,null,1,3,3,null
8,18,268,11208, IT융합설계개론,null,2,3,3,null
8,18,268,11309, 문제해결과SW프로그래밍,null,1,3,3,null
8,18,268,11309, 문제해결과SW프로그래밍,null,2,3,3,null
8,18,268,11214, 간호와휴머니즘,null,1,3,3,null
8,18,268,11214, 간호와휴머니즘,null,2,3,3,null
8,18,268,11206, 계산의기초와융합적문제해결,null,1,3,3,null
8,18,268,11206, 계산의기초와융합적문제해결,null,2,3,3,null
8,18,268,11207, 과학자를위한기초현대통계학론,null,1,3,3,null
8,18,268,11207, 과학자를위한기초현대통계학론,null,2,3,3,null
8,18,268,11210, 교육커뮤니케이션의이해와실제,null,1,3,3,null
8,18,268,11210, 교육커뮤니케이션의이해와실제,null,2,3,3,null
8,18,268,11212, 글로벌커리어개발과기업가정신,null,1,3,3,null
8,18,268,11212, 글로벌커리어개발과기업가정신,null,2,3,3,null
8,18,268,11204, 논리로과학읽기,null,1,3,3,null
8,18,268,11204, 논리로과학읽기,null,2,3,3,null
8,18,268,11209, 시각적사고를통한일상의문화와트랜드,null,1,3,3,null
8,18,268,11209, 시각적사고를통한일상의문화와트랜드,null,2,3,3,null
8,18,268,11263, 예술과기술,null,1,3,3,null
8,18,268,11263, 예술과기술,null,2,3,3,null
8,18,268,11233, 음악과테크놀로지,null,1,3,3,null
8,18,268,11233, 음악과테크놀로지,null,2,3,3,null
8,18,268,11235, 의료생명분야에서의컴퓨터적사고,null,1,3,3,null
8,18,268,11235, 의료생명분야에서의컴퓨터적사고,null,2,3,3,null
8,18,268,11213, 질병과몸의역사,null,1,3,3,null
8,18,268,11213, 질병과몸의역사,null,2,3,3,null
8,18,268,11205, 컴퓨터과학적인식과문제해결,null,1,3,3,null
8,18,268,11205, 컴퓨터과학적인식과문제해결,null,2,3,3,null
8,18,268,11232, 컴퓨터적사고와이해,null,1,3,3,null
8,18,268,11232, 컴퓨터적사고와이해,null,2,3,3,null
8,18,268,11234, 컴퓨터적사고와조형적활용,null,1,3,3,null
8,18,268,11234, 컴퓨터적사고와조형적활용,null,2,3,3,null
8,18,268,11211, 컴퓨팅적사고와프로그래밍,null,1,3,3,null
8,18,268,11211, 컴퓨팅적사고와프로그래밍,null,2,3,3,null
8,18,268,11215, 통합적분쟁이해와조정,null,1,3,3,null
8,18,268,11215, 통합적분쟁이해와조정,null,2,3,3,null
8,18,268,11260, 기업가정신과기술혁신,null,1,3,3,null
8,19,270,10023, 기독교와세계,1,1,3,3,null
8,19,270,10023, 기독교와세계,1,2,3,3,null
8,19,271,11256, 공존과협력의유토피아,1,1,3,2,null
8,19,271,11256, 공존과협력의유토피아,1,2,3,2,null
8,19,271,11254, 관계의미학:사랑과윤리,1,1,3,2,null
8,19,271,11254, 관계의미학:사랑과윤리,1,2,3,2,null
8,19,271,11095, 나눔리더십,1,1,3,2,null
8,19,271,11095, 나눔리더십,1,2,3,2,null
8,19,271,11253, 나눔의인간학,1,1,3,2,null
8,19,271,11253, 나눔의인간학,1,2,3,2,null
8,19,271,11252, 청춘의자기이해,1,1,3,2,null
8,19,271,11252, 청춘의자기이해,1,2,3,2,null
8,19,271,11255, 호모엠파티쿠스:소통·공감·신뢰,1,1,3,2,null
8,19,271,11255, 호모엠파티쿠스:소통·공감·신뢰,1,2,3,2,null
8,19,272,10021, 우리말과글쓰기,1,1,3,3,null
8,19,272,10021, 우리말과글쓰기,1,2,3,3,null
8,19,273,11094, 고전읽기와글쓰기,1,1,3,2,10021
8,19,273,11094, 고전읽기와글쓰기,1,2,3,2,10021
8,19,273,11250,사이보그와이미지의권력,2,1,3,2,10021
8,19,273,11250,사이보그와이미지의권력,2,2,3,2,10021
8,19,273,11249,역사와철학으로질문던지기,2,1,3,2,10021
8,19,273,11249,역사와철학으로질문던지기,2,1,3,2,10021
8,19,273,11248,읽기와쓰기의다이내미즘,2,2,3,2,10021
8,19,273,11248,읽기와쓰기의다이내미즘,2,1,3,2,10021
8,19,274,10098, 대학영어,1,1,3,3,null
8,19,274,10098, 대학영어,1,2,3,3,null
8,19,274,10099, 고급영어,1,1,3,3,null
8,19,274,10099, 고급영어,1,2,3,3,null
8,19,275,11036, 중국어Ⅰ,1,1,3,2,null
8,19,275,11037, 중국어Ⅱ,1,2,3,2,null
8,19,275,11073, 프랑스어Ⅰ,1,1,3,2,null
8,19,275,11074, 프랑스어Ⅱ,1,2,3,2,null
8,19,275,11033, 독일어Ⅰ,1,1,3,2,null
8,19,275,11034, 독일어Ⅱ,1,2,3,2,null
8,19,275,11091, 일본어Ⅰ,1,1,3,2,null
8,19,275,11092, 일본어Ⅱ,1,2,3,2,null
8,19,275,11066, 스페인어Ⅰ,1,1,3,2,null
8,19,275,11067, 스페인어Ⅱ,1,2,3,2,null
8,19,275,11064, 러시아어Ⅰ,1,1,3,2,null
8,19,275,11065, 러시아어Ⅱ,1,2,3,2,null
8,19,276,11053, 21세기사회와문학의대화,null,1,3,3,null
8,19,276,11053, 21세기사회와문학의대화,null,2,3,3,null
8,19,276,11183, The Story of Human Language,null,1,3,3,null
8,19,276,11183, The Story of Human Language,null,2,3,3,null
8,19,276,11165, Topics in Multiethnic American Literature,null,1,3,3,null
8,19,276,11165, Topics in Multiethnic American Literature,null,2,3,3,null
8,19,276,11112, 다매체시대의비교문학,null,1,3,3,null
8,19,276,11112, 다매체시대의비교문학,null,2,3,3,null
8,19,276,11108, 동아시아문학으로문화읽기,null,1,3,3,null
8,19,276,11108, 동아시아문학으로문화읽기,null,2,3,3,null
8,19,276,11038, 디지털미디어시대의동아시아문자,null,1,3,3,null
8,19,276,11038, 디지털미디어시대의동아시아문자,null,2,3,3,null
8,19,276,10950, 디지털스토리텔링의이해,null,1,3,3,null
8,19,276,10950, 디지털스토리텔링의이해,null,2,3,3,null
8,19,276,10041, 문학과삶,null,1,3,3,null
8,19,276,10041, 문학과삶,null,2,3,3,null
8,19,276,10654, 문학과영화,null,1,3,3,null
8,19,276,10654, 문학과영화,null,2,3,3,null
8,19,276,11148, 문학으로보는사랑의역사,null,1,3,3,null
8,19,276,11148, 문학으로보는사랑의역사,null,2,3,3,null
8,19,276,11184, 문학으로함께배우는매체/이야기,null,1,3,3,null
8,19,276,11184, 문학으로함께배우는매체/이야기,null,2,3,3,null
8,19,276,11146, 문화로읽는현대시의세계,null,1,3,3,null
8,19,276,11146, 문화로읽는현대시의세계,null,1,3,3,null
8,19,276,11147, 사이언스픽션의이해,null,1,3,3,null
8,19,276,11147, 사이언스픽션의이해,null,2,3,3,null
8,19,276,11297, 생태와문학,null,1,3,3,null
8,19,276,11297, 생태와문학,null,2,3,3,null
8,19,276,10768, 신화·상상력·문화,null,1,3,3,null
8,19,276,10768, 신화·상상력·문화,null,2,3,3,null
8,19,276,11109, 여행문학과세계인식,null,1,3,3,null
8,19,276,11109, 여행문학과세계인식,null,2,3,3,null
8,19,276,10882, 인간과언어,null,1,3,3,null
8,19,276,10882, 인간과언어,null,2,3,3,null
8,19,276,11258, 자연과문학,null,1,3,3,null
8,19,276,11258, 자연과문학,null,2,3,3,null
8,19,276,10543, 한국현대시와삶읽기,null,1,3,3,null
8,19,276,10543, 한국현대시와삶읽기,null,2,3,3,null
8,19,276,11134, 현대영어권문학의동향,null,1,3,3,null
8,19,276,11134, 현대영어권문학의동향,null,2,3,3,null
8,19,276,10896, 환상문학의세계,null,1,3,3,null
8,19,276,10896, 환상문학의세계,null,2,3,3,null
8,19,276,11334, Critical and Creative Textual Studies,null,1,3,3,null
8,19,276,11334, Critical and Creative Textual Studies,null,2,3,3,null
8,19,276,11335, Technical Writing and Document Design in English,null,1,3,3,null
8,19,276,11335, Technical Writing and Document Design in English,null,2,3,3,null
8,19,277,11107, 21세기의예술과인간,null,1,3,3,null
8,19,277,11107, 21세기의예술과인간,null,2,3,3,null
8,19,277,11164, Contemporary Photography,null,1,3,3,null
8,19,277,11164, Contemporary Photography,null,2,3,3,null
8,19,277,10018, 국악의이해,null,1,3,3,null
8,19,277,10018, 국악의이해,null,2,3,3,null
8,19,277,10033, 동양미술의이해,null,1,3,3,null
8,19,277,10033, 동양미술의이해,null,2,3,3,null
8,19,277,10778, 디지털매체와예술,null,1,3,3,null
8,19,277,10778, 디지털매체와예술,null,2,3,3,null
8,19,277,10576, 무용의이해,null,1,3,3,null
8,19,277,10576, 무용의이해,null,2,3,3,null
8,19,277,11153, 문화콘텐츠기획의이해,null,1,3,3,null
8,19,277,11153, 문화콘텐츠기획의이해,null,2,3,3,null
8,19,277,11328, 미술로치유하는마음,null,1,3,3,null
8,19,277,11328, 미술로치유하는마음,null,2,3,3,null
8,19,277,11083, 미학과미술,null,1,3,3,null
8,19,277,11083, 미학과미술,null,2,3,3,null
8,19,277,11135, 사물과예술,null,1,3,3,null
8,19,277,11135, 사물과예술,null,2,3,3,null
8,19,277,11329, 색채의이해,null,1,3,3,null
8,19,277,11329, 색채의이해,null,2,3,3,null
8,19,277,10072, 서양미술의이해,null,1,3,3,null
8,19,277,10072, 서양미술의이해,null,2,3,3,null
8,19,277,10073, 서양음악의이해,null,1,3,3,null
8,19,277,10073, 서양음악의이해,null,2,3,3,null
8,19,277,11084, 시각문화로서미술작품읽기,null,1,3,3,null
8,19,277,11084, 시각문화로서미술작품읽기,null,2,3,3,null
8,19,277,10090, 여성과예술,null,1,3,3,null
8,19,277,10090, 여성과예술,null,2,3,3,null
8,19,277,11113, 여성의몸과창조적움직임,null,1,3,3,null
8,19,277,11113, 여성의몸과창조적움직임,null,2,3,3,null
8,19,277,10097, 연극의이론과실제,null,1,3,3,null
8,19,277,10097, 연극의이론과실제,null,2,3,3,null
8,19,277,11110, 예술가와그의시대,null,1,3,3,null
8,19,277,11110, 예술가와그의시대,null,2,3,3,null
8,19,277,10100, 예술과사상,null,1,3,3,null
8,19,277,10100, 예술과사상,null,2,3,3,null
8,19,277,11055, 옛시와그림의만남,null,1,3,3,null
8,19,277,11055, 옛시와그림의만남,null,2,3,3,null
8,19,277,11075, 창조와상상의기술,null,1,3,3,null
8,19,277,11075, 창조와상상의기술,null,2,3,3,null
8,19,277,11035," 퍼포먼스인문학:제의,놀이,연극",null,1,3,3,null
8,19,277,11035," 퍼포먼스인문학:제의,놀이,연극",null,2,3,3,null
8,19,277,10892," 표현,예술,그리고시대정신",null,1,3,3,null
8,19,277,10892," 표현,예술,그리고시대정신",null,2,3,3,null
8,19,277,10152, 한국미술의이해,null,1,3,3,null
8,19,277,10152, 한국미술의이해,null,2,3,3,null
8,19,277,11333," 한국사와상상력,스토리텔링",null,1,3,3,null
8,19,277,11333," 한국사와상상력,스토리텔링",null,2,3,3,null
8,19,277,10883, 한국의문화공간과예술,null,1,3,3,null
8,19,277,10883, 한국의문화공간과예술,null,2,3,3,null
8,19,277,10165, 현대미술사,null,1,3,3,null
8,19,277,10165, 현대미술사,null,2,3,3,null
8,19,277,11330, Reading American Popular Culture in the Digital Age,null,1,3,3,null
8,19,277,11330, Reading American Popular Culture in the Digital Age,null,2,3,3,null
8,19,277,11265, 음악과건강,null,1,3,3,null
8,19,277,11265, 음악과건강,null,2,3,3,null
8,19,277,11116, Introduction to World Music and Culture,null,1,3,3,null
8,19,277,11116, Introduction to World Music and Culture,null,2,3,3,null
8,19,278,11190, The Art of Thinking,null,1,3,3,null
8,19,278,11190, The Art of Thinking,null,2,3,3,null
8,19,278,10545, 근대일본과동아시아,null,1,3,3,null
8,19,278,10545, 근대일본과동아시아,null,2,3,3,null
8,19,278,11046, 동서양의인간이해,null,1,3,3,null
8,19,278,11046, 동서양의인간이해,null,2,3,3,null
8,19,278,10034, 동양철학의이해,null,1,3,3,null
8,19,278,10034, 동양철학의이해,null,2,3,3,null
8,19,278,10769, 모던/포스트모던문화읽기,null,1,3,3,null
8,19,278,10769, 모던/포스트모던문화읽기,null,2,3,3,null
8,19,278,11056, 문화로읽는한국사,null,1,3,3,null
8,19,278,11056, 문화로읽는한국사,null,2,3,3,null
8,19,278,11185, 문화와예술을통해본르네상스역사,null,1,3,3,null
8,19,278,11185, 문화와예술을통해본르네상스역사,null,2,3,3,null
8,19,278,10772, 여성과사회정의,null,1,3,3,null
8,19,278,10772, 여성과사회정의,null,2,3,3,null
8,19,278,11054, 연어프로젝트:한국여성나의뿌리를찾아서 ,null,1,3,3,null
8,19,278,11054, 연어프로젝트:한국여성나의뿌리를찾아서 ,null,2,3,3,null
8,19,278,10108, 인간과종교,null,1,3,3,null
8,19,278,10108, 인간과종교,null,2,3,3,null
8,19,278,11041, 인간과철학적사유,null,1,3,3,null
8,19,278,11041, 인간과철학적사유,null,2,3,3,null
8,19,278,11293, 인물로본중국의역사,null,1,3,3,null
8,19,278,11293, 인물로본중국의역사,null,2,3,3,null
8,19,278,10581, 인물로본한국사,null,1,3,3,null
8,19,278,10581, 인물로본한국사,null,2,3,3,null
8,19,278,11078, 젠더와역사,null,1,3,3,null
8,19,278,11078, 젠더와역사,null,2,3,3,null
8,19,278,10767, 종교와문화,null,1,3,3,null
8,19,278,10767, 종교와문화,null,2,3,3,null
8,19,278,11057, 주제로살펴보는서양근현대사,null,1,3,3,null
8,19,278,11057, 주제로살펴보는서양근현대사,null,2,3,3,null
8,19,278,10544, 중국의역사와문화,null,1,3,3,null
8,19,278,10544, 중국의역사와문화,null,2,3,3,null
8,19,278,11297, 질병치료와백신의역사,null,1,3,3,null
8,19,278,11297, 질병치료와백신의역사,null,2,3,3,null
8,19,278,11189, 철학의은유들,null,1,3,3,null
8,19,278,11189, 철학의은유들,null,2,3,3,null
8,19,278,11045, 패러다임전환과비판이론,null,1,3,3,null
8,19,278,11045, 패러다임전환과비판이론,null,2,3,3,null
8,19,278,10149, 한국근현대사 ,null,1,3,3,null
8,19,278,10149, 한국근현대사 ,null,2,3,3,null
8,19,278,11058, 한국사의새로운이해,null,1,3,3,null
8,19,278,11058, 한국사의새로운이해,null,2,3,3,null
8,19,278,11186, Evolutionary Origin of Humans,null,1,3,3,null
8,19,278,11186, Evolutionary Origin of Humans,null,2,3,3,null
8,19,278,11295, 인공지능시대의과학과종교,null,1,3,3,null
8,19,278,11295, 인공지능시대의과학과종교,null,2,3,3,null
8,19,279,10011, 가족건강과간호,null,1,3,3,null
8,19,279,10011, 가족건강과간호,null,2,3,3,null
8,19,279,10932, 건축으로읽는사회문화사,null,1,3,3,null
8,19,279,10932, 건축으로읽는사회문화사,null,2,3,3,null
8,19,279,10013, 경영과사회,null,1,3,3,null
8,19,279,10013, 경영과사회,null,2,3,3,null
8,19,279,11068, 글로벌사회변동과쟁점지역연구,null,1,3,3,null
8,19,279,11068, 글로벌사회변동과쟁점지역연구,null,2,3,3,null
8,19,279,10913, 글로벌시대의다문화사회,null,1,3,3,null
8,19,279,10913, 글로벌시대의다문화사회,null,2,3,3,null
8,19,279,10914, 글로벌시대의아시아여성,null,1,3,3,null
8,19,279,10914, 글로벌시대의아시아여성,null,2,3,3,null
8,19,279,10091, 노동과젠더,null,1,3,3,null
8,19,279,10091, 노동과젠더,null,2,3,3,null
8,19,279,11332, 도시공간문화로읽는한국사,null,1,3,3,null
8,19,279,11332, 도시공간문화로읽는한국사,null,2,3,3,null
8,19,279,10886, 동양고전의현대적이해,null,1,3,3,null
8,19,279,10886, 동양고전의현대적이해,null,2,3,3,null
8,19,279,11292, 모방과인간,null,1,3,3,null
8,19,279,11292, 모방과인간,null,2,3,3,null
8,19,279,11193, 법과젠더,null,1,3,3,null
8,19,279,11193, 법과젠더,null,2,3,3,null
8,19,279,10549, 북한정치의이해,null,1,3,3,null
8,19,279,10549, 북한정치의이해,null,2,3,3,null
8,19,279,10548, 북한주민의문화와생활,null,1,3,3,null
8,19,279,10548, 북한주민의문화와생활,null,2,3,3,null
8,19,279,10929, 브레인스펙트럼,null,1,3,3,null
8,19,279,10929, 브레인스펙트럼,null,2,3,3,null
8,19,279,10573, 생명윤리와법,null,1,3,3,null
8,19,279,10573, 생명윤리와법,null,2,3,3,null
8,19,279,10074, 성문화연구,null,1,3,3,null
8,19,279,10074, 성문화연구,null,2,3,3,null
8,19,279,10081, 시민생활과법,null,1,3,3,null
8,19,279,10081, 시민생활과법,null,2,3,3,null
8,19,279,10094, 여성학,null,1,3,3,null
8,19,279,10094, 여성학,null,2,3,3,null
8,19,279,11089, 여행과지리:글로벌화의지역탐색,null,1,3,3,null
8,19,279,11089, 여행과지리:글로벌화의지역탐색,null,2,3,3,null
8,19,279,10908, 영상이미지와젠더,null,1,3,3,null
8,19,279,10908, 영상이미지와젠더,null,2,3,3,null
8,19,279,10904, 우리사회의문제와쟁점찾기,null,1,3,3,null
8,19,279,10904, 우리사회의문제와쟁점찾기,null,2,3,3,null
8,19,279,10109, 인간발달과가족,null,1,3,3,null
8,19,279,10109, 인간발달과가족,null,2,3,3,null
8,19,279,10903, 인간발달과문화의다양성,null,1,3,3,null
8,19,279,10903, 인간발달과문화의다양성,null,2,3,3,null
8,19,279,11114, 인간은왜춤을추는가,null,1,3,3,null
8,19,279,11114, 인간은왜춤을추는가,null,2,3,3,null
8,19,279,11103, 인터넷과법,null,1,3,3,null
8,19,279,11103, 인터넷과법,null,2,3,3,null
8,19,279,11104, 죄와벌,null,1,3,3,null
8,19,279,11104, 죄와벌,null,2,3,3,null
8,19,279,10905, 지구촌의사회복지,null,1,3,3,null
8,19,279,10905, 지구촌의사회복지,null,2,3,3,null
8,19,279,11105, 직업세계와법,null,1,3,3,null
8,19,279,11105, 직업세계와법,null,2,3,3,null
8,19,279,11039, 키워드로읽는중국문화,null,1,3,3,null
8,19,279,11039, 키워드로읽는중국문화,null,2,3,3,null
8,19,279,10887, 현대중국의사회와문화,null,1,3,3,null
8,19,279,10887, 현대중국의사회와문화,null,2,3,3,null
8,19,279,11162, Middle Eastern Political Theology: Religious Sources,null,1,3,3,null
8,19,279,11162, Middle Eastern Political Theology: Religious Sources,null,2,3,3,null
8,19,279,11259, SDGs시대글로벌보건협력:개발도상국의보건의료현황과국제사회의지원,null,1,3,3,null
8,19,279,11259, SDGs시대글로벌보건협력:개발도상국의보건의료현황과국제사회의지원,null,2,3,3,null
8,19,279,11161, Social and Cultural Impact of Video Games,null,1,3,3,null
8,19,279,11161, Social and Cultural Impact of Video Games,null,2,3,3,null
8,19,279,11296, 청춘의아픔과치유:행복인문학,null,1,3,3,null
8,19,279,11296, 청춘의아픔과치유:행복인문학,null,2,3,3,null
8,19,279,10181, 환경과인간,null,1,3,3,null
8,19,279,10181, 환경과인간,null,2,3,3,null
8,19,279,11188, Introduction to Ethnic Conflict and Management,null,1,3,3,null
8,19,279,11188, Introduction to Ethnic Conflict and Management,null,2,3,3,null
8,19,279,11163, Literacy in the 21st Century,null,1,3,3,null
8,19,279,11163, Literacy in the 21st Century,null,2,3,3,null
8,19,279,10949, 국제구호와개발협력,null,1,3,3,null
8,19,279,10949, 국제구호와개발협력,null,2,3,3,null
8,19,279,11106, 글로벌시민의이해와리더십,null,1,3,3,null
8,19,279,11106, 글로벌시민의이해와리더십,null,2,3,3,null
8,19,279,10933, 대학생의성건강,null,1,3,3,null
8,19,279,10933, 대학생의성건강,null,2,3,3,null
8,19,279,11308, 데이터로고전읽기,null,1,3,3,null
8,19,279,11308, 데이터로고전읽기,null,2,3,3,null
8,19,279,11079, 장애와사회,null,1,3,3,null
8,19,279,11079, 장애와사회,null,2,3,3,null
8,19,280,11154, 사물인터넷개론,null,1,3,3,null
8,19,280,11154, 사물인터넷개론,null,2,3,3,null
8,19,280,10556, 인터넷과소셜컴퓨팅,null,1,3,3,null
8,19,280,10556, 인터넷과소셜컴퓨팅,null,2,3,3,null
8,19,280,11160, 정보기술과미래사회,null,1,3,3,null
8,19,280,11160, 정보기술과미래사회,null,2,3,3,null
8,19,280,10123, 정보사회와인터넷윤리,null,1,3,3,null
8,19,280,10123, 정보사회와인터넷윤리,null,2,3,3,null
8,19,280,10930, Behavior of Animals,null,1,3,3,null
8,19,280,10930, Behavior of Animals,null,2,3,3,null
8,19,280,11111, SF영화로배우는철학,null,1,3,3,null
8,19,280,11111, SF영화로배우는철학,null,2,3,3,null
8,19,280,11155, 과학과허구,null,1,3,3,null
8,19,280,11155, 과학과허구,null,2,3,3,null
8,19,280,11101, 과학과문화의커뮤니케이션,null,1,3,3,null
8,19,280,11101, 과학과문화의커뮤니케이션,null,2,3,3,null
8,19,280,11043, 글로벌사회의기록과정보,null,1,3,3,null
8,19,280,11043, 글로벌사회의기록과정보,null,2,3,3,null
8,19,280,10776, 글로벌시민을위한과학소양,null,1,3,3,null
8,19,280,10776, 글로벌시민을위한과학소양,null,2,3,3,null
8,19,280,11044, 디지털네이티브와검색엔진,null,1,3,3,null
8,19,280,11044, 디지털네이티브와검색엔진,null,2,3,3,null
8,19,280,11152, 모바일멀티미디어프로그래밍,null,1,3,3,null
8,19,280,11152, 모바일멀티미디어프로그래밍,null,2,3,3,null
8,19,280,10559, 미래를위한환경의이해,null,1,3,3,null
8,19,280,10559, 미래를위한환경의이해,null,2,3,3,null
8,19,280,11191, 식물의모든것,null,1,3,3,null
8,19,280,11191, 식물의모든것,null,2,3,3,null
8,19,280,10052, 약과건강,null,1,3,3,null
8,19,280,10052, 약과건강,null,2,3,3,null
8,19,280,11102," 에너지의이해,이용,실천",null,1,3,3,null
8,19,280,11102," 에너지의이해,이용,실천",null,2,3,3,null
8,19,280,11257, 에피소드로보는과학철학,null,1,3,3,null
8,19,280,11257, 에피소드로보는과학철학,null,2,3,3,null
8,19,280,10910, 위험판단심리학,null,1,3,3,null
8,19,280,10910, 위험판단심리학,null,2,3,3,null
8,19,280,10104, 응용통계입문,null,1,3,3,null
8,19,280,10104, 응용통계입문,null,2,3,3,null
8,19,280,11336, 인공지능과인간,null,1,3,3,null
8,19,280,11336, 인공지능과인간,null,2,3,3,null
8,19,280,11261, 인공지능시대의정보산업이해,null,1,3,3,null
8,19,280,11261, 인공지능시대의정보산업이해,null,2,3,3,null
8,19,280,11156," 자연과의대화,환경생태",null,1,3,3,null
8,19,280,11156," 자연과의대화,환경생태",null,2,3,3,null
8,19,280,11096, 정보화사회와통계,null,1,3,3,null
8,19,280,11096, 정보화사회와통계,null,2,3,3,null
8,19,280,10135, 지구의역사,null,1,3,3,null
8,19,280,10135, 지구의역사,null,2,3,3,null
8,19,280,11042, 컴퓨터와마음,null,1,3,3,null
8,19,280,11042, 컴퓨터와마음,null,2,3,3,null
8,19,280,11145, 크리에이티브컴퓨팅,null,1,3,3,null
8,19,280,11145, 크리에이티브컴퓨팅,null,2,3,3,null
8,19,280,10164, 현대물리학과인간사고의변혁,null,1,3,3,null
8,19,280,10164, 현대물리학과인간사고의변혁,null,2,3,3,null
8,19,280,11157, 환경재난과국제협력,null,1,3,3,null
8,19,280,11157, 환경재난과국제협력,null,2,3,3,null
8,19,280,11159, General Biology,null,1,3,3,null
8,19,280,11159, General Biology,null,2,3,3,null
8,19,280,11262, 생활속의미생물,null,1,3,3,null
8,19,280,11262, 생활속의미생물,null,2,3,3,null
8,19,280,11187, 빅데이터사회와정보활용,null,1,3,3,null
8,19,280,11187, 빅데이터사회와정보활용,null,2,3,3,null
8,19,280,11264, 세계의자연유산과지오투어리즘,null,1,3,3,null
8,19,280,11264, 세계의자연유산과지오투어리즘,null,2,3,3,null
8,19,280,11098, 주거로보는건축문화,null,1,3,3,null
8,19,280,11098, 주거로보는건축문화,null,2,3,3,null
8,19,281,11208, IT융합설계개론,null,1,3,3,null
8,19,281,11208, IT융합설계개론,null,2,3,3,null
8,19,281,11309, 문제해결과SW프로그래밍,null,1,3,3,null
8,19,281,11309, 문제해결과SW프로그래밍,null,2,3,3,null
8,19,281,11214, 간호와휴머니즘,null,1,3,3,null
8,19,281,11214, 간호와휴머니즘,null,2,3,3,null
8,19,281,11206, 계산의기초와융합적문제해결,null,1,3,3,null
8,19,281,11206, 계산의기초와융합적문제해결,null,2,3,3,null
8,19,281,11207, 과학자를위한기초현대통계학론,null,1,3,3,null
8,19,281,11207, 과학자를위한기초현대통계학론,null,2,3,3,null
8,19,281,11210, 교육커뮤니케이션의이해와실제,null,1,3,3,null
8,19,281,11210, 교육커뮤니케이션의이해와실제,null,2,3,3,null
8,19,281,11212, 글로벌커리어개발과기업가정신,null,1,3,3,null
8,19,281,11212, 글로벌커리어개발과기업가정신,null,2,3,3,null
8,19,281,11204, 논리로과학읽기,null,1,3,3,null
8,19,281,11204, 논리로과학읽기,null,2,3,3,null
8,19,281,11209, 시각적사고를통한일상의문화와트랜드,null,1,3,3,null
8,19,281,11209, 시각적사고를통한일상의문화와트랜드,null,2,3,3,null
8,19,281,11263, 예술과기술,null,1,3,3,null
8,19,281,11263, 예술과기술,null,2,3,3,null
8,19,281,11233, 음악과테크놀로지,null,1,3,3,null
8,19,281,11233, 음악과테크놀로지,null,2,3,3,null
8,19,281,11235, 의료생명분야에서의컴퓨터적사고,null,1,3,3,null
8,19,281,11235, 의료생명분야에서의컴퓨터적사고,null,2,3,3,null
8,19,281,11213, 질병과몸의역사,null,1,3,3,null
8,19,281,11213, 질병과몸의역사,null,2,3,3,null
8,19,281,11205, 컴퓨터과학적인식과문제해결,null,1,3,3,null
8,19,281,11205, 컴퓨터과학적인식과문제해결,null,2,3,3,null
8,19,281,11232, 컴퓨터적사고와이해,null,1,3,3,null
8,19,281,11232, 컴퓨터적사고와이해,null,2,3,3,null
8,19,281,11234, 컴퓨터적사고와조형적활용,null,1,3,3,null
8,19,281,11234, 컴퓨터적사고와조형적활용,null,2,3,3,null
8,19,281,11211, 컴퓨팅적사고와프로그래밍,null,1,3,3,null
8,19,281,11211, 컴퓨팅적사고와프로그래밍,null,2,3,3,null
8,19,281,11215, 통합적분쟁이해와조정,null,1,3,3,null
8,19,281,11215, 통합적분쟁이해와조정,null,2,3,3,null
8,19,281,11260, 기업가정신과기술혁신,null,1,3,3,null
8,18,269,33492,세계종교와한국종교,1,1,3,3,null
8,18,269,35160,신약성서의세계,1,1,3,3,null
8,18,269,33491,인간관계와자아발달,1,1,3,3,null
8,18,269,33549,구약성서의세계,1,2,3,3,null
8,18,269,35161,조직신학입문,1,2,3,3,null
8,18,269,20170,기독교윤리와사회문제,2,1,3,3,null
8,18,269,20173,복음서연구,2,1,3,3,null
8,18,269,33658,성서히브리어,2,1,3,3,null
8,18,269,33657,세계기독교역사,2,1,3,3,null
8,18,269,36836,예배학,2,1,3,3,null
8,18,269,33659,기독교교육학,2,2,3,3,null
8,18,269,33661,성서희랍어,2,2,3,3,null
8,18,269,33660,예언자연구,2,2,3,3,null
8,18,269,35162,현대신학,2,2,3,3,null
8,18,269,38148,기독전공설계심화1,3,1,null,3,null
8,18,269,38149,기독전공설계심화2,3,1,null,3,null
8,18,269,38150,기독전공설계심화3,3,1,null,3,null
8,18,269,38148,기독전공설계심화1,3,2,null,3,null
8,18,269,38149,기독전공설계심화2,3,2,null,3,null
8,18,269,38150,기독전공설계심화3,3,2,null,3,null
8,18,269,37729,에큐메니컬현장실습1,3,1,null,1,null
8,18,269,37730,에큐메니컬현장실습2,3,1,null,2,null
8,18,269,37731,에큐메니컬현장실습3,3,1,null,3,null
8,18,269,37729,에큐메니컬현장실습1,3,2,null,1,null
8,18,269,37730,에큐메니컬현장실습2,3,2,null,2,null
8,18,269,37731,에큐메니컬현장실습3,3,2,null,3,null
8,18,269,33663,기독교신학과현대사상,3,1,3,3,null
8,18,269,35163,기독교윤리사상사,3,1,3,3,null
8,18,269,33662,성서교육방법,3,1,3,3,null
8,18,269,20184,오경연구,3,1,3,3,null
8,18,269,20192,한국기독교사,3,1,3,3,null
8,18,269,34366,기독교사상사,3,2,3,3,null
8,18,269,20171,기독교윤리학,3,2,3,3,null
8,18,269,33259,목회상담학의이론과실제,3,2,3,3,null
8,18,269,33666,바울연구,3,2,3,3,null
8,18,269,20182,여성신학과종교문화캡스톤디자인,3,2,3,3,null
8,18,269,36837,한국사상과기독교윤리,3,2,3,3,null
8,18,269,30187,구약신학,4,1,3,3,null
8,18,269,20167,기독교교육커리큘럼,4,1,3,3,null
8,18,269,30189,신약성서와젠더,4,1,3,3,null
8,18,269,35164,철학과종교,4,1,3,3,null
8,18,269,38151,동아시아교회사,4,2,3,3,null
8,18,269,35167,발달이론과종교교육,4,2,3,3,null
8,18,269,20174,선교신학,4,2,3,3,null
8,18,269,36838,예배문화예술캡스톤디자인,4,2,3,3,null
8,18,269,35165,종교와심리학,4,2,3,3,null
8,18,269,35719,Religions of Asia,null,1,3,3,null
8,18,269,35719,Religions of Asia,null,2,3,3,null
8,18,269,35718,Religions of Korea,null,1,3,3,null
8,18,269,35718,Religions of Korea,null,2,3,3,null
8,19,282,33492,세계종교와한국종교,1,1,3,3,null
8,19,282,35160,신약성서의세계,1,1,3,3,null
8,19,282,33491,인간관계와자아발달,1,1,3,3,null
8,19,282,33549,구약성서의세계,1,2,3,3,null
8,19,282,35161,조직신학입문,1,2,3,3,null
8,19,282,20170,기독교윤리와사회문제,2,1,3,3,null
8,19,282,20173,복음서연구,2,1,3,3,null
8,19,282,33658,성서히브리어,2,1,3,3,null
8,19,282,33657,세계기독교역사,2,1,3,3,null
8,19,282,36836,예배학,2,1,3,3,null
8,19,282,33659,기독교교육학,2,2,3,3,null
8,19,282,33661,성서희랍어,2,2,3,3,null
8,19,282,33660,예언자연구,2,2,3,3,null
8,19,282,35162,현대신학,2,2,3,3,null
8,19,282,38148,기독전공설계심화1,3,1,null,3,null
8,19,282,38149,기독전공설계심화2,3,1,null,3,null
8,19,282,38150,기독전공설계심화3,3,1,null,3,null
8,19,282,38148,기독전공설계심화1,3,2,null,3,null
8,19,282,38149,기독전공설계심화2,3,2,null,3,null
8,19,282,38150,기독전공설계심화3,3,2,null,3,null
8,19,282,37729,에큐메니컬현장실습1,3,1,null,1,null
8,19,282,37730,에큐메니컬현장실습2,3,1,null,2,null
8,19,282,37731,에큐메니컬현장실습3,3,1,null,3,null
8,19,282,37729,에큐메니컬현장실습1,3,2,null,1,null
8,19,282,37730,에큐메니컬현장실습2,3,2,null,2,null
8,19,282,37731,에큐메니컬현장실습3,3,2,null,3,null
8,19,282,33663,기독교신학과현대사상,3,1,3,3,null
8,19,282,35163,기독교윤리사상사,3,1,3,3,null
8,19,282,33662,성서교육방법,3,1,3,3,null
8,19,282,20184,오경연구,3,1,3,3,null
8,19,282,20192,한국기독교사,3,1,3,3,null
8,19,282,34366,기독교사상사,3,2,3,3,null
8,19,282,20171,기독교윤리학,3,2,3,3,null
8,19,282,33259,목회상담학의이론과실제,3,2,3,3,null
8,19,282,33666,바울연구,3,2,3,3,null
8,19,282,20182,여성신학과종교문화캡스톤디자인,3,2,3,3,null
8,19,282,36837,한국사상과기독교윤리,3,2,3,3,null
8,19,282,30187,구약신학,4,1,3,3,null
8,19,282,20167,기독교교육커리큘럼,4,1,3,3,null
8,19,282,30189,신약성서와젠더,4,1,3,3,null
8,19,282,35164,철학과종교,4,1,3,3,null
8,19,282,38151,동아시아교회사,4,2,3,3,null
8,19,282,35167,발달이론과종교교육,4,2,3,3,null
8,19,282,20174,선교신학,4,2,3,3,null
8,19,282,36838,예배문화예술캡스톤디자인,4,2,3,3,null
8,19,282,35165,종교와심리학,4,2,3,3,null
8,19,282,35719,Religions of Asia,null,1,3,3,null
8,19,282,35719,Religions of Asia,null,2,3,3,null
8,19,282,35718,Religions of Korea,null,1,3,3,null
8,19,282,35718,Religions of Korea,null,2,3,3,null
3,18,283,10023, 기독교와세계,1,1,3,3,null
3,18,283,10023, 기독교와세계,1,2,3,3,null
3,18,284,11256, 공존과협력의유토피아,1,1,3,2,null
3,18,284,11256, 공존과협력의유토피아,1,2,3,2,null
3,18,284,11254, 관계의미학:사랑과윤리,1,1,3,2,null
3,18,284,11254, 관계의미학:사랑과윤리,1,2,3,2,null
3,18,284,11095, 나눔리더십,1,1,3,2,null
3,18,284,11095, 나눔리더십,1,2,3,2,null
3,18,284,11253, 나눔의인간학,1,1,3,2,null
3,18,284,11253, 나눔의인간학,1,2,3,2,null
3,18,284,11252, 청춘의자기이해,1,1,3,2,null
3,18,284,11252, 청춘의자기이해,1,2,3,2,null
3,18,284,11255, 호모엠파티쿠스:소통·공감·신뢰,1,1,3,2,null
3,18,284,11255, 호모엠파티쿠스:소통·공감·신뢰,1,2,3,2,null
3,18,285,10021, 우리말과글쓰기,1,1,3,3,null
3,18,285,10021, 우리말과글쓰기,1,2,3,3,null
3,18,286,11094, 고전읽기와글쓰기,1,1,3,2,10021
3,18,286,11094, 고전읽기와글쓰기,1,2,3,2,10021
3,18,286,11250,사이보그와이미지의권력,2,1,3,2,10021
3,18,286,11250,사이보그와이미지의권력,2,2,3,2,10021
3,18,286,11249,역사와철학으로질문던지기,2,1,3,2,10021
3,18,286,11249,역사와철학으로질문던지기,2,1,3,2,10021
3,18,286,11248,읽기와쓰기의다이내미즘,2,2,3,2,10021
3,18,286,11248,읽기와쓰기의다이내미즘,2,1,3,2,10021
3,18,287,10098, 대학영어,1,1,3,3,null
3,18,287,10098, 대학영어,1,2,3,3,null
3,18,287,10099, 고급영어,1,1,3,3,null
3,18,287,10099, 고급영어,1,2,3,3,null
3,18,288,11036, 중국어Ⅰ,1,1,3,2,null
3,18,288,11037, 중국어Ⅱ,1,2,3,2,null
3,18,288,11073, 프랑스어Ⅰ,1,1,3,2,null
3,18,288,11074, 프랑스어Ⅱ,1,2,3,2,null
3,18,288,11033, 독일어Ⅰ,1,1,3,2,null
3,18,288,11034, 독일어Ⅱ,1,2,3,2,null
3,18,288,11091, 일본어Ⅰ,1,1,3,2,null
3,18,288,11092, 일본어Ⅱ,1,2,3,2,null
3,18,288,11066, 스페인어Ⅰ,1,1,3,2,null
3,18,288,11067, 스페인어Ⅱ,1,2,3,2,null
3,18,288,11064, 러시아어Ⅰ,1,1,3,2,null
3,18,288,11065, 러시아어Ⅱ,1,2,3,2,null
3,18,289,11053, 21세기사회와문학의대화,null,1,3,3,null
3,18,289,11053, 21세기사회와문학의대화,null,2,3,3,null
3,18,289,11183, The Story of Human Language,null,1,3,3,null
3,18,289,11183, The Story of Human Language,null,2,3,3,null
3,18,289,11165, Topics in Multiethnic American Literature,null,1,3,3,null
3,18,289,11165, Topics in Multiethnic American Literature,null,2,3,3,null
3,18,289,11112, 다매체시대의비교문학,null,1,3,3,null
3,18,289,11112, 다매체시대의비교문학,null,2,3,3,null
3,18,289,11108, 동아시아문학으로문화읽기,null,1,3,3,null
3,18,289,11108, 동아시아문학으로문화읽기,null,2,3,3,null
3,18,289,11038, 디지털미디어시대의동아시아문자,null,1,3,3,null
3,18,289,11038, 디지털미디어시대의동아시아문자,null,2,3,3,null
3,18,289,10950, 디지털스토리텔링의이해,null,1,3,3,null
3,18,289,10950, 디지털스토리텔링의이해,null,2,3,3,null
3,18,289,10041, 문학과삶,null,1,3,3,null
3,18,289,10041, 문학과삶,null,2,3,3,null
3,18,289,10654, 문학과영화,null,1,3,3,null
3,18,289,10654, 문학과영화,null,2,3,3,null
3,18,289,11148, 문학으로보는사랑의역사,null,1,3,3,null
3,18,289,11148, 문학으로보는사랑의역사,null,2,3,3,null
3,18,289,11184, 문학으로함께배우는매체/이야기,null,1,3,3,null
3,18,289,11184, 문학으로함께배우는매체/이야기,null,2,3,3,null
3,18,289,11146, 문화로읽는현대시의세계,null,1,3,3,null
3,18,289,11146, 문화로읽는현대시의세계,null,1,3,3,null
3,18,289,11147, 사이언스픽션의이해,null,1,3,3,null
3,18,289,11147, 사이언스픽션의이해,null,2,3,3,null
3,18,289,11297, 생태와문학,null,1,3,3,null
3,18,289,11297, 생태와문학,null,2,3,3,null
3,18,289,10768, 신화·상상력·문화,null,1,3,3,null
3,18,289,10768, 신화·상상력·문화,null,2,3,3,null
3,18,289,11109, 여행문학과세계인식,null,1,3,3,null
3,18,289,11109, 여행문학과세계인식,null,2,3,3,null
3,18,289,10882, 인간과언어,null,1,3,3,null
3,18,289,10882, 인간과언어,null,2,3,3,null
3,18,289,11258, 자연과문학,null,1,3,3,null
3,18,289,11258, 자연과문학,null,2,3,3,null
3,18,289,10543, 한국현대시와삶읽기,null,1,3,3,null
3,18,289,10543, 한국현대시와삶읽기,null,2,3,3,null
3,18,289,11134, 현대영어권문학의동향,null,1,3,3,null
3,18,289,11134, 현대영어권문학의동향,null,2,3,3,null
3,18,289,10896, 환상문학의세계,null,1,3,3,null
3,18,289,10896, 환상문학의세계,null,2,3,3,null
3,18,289,11334, Critical and Creative Textual Studies,null,1,3,3,null
3,18,289,11334, Critical and Creative Textual Studies,null,2,3,3,null
3,18,289,11335, Technical Writing and Document Design in English,null,1,3,3,null
3,18,289,11335, Technical Writing and Document Design in English,null,2,3,3,null
3,18,290,11107, 21세기의예술과인간,null,1,3,3,null
3,18,290,11107, 21세기의예술과인간,null,2,3,3,null
3,18,290,11164, Contemporary Photography,null,1,3,3,null
3,18,290,11164, Contemporary Photography,null,2,3,3,null
3,18,290,10018, 국악의이해,null,1,3,3,null
3,18,290,10018, 국악의이해,null,2,3,3,null
3,18,290,10033, 동양미술의이해,null,1,3,3,null
3,18,290,10033, 동양미술의이해,null,2,3,3,null
3,18,290,10778, 디지털매체와예술,null,1,3,3,null
3,18,290,10778, 디지털매체와예술,null,2,3,3,null
3,18,290,10576, 무용의이해,null,1,3,3,null
3,18,290,10576, 무용의이해,null,2,3,3,null
3,18,290,11153, 문화콘텐츠기획의이해,null,1,3,3,null
3,18,290,11153, 문화콘텐츠기획의이해,null,2,3,3,null
3,18,290,11328, 미술로치유하는마음,null,1,3,3,null
3,18,290,11328, 미술로치유하는마음,null,2,3,3,null
3,18,290,11083, 미학과미술,null,1,3,3,null
3,18,290,11083, 미학과미술,null,2,3,3,null
3,18,290,11135, 사물과예술,null,1,3,3,null
3,18,290,11135, 사물과예술,null,2,3,3,null
3,18,290,11329, 색채의이해,null,1,3,3,null
3,18,290,11329, 색채의이해,null,2,3,3,null
3,18,290,10072, 서양미술의이해,null,1,3,3,null
3,18,290,10072, 서양미술의이해,null,2,3,3,null
3,18,290,10073, 서양음악의이해,null,1,3,3,null
3,18,290,10073, 서양음악의이해,null,2,3,3,null
3,18,290,11084, 시각문화로서미술작품읽기,null,1,3,3,null
3,18,290,11084, 시각문화로서미술작품읽기,null,2,3,3,null
3,18,290,10090, 여성과예술,null,1,3,3,null
3,18,290,10090, 여성과예술,null,2,3,3,null
3,18,290,11113, 여성의몸과창조적움직임,null,1,3,3,null
3,18,290,11113, 여성의몸과창조적움직임,null,2,3,3,null
3,18,290,10097, 연극의이론과실제,null,1,3,3,null
3,18,290,10097, 연극의이론과실제,null,2,3,3,null
3,18,290,11110, 예술가와그의시대,null,1,3,3,null
3,18,290,11110, 예술가와그의시대,null,2,3,3,null
3,18,290,10100, 예술과사상,null,1,3,3,null
3,18,290,10100, 예술과사상,null,2,3,3,null
3,18,290,11055, 옛시와그림의만남,null,1,3,3,null
3,18,290,11055, 옛시와그림의만남,null,2,3,3,null
3,18,290,11075, 창조와상상의기술,null,1,3,3,null
3,18,290,11075, 창조와상상의기술,null,2,3,3,null
3,18,290,11035," 퍼포먼스인문학:제의,놀이,연극",null,1,3,3,null
3,18,290,11035," 퍼포먼스인문학:제의,놀이,연극",null,2,3,3,null
3,18,290,10892," 표현,예술,그리고시대정신",null,1,3,3,null
3,18,290,10892," 표현,예술,그리고시대정신",null,2,3,3,null
3,18,290,10152, 한국미술의이해,null,1,3,3,null
3,18,290,10152, 한국미술의이해,null,2,3,3,null
3,18,290,11333," 한국사와상상력,스토리텔링",null,1,3,3,null
3,18,290,11333," 한국사와상상력,스토리텔링",null,2,3,3,null
3,18,290,10883, 한국의문화공간과예술,null,1,3,3,null
3,18,290,10883, 한국의문화공간과예술,null,2,3,3,null
3,18,290,10165, 현대미술사,null,1,3,3,null
3,18,290,10165, 현대미술사,null,2,3,3,null
3,18,290,11330, Reading American Popular Culture in the Digital Age,null,1,3,3,null
3,18,290,11330, Reading American Popular Culture in the Digital Age,null,2,3,3,null
3,18,290,11265, 음악과건강,null,1,3,3,null
3,18,290,11265, 음악과건강,null,2,3,3,null
3,18,290,11116, Introduction to World Music and Culture,null,1,3,3,null
3,18,290,11116, Introduction to World Music and Culture,null,2,3,3,null
3,18,291,11190, The Art of Thinking,null,1,3,3,null
3,18,291,11190, The Art of Thinking,null,2,3,3,null
3,18,291,10545, 근대일본과동아시아,null,1,3,3,null
3,18,291,10545, 근대일본과동아시아,null,2,3,3,null
3,18,291,11046, 동서양의인간이해,null,1,3,3,null
3,18,291,11046, 동서양의인간이해,null,2,3,3,null
3,18,291,10034, 동양철학의이해,null,1,3,3,null
3,18,291,10034, 동양철학의이해,null,2,3,3,null
3,18,291,10769, 모던/포스트모던문화읽기,null,1,3,3,null
3,18,291,10769, 모던/포스트모던문화읽기,null,2,3,3,null
3,18,291,11056, 문화로읽는한국사,null,1,3,3,null
3,18,291,11056, 문화로읽는한국사,null,2,3,3,null
3,18,291,11185, 문화와예술을통해본르네상스역사,null,1,3,3,null
3,18,291,11185, 문화와예술을통해본르네상스역사,null,2,3,3,null
3,18,291,10772, 여성과사회정의,null,1,3,3,null
3,18,291,10772, 여성과사회정의,null,2,3,3,null
3,18,291,11054, 연어프로젝트:한국여성나의뿌리를찾아서 ,null,1,3,3,null
3,18,291,11054, 연어프로젝트:한국여성나의뿌리를찾아서 ,null,2,3,3,null
3,18,291,10108, 인간과종교,null,1,3,3,null
3,18,291,10108, 인간과종교,null,2,3,3,null
3,18,291,11041, 인간과철학적사유,null,1,3,3,null
3,18,291,11041, 인간과철학적사유,null,2,3,3,null
3,18,291,11293, 인물로본중국의역사,null,1,3,3,null
3,18,291,11293, 인물로본중국의역사,null,2,3,3,null
3,18,291,10581, 인물로본한국사,null,1,3,3,null
3,18,291,10581, 인물로본한국사,null,2,3,3,null
3,18,291,11078, 젠더와역사,null,1,3,3,null
3,18,291,11078, 젠더와역사,null,2,3,3,null
3,18,291,10767, 종교와문화,null,1,3,3,null
3,18,291,10767, 종교와문화,null,2,3,3,null
3,18,291,11057, 주제로살펴보는서양근현대사,null,1,3,3,null
3,18,291,11057, 주제로살펴보는서양근현대사,null,2,3,3,null
3,18,291,10544, 중국의역사와문화,null,1,3,3,null
3,18,291,10544, 중국의역사와문화,null,2,3,3,null
3,18,291,11297, 질병치료와백신의역사,null,1,3,3,null
3,18,291,11297, 질병치료와백신의역사,null,2,3,3,null
3,18,291,11189, 철학의은유들,null,1,3,3,null
3,18,291,11189, 철학의은유들,null,2,3,3,null
3,18,291,11045, 패러다임전환과비판이론,null,1,3,3,null
3,18,291,11045, 패러다임전환과비판이론,null,2,3,3,null
3,18,291,10149, 한국근현대사 ,null,1,3,3,null
3,18,291,10149, 한국근현대사 ,null,2,3,3,null
3,18,291,11058, 한국사의새로운이해,null,1,3,3,null
3,18,291,11058, 한국사의새로운이해,null,2,3,3,null
3,18,291,11186, Evolutionary Origin of Humans,null,1,3,3,null
3,18,291,11186, Evolutionary Origin of Humans,null,2,3,3,null
3,18,291,11295, 인공지능시대의과학과종교,null,1,3,3,null
3,18,291,11295, 인공지능시대의과학과종교,null,2,3,3,null
3,18,292,10011, 가족건강과간호,null,1,3,3,null
3,18,292,10011, 가족건강과간호,null,2,3,3,null
3,18,292,10932, 건축으로읽는사회문화사,null,1,3,3,null
3,18,292,10932, 건축으로읽는사회문화사,null,2,3,3,null
3,18,292,10013, 경영과사회,null,1,3,3,null
3,18,292,10013, 경영과사회,null,2,3,3,null
3,18,292,11068, 글로벌사회변동과쟁점지역연구,null,1,3,3,null
3,18,292,11068, 글로벌사회변동과쟁점지역연구,null,2,3,3,null
3,18,292,10913, 글로벌시대의다문화사회,null,1,3,3,null
3,18,292,10913, 글로벌시대의다문화사회,null,2,3,3,null
3,18,292,10914, 글로벌시대의아시아여성,null,1,3,3,null
3,18,292,10914, 글로벌시대의아시아여성,null,2,3,3,null
3,18,292,10091, 노동과젠더,null,1,3,3,null
3,18,292,10091, 노동과젠더,null,2,3,3,null
3,18,292,11332, 도시공간문화로읽는한국사,null,1,3,3,null
3,18,292,11332, 도시공간문화로읽는한국사,null,2,3,3,null
3,18,292,10886, 동양고전의현대적이해,null,1,3,3,null
3,18,292,10886, 동양고전의현대적이해,null,2,3,3,null
3,18,292,11292, 모방과인간,null,1,3,3,null
3,18,292,11292, 모방과인간,null,2,3,3,null
3,18,292,11193, 법과젠더,null,1,3,3,null
3,18,292,11193, 법과젠더,null,2,3,3,null
3,18,292,10549, 북한정치의이해,null,1,3,3,null
3,18,292,10549, 북한정치의이해,null,2,3,3,null
3,18,292,10548, 북한주민의문화와생활,null,1,3,3,null
3,18,292,10548, 북한주민의문화와생활,null,2,3,3,null
3,18,292,10929, 브레인스펙트럼,null,1,3,3,null
3,18,292,10929, 브레인스펙트럼,null,2,3,3,null
3,18,292,10573, 생명윤리와법,null,1,3,3,null
3,18,292,10573, 생명윤리와법,null,2,3,3,null
3,18,292,10074, 성문화연구,null,1,3,3,null
3,18,292,10074, 성문화연구,null,2,3,3,null
3,18,292,10081, 시민생활과법,null,1,3,3,null
3,18,292,10081, 시민생활과법,null,2,3,3,null
3,18,292,10094, 여성학,null,1,3,3,null
3,18,292,10094, 여성학,null,2,3,3,null
3,18,292,11089, 여행과지리:글로벌화의지역탐색,null,1,3,3,null
3,18,292,11089, 여행과지리:글로벌화의지역탐색,null,2,3,3,null
3,18,292,10908, 영상이미지와젠더,null,1,3,3,null
3,18,292,10908, 영상이미지와젠더,null,2,3,3,null
3,18,292,10904, 우리사회의문제와쟁점찾기,null,1,3,3,null
3,18,292,10904, 우리사회의문제와쟁점찾기,null,2,3,3,null
3,18,292,10109, 인간발달과가족,null,1,3,3,null
3,18,292,10109, 인간발달과가족,null,2,3,3,null
3,18,292,10903, 인간발달과문화의다양성,null,1,3,3,null
3,18,292,10903, 인간발달과문화의다양성,null,2,3,3,null
3,18,292,11114, 인간은왜춤을추는가,null,1,3,3,null
3,18,292,11114, 인간은왜춤을추는가,null,2,3,3,null
3,18,292,11103, 인터넷과법,null,1,3,3,null
3,18,292,11103, 인터넷과법,null,2,3,3,null
3,18,292,11104, 죄와벌,null,1,3,3,null
3,18,292,11104, 죄와벌,null,2,3,3,null
3,18,292,10905, 지구촌의사회복지,null,1,3,3,null
3,18,292,10905, 지구촌의사회복지,null,2,3,3,null
3,18,292,11105, 직업세계와법,null,1,3,3,null
3,18,292,11105, 직업세계와법,null,2,3,3,null
3,18,292,11039, 키워드로읽는중국문화,null,1,3,3,null
3,18,292,11039, 키워드로읽는중국문화,null,2,3,3,null
3,18,292,10887, 현대중국의사회와문화,null,1,3,3,null
3,18,292,10887, 현대중국의사회와문화,null,2,3,3,null
3,18,292,11162, Middle Eastern Political Theology: Religious Sources,null,1,3,3,null
3,18,292,11162, Middle Eastern Political Theology: Religious Sources,null,2,3,3,null
3,18,292,11259, SDGs시대글로벌보건협력:개발도상국의보건의료현황과국제사회의지원,null,1,3,3,null
3,18,292,11259, SDGs시대글로벌보건협력:개발도상국의보건의료현황과국제사회의지원,null,2,3,3,null
3,18,292,11161, Social and Cultural Impact of Video Games,null,1,3,3,null
3,18,292,11161, Social and Cultural Impact of Video Games,null,2,3,3,null
3,18,292,11296, 청춘의아픔과치유:행복인문학,null,1,3,3,null
3,18,292,11296, 청춘의아픔과치유:행복인문학,null,2,3,3,null
3,18,292,10181, 환경과인간,null,1,3,3,null
3,18,292,10181, 환경과인간,null,2,3,3,null
3,18,292,11188, Introduction to Ethnic Conflict and Management,null,1,3,3,null
3,18,292,11188, Introduction to Ethnic Conflict and Management,null,2,3,3,null
3,18,292,11163, Literacy in the 21st Century,null,1,3,3,null
3,18,292,11163, Literacy in the 21st Century,null,2,3,3,null
3,18,292,10949, 국제구호와개발협력,null,1,3,3,null
3,18,292,10949, 국제구호와개발협력,null,2,3,3,null
3,18,292,11106, 글로벌시민의이해와리더십,null,1,3,3,null
3,18,292,11106, 글로벌시민의이해와리더십,null,2,3,3,null
3,18,292,10933, 대학생의성건강,null,1,3,3,null
3,18,292,10933, 대학생의성건강,null,2,3,3,null
3,18,292,11308, 데이터로고전읽기,null,1,3,3,null
3,18,292,11308, 데이터로고전읽기,null,2,3,3,null
3,18,292,11079, 장애와사회,null,1,3,3,null
3,18,292,11079, 장애와사회,null,2,3,3,null
3,18,293,11154, 사물인터넷개론,null,1,3,3,null
3,18,293,11154, 사물인터넷개론,null,2,3,3,null
3,18,293,10556, 인터넷과소셜컴퓨팅,null,1,3,3,null
3,18,293,10556, 인터넷과소셜컴퓨팅,null,2,3,3,null
3,18,293,11160, 정보기술과미래사회,null,1,3,3,null
3,18,293,11160, 정보기술과미래사회,null,2,3,3,null
3,18,293,10123, 정보사회와인터넷윤리,null,1,3,3,null
3,18,293,10123, 정보사회와인터넷윤리,null,2,3,3,null
3,18,293,10930, Behavior of Animals,null,1,3,3,null
3,18,293,10930, Behavior of Animals,null,2,3,3,null
3,18,293,11111, SF영화로배우는철학,null,1,3,3,null
3,18,293,11111, SF영화로배우는철학,null,2,3,3,null
3,18,293,11155, 과학과허구,null,1,3,3,null
3,18,293,11155, 과학과허구,null,2,3,3,null
3,18,293,11101, 과학과문화의커뮤니케이션,null,1,3,3,null
3,18,293,11101, 과학과문화의커뮤니케이션,null,2,3,3,null
3,18,293,11043, 글로벌사회의기록과정보,null,1,3,3,null
3,18,293,11043, 글로벌사회의기록과정보,null,2,3,3,null
3,18,293,10776, 글로벌시민을위한과학소양,null,1,3,3,null
3,18,293,10776, 글로벌시민을위한과학소양,null,2,3,3,null
3,18,293,11044, 디지털네이티브와검색엔진,null,1,3,3,null
3,18,293,11044, 디지털네이티브와검색엔진,null,2,3,3,null
3,18,293,11152, 모바일멀티미디어프로그래밍,null,1,3,3,null
3,18,293,11152, 모바일멀티미디어프로그래밍,null,2,3,3,null
3,18,293,10559, 미래를위한환경의이해,null,1,3,3,null
3,18,293,10559, 미래를위한환경의이해,null,2,3,3,null
3,18,293,11191, 식물의모든것,null,1,3,3,null
3,18,293,11191, 식물의모든것,null,2,3,3,null
3,18,293,10052, 약과건강,null,1,3,3,null
3,18,293,10052, 약과건강,null,2,3,3,null
3,18,293,11102," 에너지의이해,이용,실천",null,1,3,3,null
3,18,293,11102," 에너지의이해,이용,실천",null,2,3,3,null
3,18,293,11257, 에피소드로보는과학철학,null,1,3,3,null
3,18,293,11257, 에피소드로보는과학철학,null,2,3,3,null
3,18,293,10910, 위험판단심리학,null,1,3,3,null
3,18,293,10910, 위험판단심리학,null,2,3,3,null
3,18,293,10104, 응용통계입문,null,1,3,3,null
3,18,293,10104, 응용통계입문,null,2,3,3,null
3,18,293,11336, 인공지능과인간,null,1,3,3,null
3,18,293,11336, 인공지능과인간,null,2,3,3,null
3,18,293,11261, 인공지능시대의정보산업이해,null,1,3,3,null
3,18,293,11261, 인공지능시대의정보산업이해,null,2,3,3,null
3,18,293,11156," 자연과의대화,환경생태",null,1,3,3,null
3,18,293,11156," 자연과의대화,환경생태",null,2,3,3,null
3,18,293,11096, 정보화사회와통계,null,1,3,3,null
3,18,293,11096, 정보화사회와통계,null,2,3,3,null
3,18,293,10135, 지구의역사,null,1,3,3,null
3,18,293,10135, 지구의역사,null,2,3,3,null
3,18,293,11042, 컴퓨터와마음,null,1,3,3,null
3,18,293,11042, 컴퓨터와마음,null,2,3,3,null
3,18,293,11145, 크리에이티브컴퓨팅,null,1,3,3,null
3,18,293,11145, 크리에이티브컴퓨팅,null,2,3,3,null
3,18,293,10164, 현대물리학과인간사고의변혁,null,1,3,3,null
3,18,293,10164, 현대물리학과인간사고의변혁,null,2,3,3,null
3,18,293,11157, 환경재난과국제협력,null,1,3,3,null
3,18,293,11157, 환경재난과국제협력,null,2,3,3,null
3,18,293,11159, General Biology,null,1,3,3,null
3,18,293,11159, General Biology,null,2,3,3,null
3,18,293,11262, 생활속의미생물,null,1,3,3,null
3,18,293,11262, 생활속의미생물,null,2,3,3,null
3,18,293,11187, 빅데이터사회와정보활용,null,1,3,3,null
3,18,293,11187, 빅데이터사회와정보활용,null,2,3,3,null
3,18,293,11264, 세계의자연유산과지오투어리즘,null,1,3,3,null
3,18,293,11264, 세계의자연유산과지오투어리즘,null,2,3,3,null
3,18,293,11098, 주거로보는건축문화,null,1,3,3,null
3,18,293,11098, 주거로보는건축문화,null,2,3,3,null
3,18,294,11208, IT융합설계개론,null,1,3,3,null
3,18,294,11208, IT융합설계개론,null,2,3,3,null
3,18,294,11309, 문제해결과SW프로그래밍,null,1,3,3,null
3,18,294,11309, 문제해결과SW프로그래밍,null,2,3,3,null
3,18,294,11214, 간호와휴머니즘,null,1,3,3,null
3,18,294,11214, 간호와휴머니즘,null,2,3,3,null
3,18,294,11206, 계산의기초와융합적문제해결,null,1,3,3,null
3,18,294,11206, 계산의기초와융합적문제해결,null,2,3,3,null
3,18,294,11207, 과학자를위한기초현대통계학론,null,1,3,3,null
3,18,294,11207, 과학자를위한기초현대통계학론,null,2,3,3,null
3,18,294,11210, 교육커뮤니케이션의이해와실제,null,1,3,3,null
3,18,294,11210, 교육커뮤니케이션의이해와실제,null,2,3,3,null
3,18,294,11212, 글로벌커리어개발과기업가정신,null,1,3,3,null
3,18,294,11212, 글로벌커리어개발과기업가정신,null,2,3,3,null
3,18,294,11204, 논리로과학읽기,null,1,3,3,null
3,18,294,11204, 논리로과학읽기,null,2,3,3,null
3,18,294,11209, 시각적사고를통한일상의문화와트랜드,null,1,3,3,null
3,18,294,11209, 시각적사고를통한일상의문화와트랜드,null,2,3,3,null
3,18,294,11263, 예술과기술,null,1,3,3,null
3,18,294,11263, 예술과기술,null,2,3,3,null
3,18,294,11233, 음악과테크놀로지,null,1,3,3,null
3,18,294,11233, 음악과테크놀로지,null,2,3,3,null
3,18,294,11235, 의료생명분야에서의컴퓨터적사고,null,1,3,3,null
3,18,294,11235, 의료생명분야에서의컴퓨터적사고,null,2,3,3,null
3,18,294,11213, 질병과몸의역사,null,1,3,3,null
3,18,294,11213, 질병과몸의역사,null,2,3,3,null
3,18,294,11205, 컴퓨터과학적인식과문제해결,null,1,3,3,null
3,18,294,11205, 컴퓨터과학적인식과문제해결,null,2,3,3,null
3,18,294,11232, 컴퓨터적사고와이해,null,1,3,3,null
3,18,294,11232, 컴퓨터적사고와이해,null,2,3,3,null
3,18,294,11234, 컴퓨터적사고와조형적활용,null,1,3,3,null
3,18,294,11234, 컴퓨터적사고와조형적활용,null,2,3,3,null
3,18,294,11211, 컴퓨팅적사고와프로그래밍,null,1,3,3,null
3,18,294,11211, 컴퓨팅적사고와프로그래밍,null,2,3,3,null
3,18,294,11215, 통합적분쟁이해와조정,null,1,3,3,null
3,18,294,11215, 통합적분쟁이해와조정,null,2,3,3,null
3,18,294,11260, 기업가정신과기술혁신,null,1,3,3,null
3,19,296,10023, 기독교와세계,1,1,3,3,null
3,19,296,10023, 기독교와세계,1,2,3,3,null
3,19,297,11256, 공존과협력의유토피아,1,1,3,2,null
3,19,297,11256, 공존과협력의유토피아,1,2,3,2,null
3,19,297,11254, 관계의미학:사랑과윤리,1,1,3,2,null
3,19,297,11254, 관계의미학:사랑과윤리,1,2,3,2,null
3,19,297,11095, 나눔리더십,1,1,3,2,null
3,19,297,11095, 나눔리더십,1,2,3,2,null
3,19,297,11253, 나눔의인간학,1,1,3,2,null
3,19,297,11253, 나눔의인간학,1,2,3,2,null
3,19,297,11252, 청춘의자기이해,1,1,3,2,null
3,19,297,11252, 청춘의자기이해,1,2,3,2,null
3,19,297,11255, 호모엠파티쿠스:소통·공감·신뢰,1,1,3,2,null
3,19,297,11255, 호모엠파티쿠스:소통·공감·신뢰,1,2,3,2,null
3,19,298,10021, 우리말과글쓰기,1,1,3,3,null
3,19,298,10021, 우리말과글쓰기,1,2,3,3,null
3,19,299,11094, 고전읽기와글쓰기,1,1,3,2,10021
3,19,299,11094, 고전읽기와글쓰기,1,2,3,2,10021
3,19,299,11250,사이보그와이미지의권력,2,1,3,2,10021
3,19,299,11250,사이보그와이미지의권력,2,2,3,2,10021
3,19,299,11249,역사와철학으로질문던지기,2,1,3,2,10021
3,19,299,11249,역사와철학으로질문던지기,2,1,3,2,10021
3,19,299,11248,읽기와쓰기의다이내미즘,2,2,3,2,10021
3,19,299,11248,읽기와쓰기의다이내미즘,2,1,3,2,10021
3,19,300,10098, 대학영어,1,1,3,3,null
3,19,300,10098, 대학영어,1,2,3,3,null
3,19,300,10099, 고급영어,1,1,3,3,null
3,19,300,10099, 고급영어,1,2,3,3,null
3,19,301,11036, 중국어Ⅰ,1,1,3,2,null
3,19,301,11037, 중국어Ⅱ,1,2,3,2,null
3,19,301,11073, 프랑스어Ⅰ,1,1,3,2,null
3,19,301,11074, 프랑스어Ⅱ,1,2,3,2,null
3,19,301,11033, 독일어Ⅰ,1,1,3,2,null
3,19,301,11034, 독일어Ⅱ,1,2,3,2,null
3,19,301,11091, 일본어Ⅰ,1,1,3,2,null
3,19,301,11092, 일본어Ⅱ,1,2,3,2,null
3,19,301,11066, 스페인어Ⅰ,1,1,3,2,null
3,19,301,11067, 스페인어Ⅱ,1,2,3,2,null
3,19,301,11064, 러시아어Ⅰ,1,1,3,2,null
3,19,301,11065, 러시아어Ⅱ,1,2,3,2,null
3,19,302,11053, 21세기사회와문학의대화,null,1,3,3,null
3,19,302,11053, 21세기사회와문학의대화,null,2,3,3,null
3,19,302,11183, The Story of Human Language,null,1,3,3,null
3,19,302,11183, The Story of Human Language,null,2,3,3,null
3,19,302,11165, Topics in Multiethnic American Literature,null,1,3,3,null
3,19,302,11165, Topics in Multiethnic American Literature,null,2,3,3,null
3,19,302,11112, 다매체시대의비교문학,null,1,3,3,null
3,19,302,11112, 다매체시대의비교문학,null,2,3,3,null
3,19,302,11108, 동아시아문학으로문화읽기,null,1,3,3,null
3,19,302,11108, 동아시아문학으로문화읽기,null,2,3,3,null
3,19,302,11038, 디지털미디어시대의동아시아문자,null,1,3,3,null
3,19,302,11038, 디지털미디어시대의동아시아문자,null,2,3,3,null
3,19,302,10950, 디지털스토리텔링의이해,null,1,3,3,null
3,19,302,10950, 디지털스토리텔링의이해,null,2,3,3,null
3,19,302,10041, 문학과삶,null,1,3,3,null
3,19,302,10041, 문학과삶,null,2,3,3,null
3,19,302,10654, 문학과영화,null,1,3,3,null
3,19,302,10654, 문학과영화,null,2,3,3,null
3,19,302,11148, 문학으로보는사랑의역사,null,1,3,3,null
3,19,302,11148, 문학으로보는사랑의역사,null,2,3,3,null
3,19,302,11184, 문학으로함께배우는매체/이야기,null,1,3,3,null
3,19,302,11184, 문학으로함께배우는매체/이야기,null,2,3,3,null
3,19,302,11146, 문화로읽는현대시의세계,null,1,3,3,null
3,19,302,11146, 문화로읽는현대시의세계,null,1,3,3,null
3,19,302,11147, 사이언스픽션의이해,null,1,3,3,null
3,19,302,11147, 사이언스픽션의이해,null,2,3,3,null
3,19,302,11297, 생태와문학,null,1,3,3,null
3,19,302,11297, 생태와문학,null,2,3,3,null
3,19,302,10768, 신화·상상력·문화,null,1,3,3,null
3,19,302,10768, 신화·상상력·문화,null,2,3,3,null
3,19,302,11109, 여행문학과세계인식,null,1,3,3,null
3,19,302,11109, 여행문학과세계인식,null,2,3,3,null
3,19,302,10882, 인간과언어,null,1,3,3,null
3,19,302,10882, 인간과언어,null,2,3,3,null
3,19,302,11258, 자연과문학,null,1,3,3,null
3,19,302,11258, 자연과문학,null,2,3,3,null
3,19,302,10543, 한국현대시와삶읽기,null,1,3,3,null
3,19,302,10543, 한국현대시와삶읽기,null,2,3,3,null
3,19,302,11134, 현대영어권문학의동향,null,1,3,3,null
3,19,302,11134, 현대영어권문학의동향,null,2,3,3,null
3,19,302,10896, 환상문학의세계,null,1,3,3,null
3,19,302,10896, 환상문학의세계,null,2,3,3,null
3,19,302,11334, Critical and Creative Textual Studies,null,1,3,3,null
3,19,302,11334, Critical and Creative Textual Studies,null,2,3,3,null
3,19,302,11335, Technical Writing and Document Design in English,null,1,3,3,null
3,19,302,11335, Technical Writing and Document Design in English,null,2,3,3,null
3,19,303,11107, 21세기의예술과인간,null,1,3,3,null
3,19,303,11107, 21세기의예술과인간,null,2,3,3,null
3,19,303,11164, Contemporary Photography,null,1,3,3,null
3,19,303,11164, Contemporary Photography,null,2,3,3,null
3,19,303,10018, 국악의이해,null,1,3,3,null
3,19,303,10018, 국악의이해,null,2,3,3,null
3,19,303,10033, 동양미술의이해,null,1,3,3,null
3,19,303,10033, 동양미술의이해,null,2,3,3,null
3,19,303,10778, 디지털매체와예술,null,1,3,3,null
3,19,303,10778, 디지털매체와예술,null,2,3,3,null
3,19,303,10576, 무용의이해,null,1,3,3,null
3,19,303,10576, 무용의이해,null,2,3,3,null
3,19,303,11153, 문화콘텐츠기획의이해,null,1,3,3,null
3,19,303,11153, 문화콘텐츠기획의이해,null,2,3,3,null
3,19,303,11328, 미술로치유하는마음,null,1,3,3,null
3,19,303,11328, 미술로치유하는마음,null,2,3,3,null
3,19,303,11083, 미학과미술,null,1,3,3,null
3,19,303,11083, 미학과미술,null,2,3,3,null
3,19,303,11135, 사물과예술,null,1,3,3,null
3,19,303,11135, 사물과예술,null,2,3,3,null
3,19,303,11329, 색채의이해,null,1,3,3,null
3,19,303,11329, 색채의이해,null,2,3,3,null
3,19,303,10072, 서양미술의이해,null,1,3,3,null
3,19,303,10072, 서양미술의이해,null,2,3,3,null
3,19,303,10073, 서양음악의이해,null,1,3,3,null
3,19,303,10073, 서양음악의이해,null,2,3,3,null
3,19,303,11084, 시각문화로서미술작품읽기,null,1,3,3,null
3,19,303,11084, 시각문화로서미술작품읽기,null,2,3,3,null
3,19,303,10090, 여성과예술,null,1,3,3,null
3,19,303,10090, 여성과예술,null,2,3,3,null
3,19,303,11113, 여성의몸과창조적움직임,null,1,3,3,null
3,19,303,11113, 여성의몸과창조적움직임,null,2,3,3,null
3,19,303,10097, 연극의이론과실제,null,1,3,3,null
3,19,303,10097, 연극의이론과실제,null,2,3,3,null
3,19,303,11110, 예술가와그의시대,null,1,3,3,null
3,19,303,11110, 예술가와그의시대,null,2,3,3,null
3,19,303,10100, 예술과사상,null,1,3,3,null
3,19,303,10100, 예술과사상,null,2,3,3,null
3,19,303,11055, 옛시와그림의만남,null,1,3,3,null
3,19,303,11055, 옛시와그림의만남,null,2,3,3,null
3,19,303,11075, 창조와상상의기술,null,1,3,3,null
3,19,303,11075, 창조와상상의기술,null,2,3,3,null
3,19,303,11035," 퍼포먼스인문학:제의,놀이,연극",null,1,3,3,null
3,19,303,11035," 퍼포먼스인문학:제의,놀이,연극",null,2,3,3,null
3,19,303,10892," 표현,예술,그리고시대정신",null,1,3,3,null
3,19,303,10892," 표현,예술,그리고시대정신",null,2,3,3,null
3,19,303,10152, 한국미술의이해,null,1,3,3,null
3,19,303,10152, 한국미술의이해,null,2,3,3,null
3,19,303,11333," 한국사와상상력,스토리텔링",null,1,3,3,null
3,19,303,11333," 한국사와상상력,스토리텔링",null,2,3,3,null
3,19,303,10883, 한국의문화공간과예술,null,1,3,3,null
3,19,303,10883, 한국의문화공간과예술,null,2,3,3,null
3,19,303,10165, 현대미술사,null,1,3,3,null
3,19,303,10165, 현대미술사,null,2,3,3,null
3,19,303,11330, Reading American Popular Culture in the Digital Age,null,1,3,3,null
3,19,303,11330, Reading American Popular Culture in the Digital Age,null,2,3,3,null
3,19,303,11265, 음악과건강,null,1,3,3,null
3,19,303,11265, 음악과건강,null,2,3,3,null
3,19,303,11116, Introduction to World Music and Culture,null,1,3,3,null
3,19,303,11116, Introduction to World Music and Culture,null,2,3,3,null
3,19,304,11190, The Art of Thinking,null,1,3,3,null
3,19,304,11190, The Art of Thinking,null,2,3,3,null
3,19,304,10545, 근대일본과동아시아,null,1,3,3,null
3,19,304,10545, 근대일본과동아시아,null,2,3,3,null
3,19,304,11046, 동서양의인간이해,null,1,3,3,null
3,19,304,11046, 동서양의인간이해,null,2,3,3,null
3,19,304,10034, 동양철학의이해,null,1,3,3,null
3,19,304,10034, 동양철학의이해,null,2,3,3,null
3,19,304,10769, 모던/포스트모던문화읽기,null,1,3,3,null
3,19,304,10769, 모던/포스트모던문화읽기,null,2,3,3,null
3,19,304,11056, 문화로읽는한국사,null,1,3,3,null
3,19,304,11056, 문화로읽는한국사,null,2,3,3,null
3,19,304,11185, 문화와예술을통해본르네상스역사,null,1,3,3,null
3,19,304,11185, 문화와예술을통해본르네상스역사,null,2,3,3,null
3,19,304,10772, 여성과사회정의,null,1,3,3,null
3,19,304,10772, 여성과사회정의,null,2,3,3,null
3,19,304,11054, 연어프로젝트:한국여성나의뿌리를찾아서 ,null,1,3,3,null
3,19,304,11054, 연어프로젝트:한국여성나의뿌리를찾아서 ,null,2,3,3,null
3,19,304,10108, 인간과종교,null,1,3,3,null
3,19,304,10108, 인간과종교,null,2,3,3,null
3,19,304,11041, 인간과철학적사유,null,1,3,3,null
3,19,304,11041, 인간과철학적사유,null,2,3,3,null
3,19,304,11293, 인물로본중국의역사,null,1,3,3,null
3,19,304,11293, 인물로본중국의역사,null,2,3,3,null
3,19,304,10581, 인물로본한국사,null,1,3,3,null
3,19,304,10581, 인물로본한국사,null,2,3,3,null
3,19,304,11078, 젠더와역사,null,1,3,3,null
3,19,304,11078, 젠더와역사,null,2,3,3,null
3,19,304,10767, 종교와문화,null,1,3,3,null
3,19,304,10767, 종교와문화,null,2,3,3,null
3,19,304,11057, 주제로살펴보는서양근현대사,null,1,3,3,null
3,19,304,11057, 주제로살펴보는서양근현대사,null,2,3,3,null
3,19,304,10544, 중국의역사와문화,null,1,3,3,null
3,19,304,10544, 중국의역사와문화,null,2,3,3,null
3,19,304,11297, 질병치료와백신의역사,null,1,3,3,null
3,19,304,11297, 질병치료와백신의역사,null,2,3,3,null
3,19,304,11189, 철학의은유들,null,1,3,3,null
3,19,304,11189, 철학의은유들,null,2,3,3,null
3,19,304,11045, 패러다임전환과비판이론,null,1,3,3,null
3,19,304,11045, 패러다임전환과비판이론,null,2,3,3,null
3,19,304,10149, 한국근현대사 ,null,1,3,3,null
3,19,304,10149, 한국근현대사 ,null,2,3,3,null
3,19,304,11058, 한국사의새로운이해,null,1,3,3,null
3,19,304,11058, 한국사의새로운이해,null,2,3,3,null
3,19,304,11186, Evolutionary Origin of Humans,null,1,3,3,null
3,19,304,11186, Evolutionary Origin of Humans,null,2,3,3,null
3,19,304,11295, 인공지능시대의과학과종교,null,1,3,3,null
3,19,304,11295, 인공지능시대의과학과종교,null,2,3,3,null
3,19,305,10011, 가족건강과간호,null,1,3,3,null
3,19,305,10011, 가족건강과간호,null,2,3,3,null
3,19,305,10932, 건축으로읽는사회문화사,null,1,3,3,null
3,19,305,10932, 건축으로읽는사회문화사,null,2,3,3,null
3,19,305,10013, 경영과사회,null,1,3,3,null
3,19,305,10013, 경영과사회,null,2,3,3,null
3,19,305,11068, 글로벌사회변동과쟁점지역연구,null,1,3,3,null
3,19,305,11068, 글로벌사회변동과쟁점지역연구,null,2,3,3,null
3,19,305,10913, 글로벌시대의다문화사회,null,1,3,3,null
3,19,305,10913, 글로벌시대의다문화사회,null,2,3,3,null
3,19,305,10914, 글로벌시대의아시아여성,null,1,3,3,null
3,19,305,10914, 글로벌시대의아시아여성,null,2,3,3,null
3,19,305,10091, 노동과젠더,null,1,3,3,null
3,19,305,10091, 노동과젠더,null,2,3,3,null
3,19,305,11332, 도시공간문화로읽는한국사,null,1,3,3,null
3,19,305,11332, 도시공간문화로읽는한국사,null,2,3,3,null
3,19,305,10886, 동양고전의현대적이해,null,1,3,3,null
3,19,305,10886, 동양고전의현대적이해,null,2,3,3,null
3,19,305,11292, 모방과인간,null,1,3,3,null
3,19,305,11292, 모방과인간,null,2,3,3,null
3,19,305,11193, 법과젠더,null,1,3,3,null
3,19,305,11193, 법과젠더,null,2,3,3,null
3,19,305,10549, 북한정치의이해,null,1,3,3,null
3,19,305,10549, 북한정치의이해,null,2,3,3,null
3,19,305,10548, 북한주민의문화와생활,null,1,3,3,null
3,19,305,10548, 북한주민의문화와생활,null,2,3,3,null
3,19,305,10929, 브레인스펙트럼,null,1,3,3,null
3,19,305,10929, 브레인스펙트럼,null,2,3,3,null
3,19,305,10573, 생명윤리와법,null,1,3,3,null
3,19,305,10573, 생명윤리와법,null,2,3,3,null
3,19,305,10074, 성문화연구,null,1,3,3,null
3,19,305,10074, 성문화연구,null,2,3,3,null
3,19,305,10081, 시민생활과법,null,1,3,3,null
3,19,305,10081, 시민생활과법,null,2,3,3,null
3,19,305,10094, 여성학,null,1,3,3,null
3,19,305,10094, 여성학,null,2,3,3,null
3,19,305,11089, 여행과지리:글로벌화의지역탐색,null,1,3,3,null
3,19,305,11089, 여행과지리:글로벌화의지역탐색,null,2,3,3,null
3,19,305,10908, 영상이미지와젠더,null,1,3,3,null
3,19,305,10908, 영상이미지와젠더,null,2,3,3,null
3,19,305,10904, 우리사회의문제와쟁점찾기,null,1,3,3,null
3,19,305,10904, 우리사회의문제와쟁점찾기,null,2,3,3,null
3,19,305,10109, 인간발달과가족,null,1,3,3,null
3,19,305,10109, 인간발달과가족,null,2,3,3,null
3,19,305,10903, 인간발달과문화의다양성,null,1,3,3,null
3,19,305,10903, 인간발달과문화의다양성,null,2,3,3,null
3,19,305,11114, 인간은왜춤을추는가,null,1,3,3,null
3,19,305,11114, 인간은왜춤을추는가,null,2,3,3,null
3,19,305,11103, 인터넷과법,null,1,3,3,null
3,19,305,11103, 인터넷과법,null,2,3,3,null
3,19,305,11104, 죄와벌,null,1,3,3,null
3,19,305,11104, 죄와벌,null,2,3,3,null
3,19,305,10905, 지구촌의사회복지,null,1,3,3,null
3,19,305,10905, 지구촌의사회복지,null,2,3,3,null
3,19,305,11105, 직업세계와법,null,1,3,3,null
3,19,305,11105, 직업세계와법,null,2,3,3,null
3,19,305,11039, 키워드로읽는중국문화,null,1,3,3,null
3,19,305,11039, 키워드로읽는중국문화,null,2,3,3,null
3,19,305,10887, 현대중국의사회와문화,null,1,3,3,null
3,19,305,10887, 현대중국의사회와문화,null,2,3,3,null
3,19,305,11162, Middle Eastern Political Theology: Religious Sources,null,1,3,3,null
3,19,305,11162, Middle Eastern Political Theology: Religious Sources,null,2,3,3,null
3,19,305,11259, SDGs시대글로벌보건협력:개발도상국의보건의료현황과국제사회의지원,null,1,3,3,null
3,19,305,11259, SDGs시대글로벌보건협력:개발도상국의보건의료현황과국제사회의지원,null,2,3,3,null
3,19,305,11161, Social and Cultural Impact of Video Games,null,1,3,3,null
3,19,305,11161, Social and Cultural Impact of Video Games,null,2,3,3,null
3,19,305,11296, 청춘의아픔과치유:행복인문학,null,1,3,3,null
3,19,305,11296, 청춘의아픔과치유:행복인문학,null,2,3,3,null
3,19,305,10181, 환경과인간,null,1,3,3,null
3,19,305,10181, 환경과인간,null,2,3,3,null
3,19,305,11188, Introduction to Ethnic Conflict and Management,null,1,3,3,null
3,19,305,11188, Introduction to Ethnic Conflict and Management,null,2,3,3,null
3,19,305,11163, Literacy in the 21st Century,null,1,3,3,null
3,19,305,11163, Literacy in the 21st Century,null,2,3,3,null
3,19,305,10949, 국제구호와개발협력,null,1,3,3,null
3,19,305,10949, 국제구호와개발협력,null,2,3,3,null
3,19,305,11106, 글로벌시민의이해와리더십,null,1,3,3,null
3,19,305,11106, 글로벌시민의이해와리더십,null,2,3,3,null
3,19,305,10933, 대학생의성건강,null,1,3,3,null
3,19,305,10933, 대학생의성건강,null,2,3,3,null
3,19,305,11308, 데이터로고전읽기,null,1,3,3,null
3,19,305,11308, 데이터로고전읽기,null,2,3,3,null
3,19,305,11079, 장애와사회,null,1,3,3,null
3,19,305,11079, 장애와사회,null,2,3,3,null
3,19,306,11154, 사물인터넷개론,null,1,3,3,null
3,19,306,11154, 사물인터넷개론,null,2,3,3,null
3,19,306,10556, 인터넷과소셜컴퓨팅,null,1,3,3,null
3,19,306,10556, 인터넷과소셜컴퓨팅,null,2,3,3,null
3,19,306,11160, 정보기술과미래사회,null,1,3,3,null
3,19,306,11160, 정보기술과미래사회,null,2,3,3,null
3,19,306,10123, 정보사회와인터넷윤리,null,1,3,3,null
3,19,306,10123, 정보사회와인터넷윤리,null,2,3,3,null
3,19,306,10930, Behavior of Animals,null,1,3,3,null
3,19,306,10930, Behavior of Animals,null,2,3,3,null
3,19,306,11111, SF영화로배우는철학,null,1,3,3,null
3,19,306,11111, SF영화로배우는철학,null,2,3,3,null
3,19,306,11155, 과학과허구,null,1,3,3,null
3,19,306,11155, 과학과허구,null,2,3,3,null
3,19,306,11101, 과학과문화의커뮤니케이션,null,1,3,3,null
3,19,306,11101, 과학과문화의커뮤니케이션,null,2,3,3,null
3,19,306,11043, 글로벌사회의기록과정보,null,1,3,3,null
3,19,306,11043, 글로벌사회의기록과정보,null,2,3,3,null
3,19,306,10776, 글로벌시민을위한과학소양,null,1,3,3,null
3,19,306,10776, 글로벌시민을위한과학소양,null,2,3,3,null
3,19,306,11044, 디지털네이티브와검색엔진,null,1,3,3,null
3,19,306,11044, 디지털네이티브와검색엔진,null,2,3,3,null
3,19,306,11152, 모바일멀티미디어프로그래밍,null,1,3,3,null
3,19,306,11152, 모바일멀티미디어프로그래밍,null,2,3,3,null
3,19,306,10559, 미래를위한환경의이해,null,1,3,3,null
3,19,306,10559, 미래를위한환경의이해,null,2,3,3,null
3,19,306,11191, 식물의모든것,null,1,3,3,null
3,19,306,11191, 식물의모든것,null,2,3,3,null
3,19,306,10052, 약과건강,null,1,3,3,null
3,19,306,10052, 약과건강,null,2,3,3,null
3,19,306,11102," 에너지의이해,이용,실천",null,1,3,3,null
3,19,306,11102," 에너지의이해,이용,실천",null,2,3,3,null
3,19,306,11257, 에피소드로보는과학철학,null,1,3,3,null
3,19,306,11257, 에피소드로보는과학철학,null,2,3,3,null
3,19,306,10910, 위험판단심리학,null,1,3,3,null
3,19,306,10910, 위험판단심리학,null,2,3,3,null
3,19,306,10104, 응용통계입문,null,1,3,3,null
3,19,306,10104, 응용통계입문,null,2,3,3,null
3,19,306,11336, 인공지능과인간,null,1,3,3,null
3,19,306,11336, 인공지능과인간,null,2,3,3,null
3,19,306,11261, 인공지능시대의정보산업이해,null,1,3,3,null
3,19,306,11261, 인공지능시대의정보산업이해,null,2,3,3,null
3,19,306,11156," 자연과의대화,환경생태",null,1,3,3,null
3,19,306,11156," 자연과의대화,환경생태",null,2,3,3,null
3,19,306,11096, 정보화사회와통계,null,1,3,3,null
3,19,306,11096, 정보화사회와통계,null,2,3,3,null
3,19,306,10135, 지구의역사,null,1,3,3,null
3,19,306,10135, 지구의역사,null,2,3,3,null
3,19,306,11042, 컴퓨터와마음,null,1,3,3,null
3,19,306,11042, 컴퓨터와마음,null,2,3,3,null
3,19,306,11145, 크리에이티브컴퓨팅,null,1,3,3,null
3,19,306,11145, 크리에이티브컴퓨팅,null,2,3,3,null
3,19,306,10164, 현대물리학과인간사고의변혁,null,1,3,3,null
3,19,306,10164, 현대물리학과인간사고의변혁,null,2,3,3,null
3,19,306,11157, 환경재난과국제협력,null,1,3,3,null
3,19,306,11157, 환경재난과국제협력,null,2,3,3,null
3,19,306,11159, General Biology,null,1,3,3,null
3,19,306,11159, General Biology,null,2,3,3,null
3,19,306,11262, 생활속의미생물,null,1,3,3,null
3,19,306,11262, 생활속의미생물,null,2,3,3,null
3,19,306,11187, 빅데이터사회와정보활용,null,1,3,3,null
3,19,306,11187, 빅데이터사회와정보활용,null,2,3,3,null
3,19,306,11264, 세계의자연유산과지오투어리즘,null,1,3,3,null
3,19,306,11264, 세계의자연유산과지오투어리즘,null,2,3,3,null
3,19,306,11098, 주거로보는건축문화,null,1,3,3,null
3,19,306,11098, 주거로보는건축문화,null,2,3,3,null
3,19,307,11208, IT융합설계개론,null,1,3,3,null
3,19,307,11208, IT융합설계개론,null,2,3,3,null
3,19,307,11309, 문제해결과SW프로그래밍,null,1,3,3,null
3,19,307,11309, 문제해결과SW프로그래밍,null,2,3,3,null
3,19,307,11214, 간호와휴머니즘,null,1,3,3,null
3,19,307,11214, 간호와휴머니즘,null,2,3,3,null
3,19,307,11206, 계산의기초와융합적문제해결,null,1,3,3,null
3,19,307,11206, 계산의기초와융합적문제해결,null,2,3,3,null
3,19,307,11207, 과학자를위한기초현대통계학론,null,1,3,3,null
3,19,307,11207, 과학자를위한기초현대통계학론,null,2,3,3,null
3,19,307,11210, 교육커뮤니케이션의이해와실제,null,1,3,3,null
3,19,307,11210, 교육커뮤니케이션의이해와실제,null,2,3,3,null
3,19,307,11212, 글로벌커리어개발과기업가정신,null,1,3,3,null
3,19,307,11212, 글로벌커리어개발과기업가정신,null,2,3,3,null
3,19,307,11204, 논리로과학읽기,null,1,3,3,null
3,19,307,11204, 논리로과학읽기,null,2,3,3,null
3,19,307,11209, 시각적사고를통한일상의문화와트랜드,null,1,3,3,null
3,19,307,11209, 시각적사고를통한일상의문화와트랜드,null,2,3,3,null
3,19,307,11263, 예술과기술,null,1,3,3,null
3,19,307,11263, 예술과기술,null,2,3,3,null
3,19,307,11233, 음악과테크놀로지,null,1,3,3,null
3,19,307,11233, 음악과테크놀로지,null,2,3,3,null
3,19,307,11235, 의료생명분야에서의컴퓨터적사고,null,1,3,3,null
3,19,307,11235, 의료생명분야에서의컴퓨터적사고,null,2,3,3,null
3,19,307,11213, 질병과몸의역사,null,1,3,3,null
3,19,307,11213, 질병과몸의역사,null,2,3,3,null
3,19,307,11205, 컴퓨터과학적인식과문제해결,null,1,3,3,null
3,19,307,11205, 컴퓨터과학적인식과문제해결,null,2,3,3,null
3,19,307,11232, 컴퓨터적사고와이해,null,1,3,3,null
3,19,307,11232, 컴퓨터적사고와이해,null,2,3,3,null
3,19,307,11234, 컴퓨터적사고와조형적활용,null,1,3,3,null
3,19,307,11234, 컴퓨터적사고와조형적활용,null,2,3,3,null
3,19,307,11211, 컴퓨팅적사고와프로그래밍,null,1,3,3,null
3,19,307,11211, 컴퓨팅적사고와프로그래밍,null,2,3,3,null
3,19,307,11215, 통합적분쟁이해와조정,null,1,3,3,null
3,19,307,11215, 통합적분쟁이해와조정,null,2,3,3,null
3,19,307,11260, 기업가정신과기술혁신,null,1,3,3,null
3,18,295,35576,영문학입문,1,1,3,3,null
3,18,295,38041,Storytelling and Literature,1,2,3,3,null
3,18,295,20094,영어학개론,1,2,3,3,null
3,18,295,20103,Advanced English Grammar,2,1,3,3,null
3,18,295,35573,Advanced English Reading,2,1,3,3,null
3,18,295,36149,American Novel and Its Tradition,2,1,3,3,null
3,18,295,34975,English Presentation and Debate,2,1,3,3,null
3,18,295,20091,English Syntax,2,1,3,3,null
3,18,295,36148,Introduction to Drama,2,1,3,3,null
3,18,295,36146,"17,8세기영문학",2,2,3,3,null
3,18,295,36145,19세기영소설과근대성,2,2,3,3,null
3,18,295,38042,Language and Culture,2,2,3,3,null
3,18,295,36147,미국문학개론,2,2,3,3,null
3,18,295,38798,영미문학특강1,2,2,3,3,null
3,18,295,36156,영미문학특강,2,2,3,3,null
3,18,295,90002,영어사,2,2,3,3,null
3,18,295,38043,영어영문전공설계심화1,3,1,null,3,null
3,18,295,38044,영어영문전공설계심화2,3,1,null,3,null
3,18,295,38045,영어영문전공설계심화3,3,1,null,3,null
3,18,295,38043,영어영문전공설계심화1,3,2,null,3,null
3,18,295,38044,영어영문전공설계심화2,3,2,null,3,null
3,18,295,38045,영어영문전공설계심화3,3,2,null,3,null
3,18,295,35199,Film and Literature,3,1,3,3,null
3,18,295,34413,U.S. Minority Literature,3,1,3,3,null
3,18,295,36153,고전비평,3,1,3,3,null
3,18,295,20093,영어음운론,3,1,3,3,null
3,18,295,38799,영어학주제연구,3,1,3,3,null
3,18,295,34400,중세및르네상스문학과문화,3,1,3,3,null
3,18,295,35207,현대시와사회,3,1,3,3,null
3,18,295,35201,현대영미드라마,3,1,3,3,null
3,18,295,35171,British and American Film,3,2,3,3,null
3,18,295,36150,Capstone Design Seminar in Literary and Media Transiation,3,2,3,3,null
3,18,295,36152,Modern and Contemporary American Novel,3,2,3,3,null
3,18,295,36151,낭만주의와근대문학,3,2,3,3,null
3,18,295,35205,드라마이론과실제,3,2,3,3,null
3,18,295,38800,영미문학특강2,3,2,3,3,null
3,18,295,35202,영어권작가연구,3,2,3,3,null
3,18,295,33230,영어학특강,3,2,3,3,null
3,18,295,37719,영어영문학전공인턴십1,4,1,null,1,null
3,18,295,37720,영어영문학전공인턴십2,4,1,null,2,null
3,18,295,37721,영어영문학전공인턴십3,4,1,null,3,null
3,18,295,37719,영어영문학전공인턴십1,4,2,null,1,null
3,18,295,37720,영어영문학전공인턴십2,4,2,null,2,null
3,18,295,37721,영어영문학전공인턴십3,4,2,null,3,null
3,18,295,36155,Eighteenth-Centurey Fictions,4,1,3,3,null
3,18,295,36144,Thesis Writing,4,1,3,3,null
3,18,295,35206,여성과문학,4,1,3,3,null
3,18,295,38801,영문학주제연구1,4,1,3,3,null
3,18,295,30162,영어의미론,4,1,3,3,null
3,18,295,35208,영어학연구,4,1,3,3,null
3,18,295,37198,현대시와문화,4,1,3,3,null
3,18,295,36154,현대영국소설,4,1,3,3,null
3,18,295,35211,English Languate Teaching and Learning,4,2,3,3,null
3,18,295,37199,문화이론,4,2,3,3,null
3,18,295,20085,셰익스피어,4,2,3,3,null
3,18,295,38802,영문학주제연구2,4,2,3,3,null
3,18,295,35319,이론과비평,4,2,3,3,null
3,18,295,36956,미디어리터러시,1,1,3,3,null
3,18,295,38746,디지털미디어와표현,1,2,3,3,null
3,18,295,36691,디지털스토리텔링,2,1,3,3,null
3,18,295,38072,디자인씽킹,2,2,3,3,null
3,18,295,35774,디지털미디어와문화,2,2,3,3,null
3,18,295,38713,컨벤션커뮤니케이션및프로토콜,3,2,3,3,null
3,18,295,30943,경영혁신과정보기술,null,1,3,3,null
3,18,295,37996,디지털스토리텔링개론,null,1,3,3,null
3,18,295,36773,International Conference Communication,null,2,3,3,null
3,18,295,35129,광고와사회,null,2,3,3,null
3,18,295,37382,디지털표현기법,null,2,3,2,null
3,18,295,33286,정보사회와뉴미디어,null,2,3,3,null
3,19,308,35576,영문학입문,1,1,3,3,null
3,19,308,38041,Storytelling and Literature,1,2,3,3,null
3,19,308,20094,영어학개론,1,2,3,3,null
3,19,308,20103,Advanced English Grammar,2,1,3,3,null
3,19,308,35573,Advanced English Reading,2,1,3,3,null
3,19,308,36149,American Novel and Its Tradition,2,1,3,3,null
3,19,308,34975,English Presentation and Debate,2,1,3,3,null
3,19,308,20091,English Syntax,2,1,3,3,null
3,19,308,36148,Introduction to Drama,2,1,3,3,null
3,19,308,36146,"17,8세기영문학",2,2,3,3,null
3,19,308,36145,19세기영소설과근대성,2,2,3,3,null
3,19,308,38042,Language and Culture,2,2,3,3,null
3,19,308,36147,미국문학개론,2,2,3,3,null
3,19,308,38798,영미문학특강1,2,2,3,3,null
3,19,308,36156,영미문학특강,2,2,3,3,null
3,19,308,90002,영어사,2,2,3,3,null
3,19,308,38043,영어영문전공설계심화1,3,1,null,3,null
3,19,308,38044,영어영문전공설계심화2,3,1,null,3,null
3,19,308,38045,영어영문전공설계심화3,3,1,null,3,null
3,19,308,38043,영어영문전공설계심화1,3,2,null,3,null
3,19,308,38044,영어영문전공설계심화2,3,2,null,3,null
3,19,308,38045,영어영문전공설계심화3,3,2,null,3,null
3,19,308,35199,Film and Literature,3,1,3,3,null
3,19,308,34413,U.S. Minority Literature,3,1,3,3,null
3,19,308,36153,고전비평,3,1,3,3,null
3,19,308,20093,영어음운론,3,1,3,3,null
3,19,308,38799,영어학주제연구,3,1,3,3,null
3,19,308,34400,중세및르네상스문학과문화,3,1,3,3,null
3,19,308,35207,현대시와사회,3,1,3,3,null
3,19,308,35201,현대영미드라마,3,1,3,3,null
3,19,308,35171,British and American Film,3,2,3,3,null
3,19,308,36150,Capstone Design Seminar in Literary and Media Transiation,3,2,3,3,null
3,19,308,36152,Modern and Contemporary American Novel,3,2,3,3,null
3,19,308,36151,낭만주의와근대문학,3,2,3,3,null
3,19,308,35205,드라마이론과실제,3,2,3,3,null
3,19,308,38800,영미문학특강2,3,2,3,3,null
3,19,308,35202,영어권작가연구,3,2,3,3,null
3,19,308,33230,영어학특강,3,2,3,3,null
3,19,308,37719,영어영문학전공인턴십1,4,1,null,1,null
3,19,308,37720,영어영문학전공인턴십2,4,1,null,2,null
3,19,308,37721,영어영문학전공인턴십3,4,1,null,3,null
3,19,308,37719,영어영문학전공인턴십1,4,2,null,1,null
3,19,308,37720,영어영문학전공인턴십2,4,2,null,2,null
3,19,308,37721,영어영문학전공인턴십3,4,2,null,3,null
3,19,308,36155,Eighteenth-Centurey Fictions,4,1,3,3,null
3,19,308,36144,Thesis Writing,4,1,3,3,null
3,19,308,35206,여성과문학,4,1,3,3,null
3,19,308,38801,영문학주제연구1,4,1,3,3,null
3,19,308,30162,영어의미론,4,1,3,3,null
3,19,308,35208,영어학연구,4,1,3,3,null
3,19,308,37198,현대시와문화,4,1,3,3,null
3,19,308,36154,현대영국소설,4,1,3,3,null
3,19,308,35211,English Languate Teaching and Learning,4,2,3,3,null
3,19,308,37199,문화이론,4,2,3,3,null
3,19,308,20085,셰익스피어,4,2,3,3,null
3,19,308,38802,영문학주제연구2,4,2,3,3,null
3,19,308,35319,이론과비평,4,2,3,3,null
3,19,308,36956,미디어리터러시,1,1,3,3,null
3,19,308,38746,디지털미디어와표현,1,2,3,3,null
3,19,308,36691,디지털스토리텔링,2,1,3,3,null
3,19,308,38072,디자인씽킹,2,2,3,3,null
3,19,308,35774,디지털미디어와문화,2,2,3,3,null
3,19,308,38713,컨벤션커뮤니케이션및프로토콜,3,2,3,3,null
3,19,308,30943,경영혁신과정보기술,null,1,3,3,null
3,19,308,37996,디지털스토리텔링개론,null,1,3,3,null
3,19,308,36773,International Conference Communication,null,2,3,3,null
3,19,308,35129,광고와사회,null,2,3,3,null
3,19,308,37382,디지털표현기법,null,2,3,2,null
3,19,308,33286,정보사회와뉴미디어,null,2,3,3,null
1,20,105,10023, 기독교와세계,1,1,3,3,null
1,20,105,10023, 기독교와세계,1,2,3,3,null
1,20,106,11352, 통합적사고와글쓰기,1,1,3,2,null
1,20,106,11352, 통합적사고와글쓰기,1,2,3,2,null
1,20,108,10099, Advanced English,1,1,3,3,null
1,20,108,10099, Advanced English,1,2,3,3,null
1,20,109,10563,기본중국어,1,1,3,3,null
1,20,109,10563,기본중국어,1,2,3,3,null
1,20,109,10133,중급중국어,1,1,3,3,null
1,20,109,10133,중급중국어,1,2,3,3,null
1,20,109,10564,기본프랑스어,1,1,3,3,null
1,20,109,10564,기본프랑스어,1,2,3,3,null
1,20,109,10565,중급프랑스어,1,1,3,3,null
1,20,109,10565,중급프랑스어,1,2,3,3,null
1,20,109,10566,기본독일어,1,1,3,3,null
1,20,109,10566,기본독일어,1,2,3,3,null
1,20,109,10130,중급독일어,1,1,3,3,null
1,20,109,10130,중급독일어,1,2,3,3,null
1,20,109,10570,기본일본어,1,1,3,3,null
1,20,109,10570,기본일본어,1,2,3,3,null
1,20,109,10132,중급일본어,1,1,3,3,null
1,20,109,10132,중급일본어,1,2,3,3,null
1,20,109,10571,기본스페인어,1,1,3,3,null
1,20,109,10571,기본스페인어,1,2,3,3,null
1,20,109,10665,중급스페인어,1,1,3,3,null
1,20,109,10665,중급스페인어,1,2,3,3,null
1,20,109,10572,기본러시아어,1,1,3,3,null
1,20,109,10572,기본러시아어,1,2,3,3,null
1,20,107,11208, IT융합설계개론,null,1,3,3,null
1,20,107,11208, IT융합설계개론,null,2,3,3,null
1,20,107,11206, 계산의기초와융합적문제해결,null,1,3,3,null
1,20,107,11206, 계산의기초와융합적문제해결,null,2,3,3,null
1,20,107,11204, 논리와컴퓨터,null,1,3,3,null
1,20,107,11204, 논리와컴퓨터,null,2,3,3,null
1,20,107,11357, 데이터컨버전스와법,null,1,3,3,null
1,20,107,11357, 데이터컨버전스와법,null,2,3,3,null
1,20,107,11373, 데이터컴퓨팅,null,1,3,3,null
1,20,107,11373, 데이터컴퓨팅,null,2,3,3,null
1,20,107,11356, 리눅스와시스템적사고,null,1,3,3,null
1,20,107,11356, 리눅스와시스템적사고,null,2,3,3,null
1,20,107,11309, 문제해결과SW프로그래밍,null,1,3,3,null
1,20,107,11309, 문제해결과SW프로그래밍,null,2,3,3,null
1,20,107,11365, 빅데이터와젠더,null,1,3,3,null
1,20,107,11365, 빅데이터와젠더,null,2,3,3,null
1,20,107,11367, 사회문제해결을위한R프로그래밍기초,null,1,3,3,null
1,20,107,11367, 사회문제해결을위한R프로그래밍기초,null,2,3,3,null
1,20,107,11233, 음악테크놀로지와프로그래밍,null,1,3,3,null
1,20,107,11233, 음악테크놀로지와프로그래밍,null,2,3,3,null
1,20,107,11368, 정보와인공지능의수리적이해,null,1,3,3,null
1,20,107,11368, 정보와인공지능의수리적이해,null,2,3,3,null
1,20,107,11205, 컴퓨터과학적인식과문제해결,null,1,3,3,null
1,20,107,11205, 컴퓨터과학적인식과문제해결,null,2,3,3,null
1,20,107,11374, 컴퓨터보안과윈도우포렌식,null,1,3,3,null
1,20,107,11374, 컴퓨터보안과윈도우포렌식,null,2,3,3,null
1,20,107,11362, 컴퓨터속의우주,null,1,3,3,null
1,20,107,11362, 컴퓨터속의우주,null,2,3,3,null
1,20,107,11369, 컴퓨터식문제해결기법,null,1,3,3,null
1,20,107,11369, 컴퓨터식문제해결기법,null,2,3,3,null
1,20,107,11232, 컴퓨터적사고와이해,null,1,3,3,null
1,20,107,11232, 컴퓨터적사고와이해,null,2,3,3,null
1,20,107,11234, 컴퓨터적사고와조형적활용,null,1,3,3,null
1,20,107,11234, 컴퓨터적사고와조형적활용,null,2,3,3,null
1,20,107,11211, 컴퓨팅적사고와프로그래밍,null,1,3,3,null
1,20,107,11211, 컴퓨팅적사고와프로그래밍,null,2,3,3,null
1,20,107,11364, 푸드테크시대의음식과디자인,null,1,3,3,null
1,20,107,11364, 푸드테크시대의음식과디자인,null,2,3,3,null
1,20,107,11207, 프로그래밍과통계적사고,null,1,3,3,null
1,20,107,11207, 프로그래밍과통계적사고,null,2,3,3,null
1,20,107,11361, 프로그래밍을위한컴퓨팅적사고,null,1,3,3,null
1,20,107,11361, 프로그래밍을위한컴퓨팅적사고,null,2,3,3,null
1,20,110,11053, 21세기사회와문학의대화,null,1,3,3,null
1,20,110,11053, 21세기사회와문학의대화,null,2,3,3,null
1,20,110,11334, Critical and Creative Textual Studies,null,1,3,3,null
1,20,110,11334, Critical and Creative Textual Studies,null,2,3,3,null
1,20,110,11183, The Story of Human Language,null,1,3,3,null
1,20,110,11183, The Story of Human Language,null,2,3,3,null
1,20,110,11165, Topics in Multiethnic American Literature,null,1,3,3,null
1,20,110,11165, Topics in Multiethnic American Literature,null,2,3,3,null
1,20,110,11112, 다매체시대의비교문학,null,1,3,3,null
1,20,110,11112, 다매체시대의비교문학,null,2,3,3,null
1,20,110,11108, 동아시아문학으로문화읽기,null,1,3,3,null
1,20,110,11108, 동아시아문학으로문화읽기,null,2,3,3,null
1,20,110,11038, 디지털미디어시대의동아시아문자,null,1,3,3,null
1,20,110,11038, 디지털미디어시대의동아시아문자,null,2,3,3,null
1,20,110,10041, 문학과삶,null,1,3,3,null
1,20,110,10041, 문학과삶,null,2,3,3,null
1,20,110,10654, 문학과영화,null,1,3,3,null
1,20,110,10654, 문학과영화,null,2,3,3,null
1,20,110,11148, 문학으로보는사랑의역사,null,1,3,3,null
1,20,110,11148, 문학으로보는사랑의역사,null,2,3,3,null
1,20,110,11184, 문학으로함께배우는매체/이야기,null,1,3,3,null
1,20,110,11184, 문학으로함께배우는매체/이야기,null,2,3,3,null
1,20,110,11146, 문화로읽는현대시의세계,null,1,3,3,null
1,20,110,11146, 문화로읽는현대시의세계,null,1,3,3,null
1,20,110,11147, 사이언스픽션의이해,null,1,3,3,null
1,20,110,11147, 사이언스픽션의이해,null,2,3,3,null
1,20,110,11297, 생태와문학,null,1,3,3,null
1,20,110,11297, 생태와문학,null,2,3,3,null
1,20,110,10768, 신화·상상력·문화,null,1,3,3,null
1,20,110,10768, 신화·상상력·문화,null,2,3,3,null
1,20,110,11109, 여행문학과세계인식,null,1,3,3,null
1,20,110,11109, 여행문학과세계인식,null,2,3,3,null
1,20,110,10882, 인간과언어,null,1,3,3,null
1,20,110,10882, 인간과언어,null,2,3,3,null
1,20,110,11258, 자연과문학,null,1,3,3,null
1,20,110,11258, 자연과문학,null,2,3,3,null
1,20,110,10543, 한국현대시와삶읽기,null,1,3,3,null
1,20,110,10543, 한국현대시와삶읽기,null,2,3,3,null
1,20,110,11134, 현대영어권문학의동향,null,1,3,3,null
1,20,110,11134, 현대영어권문학의동향,null,2,3,3,null
1,20,110,10896, 환상문학의세계,null,1,3,3,null
1,20,110,10896, 환상문학의세계,null,2,3,3,null
1,20,110,10950, 디지털스토리텔링의이해,null,1,3,3,null
1,20,110,10950, 디지털스토리텔링의이해,null,2,3,3,null
1,20,111,11107, 21세기의예술과인간,null,1,3,3,null
1,20,111,11107, 21세기의예술과인간,null,2,3,3,null
1,20,111,11164, Contemporary Photography,null,1,3,3,null
1,20,111,11164, Contemporary Photography,null,2,3,3,null
1,20,111,10033, 동양미술의이해,null,1,3,3,null
1,20,111,10033, 동양미술의이해,null,2,3,3,null
1,20,111,10778, 디지털매체와예술,null,1,3,3,null
1,20,111,10778, 디지털매체와예술,null,2,3,3,null
1,20,111,10576, 무용의이해,null,1,3,3,null
1,20,111,10576, 무용의이해,null,2,3,3,null
1,20,111,11153, 문화콘텐츠기획의이해,null,1,3,3,null
1,20,111,11153, 문화콘텐츠기획의이해,null,2,3,3,null
1,20,111,11328, 미술로치유하는마음,null,1,3,3,null
1,20,111,11328, 미술로치유하는마음,null,2,3,3,null
1,20,111,11083, 미학과미술,null,1,3,3,null
1,20,111,11083, 미학과미술,null,2,3,3,null
1,20,111,10072, 서양미술의이해,null,1,3,3,null
1,20,111,10072, 서양미술의이해,null,2,3,3,null
1,20,111,10073, 서양음악의이해,null,1,3,3,null
1,20,111,10073, 서양음악의이해,null,2,3,3,null
1,20,111,11084, 시각문화로서미술작품읽기,null,1,3,3,null
1,20,111,11084, 시각문화로서미술작품읽기,null,2,3,3,null
1,20,111,11209, 시각적사고를통한일상의문화와트랜드,null,1,3,3,null
1,20,111,11209, 시각적사고를통한일상의문화와트랜드,null,2,3,3,null
1,20,111,10090, 여성과예술,null,1,3,3,null
1,20,111,10090, 여성과예술,null,2,3,3,null
1,20,111,11113, 여성의몸과창조적움직임,null,1,3,3,null
1,20,111,11113, 여성의몸과창조적움직임,null,2,3,3,null
1,20,111,10097, 연극의이론과실제,null,1,3,3,null
1,20,111,10097, 연극의이론과실제,null,2,3,3,null
1,20,111,11110, 예술가와그의시대,null,1,3,3,null
1,20,111,11110, 예술가와그의시대,null,2,3,3,null
1,20,111,10100, 예술과사상,null,1,3,3,null
1,20,111,10100, 예술과사상,null,2,3,3,null
1,20,111,11055, 옛시와그림의만남,null,1,3,3,null
1,20,111,11055, 옛시와그림의만남,null,2,3,3,null
1,20,111,11265, 음악과건강,null,1,3,3,null
1,20,111,11265, 음악과건강,null,2,3,3,null
1,20,111,11075, 창조와상상의기술,null,1,3,3,null
1,20,111,11075, 창조와상상의기술,null,2,3,3,null
1,20,111,11035," 퍼포먼스인문학:제의,놀이,연극",null,1,3,3,null
1,20,111,11035," 퍼포먼스인문학:제의,놀이,연극",null,2,3,3,null
1,20,111,10892," 표현,예술,그리고시대정신",null,1,3,3,null
1,20,111,10892," 표현,예술,그리고시대정신",null,2,3,3,null
1,20,111,10152, 한국미술의이해,null,1,3,3,null
1,20,111,10152, 한국미술의이해,null,2,3,3,null
1,20,111,11333," 한국사와상상력,스토리텔링",null,1,3,3,null
1,20,111,11333," 한국사와상상력,스토리텔링",null,2,3,3,null
1,20,111,10883, 한국의문화공간과예술,null,1,3,3,null
1,20,111,10883, 한국의문화공간과예술,null,2,3,3,null
1,20,111,10165, 현대미술사,null,1,3,3,null
1,20,111,10165, 현대미술사,null,2,3,3,null
1,20,111,11330, Reading American Popular Culture in the Digital Age,null,1,3,3,null
1,20,111,11330, Reading American Popular Culture in the Digital Age,null,2,3,3,null
1,20,111,10018, 국악의이해,null,1,3,3,null
1,20,111,10018, 국악의이해,null,2,3,3,null
1,20,111,11329, 색채의이해,null,1,3,3,null
1,20,111,11329, 색채의이해,null,2,3,3,null
1,20,111,11263, 예술과기술,null,1,3,3,null
1,20,111,11263, 예술과기술,null,2,3,3,null
1,20,111,11116, Introduction to World Music and Culture,null,1,3,3,null
1,20,111,11116, Introduction to World Music and Culture,null,2,3,3,null
1,20,111,11135, 사물과예술,null,1,3,3,null
1,20,111,11135, 사물과예술,null,2,3,3,null
1,20,112,11190, The Art of Thinking,null,1,3,3,null
1,20,112,11190, The Art of Thinking,null,2,3,3,null
1,20,112,10545, 근대일본과동아시아,null,1,3,3,null
1,20,112,10545, 근대일본과동아시아,null,2,3,3,null
1,20,112,11046, 동서양의인간이해,null,1,3,3,null
1,20,112,11046, 동서양의인간이해,null,2,3,3,null
1,20,112,10034, 동양철학의이해,null,1,3,3,null
1,20,112,10034, 동양철학의이해,null,2,3,3,null
1,20,112,10769, 모던/포스트모던문화읽기,null,1,3,3,null
1,20,112,10769, 모던/포스트모던문화읽기,null,2,3,3,null
1,20,112,11056, 문화로읽는한국사,null,1,3,3,null
1,20,112,11056, 문화로읽는한국사,null,2,3,3,null
1,20,112,11185, 문화와예술을통해본르네상스역사,null,1,3,3,null
1,20,112,11185, 문화와예술을통해본르네상스역사,null,2,3,3,null
1,20,112,10772, 여성과사회정의,null,1,3,3,null
1,20,112,10772, 여성과사회정의,null,2,3,3,null
1,20,112,11054, 연어프로젝트:한국여성나의뿌리를찾아서 ,null,1,3,3,null
1,20,112,11054, 연어프로젝트:한국여성나의뿌리를찾아서 ,null,2,3,3,null
1,20,112,10108, 인간과종교,null,1,3,3,null
1,20,112,10108, 인간과종교,null,2,3,3,null
1,20,112,11041, 인간과철학적사유,null,1,3,3,null
1,20,112,11041, 인간과철학적사유,null,2,3,3,null
1,20,112,11293, 인물로본중국의역사,null,1,3,3,null
1,20,112,11293, 인물로본중국의역사,null,2,3,3,null
1,20,112,10581, 인물로본한국사,null,1,3,3,null
1,20,112,10581, 인물로본한국사,null,2,3,3,null
1,20,112,11078, 젠더와역사,null,1,3,3,null
1,20,112,11078, 젠더와역사,null,2,3,3,null
1,20,112,10767, 종교와문화,null,1,3,3,null
1,20,112,10767, 종교와문화,null,2,3,3,null
1,20,112,11057, 주제로살펴보는서양근현대사,null,1,3,3,null
1,20,112,11057, 주제로살펴보는서양근현대사,null,2,3,3,null
1,20,112,10544, 중국의역사와문화,null,1,3,3,null
1,20,112,10544, 중국의역사와문화,null,2,3,3,null
1,20,112,11297, 질병치료와백신의역사,null,1,3,3,null
1,20,112,11297, 질병치료와백신의역사,null,2,3,3,null
1,20,112,11189, 철학의은유들,null,1,3,3,null
1,20,112,11189, 철학의은유들,null,2,3,3,null
1,20,112,11045, 패러다임전환과비판이론,null,1,3,3,null
1,20,112,11045, 패러다임전환과비판이론,null,2,3,3,null
1,20,112,10149, 한국근현대사 ,null,1,3,3,null
1,20,112,10149, 한국근현대사 ,null,2,3,3,null
1,20,112,11058, 한국사의새로운이해,null,1,3,3,null
1,20,112,11058, 한국사의새로운이해,null,2,3,3,null
1,20,112,11366, 한국의문화유산역사여행,null,1,3,3,null
1,20,112,11366, 한국의문화유산역사여행,null,2,3,3,null
1,20,112,11186, Evolutionary Origin of Humans,null,1,3,3,null
1,20,112,11186, Evolutionary Origin of Humans,null,2,3,3,null
1,20,112,11295, 인공지능시대의과학과종교,null,1,3,3,null
1,20,112,11295, 인공지능시대의과학과종교,null,2,3,3,null
1,20,113,11360, ICT융복합복지와법,null,1,3,3,null
1,20,113,11360, ICT융복합복지와법,null,2,3,3,null
1,20,113,11259, SDGs시대글로벌보건협력:개발도상국의보건의료현황과국제사회의지원 ,null,1,3,3,null
1,20,113,11259, SDGs시대글로벌보건협력:개발도상국의보건의료현황과국제사회의지원 ,null,2,3,3,null
1,20,113,10011, 가족건강과간호,null,1,3,3,null
1,20,113,10011, 가족건강과간호,null,2,3,3,null
1,20,113,10932, 건축으로읽는사회문화사,null,1,3,3,null
1,20,113,10932, 건축으로읽는사회문화사,null,2,3,3,null
1,20,113,10013, 경영과사회,null,1,3,3,null
1,20,113,10013, 경영과사회,null,2,3,3,null
1,20,113,11210, 교육커뮤니케이션의이해와실제,null,1,3,3,null
1,20,113,11210, 교육커뮤니케이션의이해와실제,null,2,3,3,null
1,20,113,10949, 국제구호와개발협력,null,1,3,3,null
1,20,113,10949, 국제구호와개발협력,null,2,3,3,null
1,20,113,10913, 글로벌시대의다문화사회,null,1,3,3,null
1,20,113,10913, 글로벌시대의다문화사회,null,2,3,3,null
1,20,113,10914, 글로벌시대의아시아여성,null,1,3,3,null
1,20,113,10914, 글로벌시대의아시아여성,null,2,3,3,null
1,20,113,11260, 기업과정신과혁신,null,1,3,3,null
1,20,113,11260, 기업과정신과혁신,null,2,3,3,null
1,20,113,10091, 노동과젠더,null,1,3,3,null
1,20,113,10091, 노동과젠더,null,2,3,3,null
1,20,113,11332, 도시공간문화로읽는한국사,null,1,3,3,null
1,20,113,11332, 도시공간문화로읽는한국사,null,2,3,3,null
1,20,113,10886, 동양고전의현대적이해,null,1,3,3,null
1,20,113,10886, 동양고전의현대적이해,null,2,3,3,null
1,20,113,11292, 모방과인간,null,1,3,3,null
1,20,113,11292, 모방과인간,null,2,3,3,null
1,20,113,11193, 법과젠더,null,1,3,3,null
1,20,113,11193, 법과젠더,null,2,3,3,null
1,20,113,10549, 북한정치의이해,null,1,3,3,null
1,20,113,10549, 북한정치의이해,null,2,3,3,null
1,20,113,10548, 북한주민의문화와생활,null,1,3,3,null
1,20,113,10548, 북한주민의문화와생활,null,2,3,3,null
1,20,113,10929, 브레인스펙트럼,null,1,3,3,null
1,20,113,10929, 브레인스펙트럼,null,2,3,3,null
1,20,113,10573, 생명윤리와법,null,1,3,3,null
1,20,113,10573, 생명윤리와법,null,2,3,3,null
1,20,113,10074, 성문화연구,null,1,3,3,null
1,20,113,10074, 성문화연구,null,2,3,3,null
1,20,113,10081, 시민생활과법,null,1,3,3,null
1,20,113,10081, 시민생활과법,null,2,3,3,null
1,20,113,10094, 여성학,null,1,3,3,null
1,20,113,10094, 여성학,null,2,3,3,null
1,20,113,11089, 여행과지리:글로벌화의지역탐색,null,1,3,3,null
1,20,113,11089, 여행과지리:글로벌화의지역탐색,null,2,3,3,null
1,20,113,10908, 영상이미지와젠더,null,1,3,3,null
1,20,113,10908, 영상이미지와젠더,null,2,3,3,null
1,20,113,10904, 우리사회의문제와쟁점찾기,null,1,3,3,null
1,20,113,10904, 우리사회의문제와쟁점찾기,null,2,3,3,null
1,20,113,11358, 인간관계심리,null,1,3,3,null
1,20,113,11358, 인간관계심리,null,2,3,3,null
1,20,113,10109, 인간발달과가족,null,1,3,3,null
1,20,113,10109, 인간발달과가족,null,2,3,3,null
1,20,113,10903, 인간발달과문화의다양성,null,1,3,3,null
1,20,113,10903, 인간발달과문화의다양성,null,2,3,3,null
1,20,113,11114, 인간은왜춤을추는가,null,1,3,3,null
1,20,113,11114, 인간은왜춤을추는가,null,2,3,3,null
1,20,113,11103, 인터넷과법,null,1,3,3,null
1,20,113,11103, 인터넷과법,null,2,3,3,null
1,20,113,11359, 정신건강과행복,null,1,3,3,null
1,20,113,11359, 정신건강과행복,null,2,3,3,null
1,20,113,11104, 죄와벌,null,1,3,3,null
1,20,113,11104, 죄와벌,null,2,3,3,null
1,20,113,10905, 지구촌의사회복지,null,1,3,3,null
1,20,113,10905, 지구촌의사회복지,null,2,3,3,null
1,20,113,11105, 직업세계와법,null,1,3,3,null
1,20,113,11105, 직업세계와법,null,2,3,3,null
1,20,113,11039, 키워드로읽는중국문화,null,1,3,3,null
1,20,113,11039, 키워드로읽는중국문화,null,2,3,3,null
1,20,113,11215, 통합적분쟁이해와조정,null,1,3,3,null
1,20,113,11215, 통합적분쟁이해와조정,null,2,3,3,null
1,19,113,10887, 현대중국의이해,null,1,3,3,null
1,19,113,10887, 현대중국의이해,null,2,3,3,null
1,20,113,11162, Middle Eastern Political Theology: Religious Sources,null,1,3,3,null
1,20,113,11162, Middle Eastern Political Theology: Religious Sources,null,2,3,3,null
1,20,113,11079, 장애와사회,null,1,3,3,null
1,20,113,11079, 장애와사회,null,2,3,3,null
1,20,113,11296, 청춘의아픔과치유:행복인문학,null,1,3,3,null
1,20,113,11296, 청춘의아픔과치유:행복인문학,null,2,3,3,null
1,20,113,10181, 환경과인간,null,1,3,3,null
1,20,113,10181, 환경과인간,null,2,3,3,null
1,20,113,11188, Introduction to Ethnic Conflict and Management,null,1,3,3,null
1,20,113,11188, Introduction to Ethnic Conflict and Management,null,2,3,3,null
1,20,113,11106, 글로벌시민의이해와리더십,null,1,3,3,null
1,20,113,11106, 글로벌시민의이해와리더십,null,2,3,3,null
1,20,113,10933, 대학생의성건강,null,1,3,3,null
1,20,113,10933, 대학생의성건강,null,2,3,3,null
1,20,113,11308, 데이터로고전읽기,null,1,3,3,null
1,20,113,11308, 데이터로고전읽기,null,2,3,3,null
1,20,113,11351, 삶을위한멘탈코칭,null,1,3,3,null
1,20,113,11351, 삶을위한멘탈코칭,null,1,3,3,null
1,20,114,10556, 4차산업혁명과창의융합SW,null,1,3,3,null
1,20,114,10556, 4차산업혁명과창의융합SW,null,2,3,3,null
1,20,114,10930, Behavior of Animals,null,1,3,3,null
1,20,114,10930, Behavior of Animals,null,2,3,3,null
1,20,114,11111, SF영화로배우는철학,null,1,3,3,null
1,20,114,11111, SF영화로배우는철학,null,2,3,3,null
1,20,114,11213, 과학과몸의역사,null,1,3,3,null
1,20,114,11213, 과학과몸의역사,null,2,3,3,null
1,20,114,11155, 과학과허구,null,1,3,3,null
1,20,114,11155, 과학과허구,null,2,3,3,null
1,20,114,11101, 과학문화와커뮤니케이션,null,1,3,3,null
1,20,114,11101, 과학문화와커뮤니케이션,null,2,3,3,null
1,20,114,10776, 글로벌시민을위한과학소양,null,1,3,3,null
1,20,114,10776, 글로벌시민을위한과학소양,null,2,3,3,null
1,20,114,11154, 사물인터넷개론,null,1,3,3,null
1,20,114,11154, 사물인터넷개론,null,2,3,3,null
1,20,114,10052, 약과건강,null,1,3,3,null
1,20,114,10052, 약과건강,null,2,3,3,null
1,20,114,11102," 에너지의이해,이용,실천",null,1,3,3,null
1,20,114,11102," 에너지의이해,이용,실천",null,2,3,3,null
1,20,114,11257, 에피소드로보는과학철학,null,1,3,3,null
1,20,114,11257, 에피소드로보는과학철학,null,2,3,3,null
1,20,114,10910, 위험판단심리학,null,1,3,3,null
1,20,114,10910, 위험판단심리학,null,2,3,3,null
1,20,114,10104, 응용통계입문,null,1,3,3,null
1,20,114,10104, 응용통계입문,null,2,3,3,null
1,20,114,11336, 인공지능과인간,null,1,3,3,null
1,20,114,11336, 인공지능과인간,null,2,3,3,null
1,20,114,11261, 인공지능시대의정보산업이해,null,1,3,3,null
1,20,114,11261, 인공지능시대의정보산업이해,null,2,3,3,null
1,20,114,10559, 인류문명과환경과학,null,1,3,3,null
1,20,114,10559, 인류문명과환경과학,null,2,3,3,null
1,20,114,11156," 자연과의대화,환경생태",null,1,3,3,null
1,20,114,11156," 자연과의대화,환경생태",null,2,3,3,null
1,20,114,11160, 정보기술과미래사회,null,1,3,3,null
1,20,114,11160, 정보기술과미래사회,null,2,3,3,null
1,20,114,10123, 정보사회와인터넷윤리,null,1,3,3,null
1,20,114,10123, 정보사회와인터넷윤리,null,2,3,3,null
1,20,114,11096, 정보화사회와통계,null,1,3,3,null
1,20,114,11096, 정보화사회와통계,null,2,3,3,null
1,20,114,10135, 지구의역사,null,1,3,3,null
1,20,114,10135, 지구의역사,null,2,3,3,null
1,20,114,11042, 컴퓨터와마음,null,1,3,3,null
1,20,114,11042, 컴퓨터와마음,null,2,3,3,null
1,20,114,11152, 콘텐츠컴퓨팅,null,1,3,3,null
1,20,114,11152, 콘텐츠컴퓨팅,null,2,3,3,null
1,20,114,11145, 크리에이티브컴퓨팅,null,1,3,3,null
1,20,114,11145, 크리에이티브컴퓨팅,null,2,3,3,null
1,20,114,10164, 현대물리학과인간사고의변혁,null,1,3,3,null
1,20,114,10164, 현대물리학과인간사고의변혁,null,2,3,3,null
1,20,114,11157, 환경재난과국제협력,null,1,3,3,null
1,20,114,11157, 환경재난과국제협력,null,2,3,3,null
1,20,114,11262, 생활속의미생물,null,1,3,3,null
1,20,114,11262, 생활속의미생물,null,2,3,3,null
1,20,114,11264, 세계의자연유산과지오투어리즘,null,1,3,3,null
1,20,114,11264, 세계의자연유산과지오투어리즘,null,2,3,3,null
1,20,114,11043, 현대사회의기록과정보,null,1,3,3,null
1,20,114,11043, 현대사회의기록과정보,null,2,3,3,null
1,20,114,11187, 빅데이터사회와정보활용,null,1,3,3,null
1,20,114,11187, 빅데이터사회와정보활용,null,2,3,3,null
1,20,114,11098, 주거로보는건축문화,null,1,3,3,null
1,20,114,11098, 주거로보는건축문화,null,2,3,3,null
1,20,115,37191,외국어로서의한국어학,1,1,3,3,null
1,20,115,33486,한국현대문학의이해,1,1,3,3,null
1,20,115,35067,한국문학의세계,1,2,3,3,null
1,20,115,20025,한국인의언어구조,1,2,3,3,null
1,20,115,36818,언어와여성,2,1,3,3,null
1,20,115,33574,한국고전소설읽기,2,1,3,3,null
1,20,115,36819,한국문학과세계문학,2,1,3,3,null
1,20,115,20024,한국어형태론,2,1,3,3,null
1,20,115,33572,한국현대문학비평의실제,2,1,3,3,null
1,20,115,20028,한국현대소설론,2,1,3,3,null
1,20,115,20016,창작의이론과실기,2,2,3,3,null
1,20,115,33577,한국어음운과문자,2,2,3,3,null
1,20,115,33576,한국한문고전강독,2,2,3,3,null
1,20,115,33575,한국현대시읽기,2,2,3,3,null
1,20,115,37714,현장실습1,3,1,null,1,null
1,20,115,37715,현장실습2,3,1,null,2,null
1,20,115,37714,현장실습1,3,2,null,1,null
1,20,115,37715,현장실습2,3,2,null,2,null
1,20,115,33207,문예창작론,3,1,2,2,null
1,20,115,20014,시조가사론,3,1,3,3,null
1,20,115,33209,우리옛말강독,3,1,3,3,null
1,20,115,33580,한국구비문학의세계,3,1,3,3,null
1,20,115,33211,한국어의미론,3,1,3,3,null
1,20,115,36820,이야기와스토리텔링,3,2,3,3,null
1,20,115,33582,한국고전소설의세계,3,2,3,3,null
1,20,115,38029,한국어능력개발의이론과실제,3,2,3,3,null
1,20,115,33579,한국어의문장구조,3,2,3,3,null
1,20,115,37192,한국현대서사와젠더,3,2,3,3,null
1,20,115,33573,한국현대소설작가연구,3,2,3,3,null
1,20,115,33581,회곡의이론과분석,3,2,3,3,null
1,20,115,38031,전공설계심화2,4,1,null,3,null
1,20,115,38030,전공설계심화1,4,1,null,3,null
1,20,115,38031,전공설계심화2,4,2,null,3,null
1,20,115,38030,전공설계심화1,4,2,null,3,null
1,20,115,37193,고전문학과현대문화,4,1,3,3,null
1,20,115,33583,한국어의뿌리와역사,4,1,3,3,null
1,20,115,20026,한국한문학의세계,4,1,3,3,null
1,20,115,20031,한국현대시론,4,1,3,3,null
1,20,115,20012,문학연구방법론,4,2,3,3,null
1,20,115,37194,창의적글쓰기와문화예술:캡스톤디자인,4,2,3,3,null
1,20,115,33584,향가와고려가요,4,2,3,3,null
1,20,115,35070,화법과미디어언어,4,2,3,3,null
1,21,126,37191,외국어로서의한국어학,1,1,3,3,null
1,21,126,33486,한국현대문학의이해,1,1,3,3,null
1,21,126,35067,한국문학의세계,1,2,3,3,null
1,21,126,20025,한국인의언어구조,1,2,3,3,null
1,21,126,36818,언어와여성,2,1,3,3,null
1,21,126,33574,한국고전소설읽기,2,1,3,3,null
1,21,126,36819,한국문학과세계문학,2,1,3,3,null
1,21,126,20024,한국어형태론,2,1,3,3,null
1,21,126,33572,한국현대문학비평의실제,2,1,3,3,null
1,21,126,20028,한국현대소설론,2,1,3,3,null
1,21,126,20016,창작의이론과실기,2,2,3,3,null
1,21,126,33577,한국어음운과문자,2,2,3,3,null
1,21,126,33576,한국한문고전강독,2,2,3,3,null
1,21,126,33575,한국현대시읽기,2,2,3,3,null
1,21,126,37714,현장실습1,3,1,null,1,null
1,21,126,37715,현장실습2,3,1,null,2,null
1,21,126,37714,현장실습1,3,2,null,1,null
1,21,126,37715,현장실습2,3,2,null,2,null
1,21,126,33207,문예창작론,3,1,2,2,null
1,21,126,20014,시조가사론,3,1,3,3,null
1,21,126,33209,우리옛말강독,3,1,3,3,null
1,21,126,33580,한국구비문학의세계,3,1,3,3,null
1,21,126,33211,한국어의미론,3,1,3,3,null
1,21,126,36820,이야기와스토리텔링,3,2,3,3,null
1,21,126,33582,한국고전소설의세계,3,2,3,3,null
1,21,126,38029,한국어능력개발의이론과실제,3,2,3,3,null
1,21,126,33579,한국어의문장구조,3,2,3,3,null
1,21,126,37192,한국현대서사와젠더,3,2,3,3,null
1,21,126,33573,한국현대소설작가연구,3,2,3,3,null
1,21,126,33581,회곡의이론과분석,3,2,3,3,null
1,21,126,38031,전공설계심화2,4,1,null,3,null
1,21,126,38030,전공설계심화1,4,1,null,3,null
1,21,126,38031,전공설계심화2,4,2,null,3,null
1,21,126,38030,전공설계심화1,4,2,null,3,null
1,21,126,37193,고전문학과현대문화,4,1,3,3,null
1,21,126,33583,한국어의뿌리와역사,4,1,3,3,null
1,21,126,20026,한국한문학의세계,4,1,3,3,null
1,21,126,20031,한국현대시론,4,1,3,3,null
1,21,126,20012,문학연구방법론,4,2,3,3,null
1,21,126,37194,창의적글쓰기와문화예술:캡스톤디자인,4,2,3,3,null
1,21,126,33584,향가와고려가요,4,2,3,3,null
1,21,126,35070,화법과미디어언어,4,2,3,3,null
1,21,116,10023, 기독교와세계,1,1,3,3,null
1,21,116,10023, 기독교와세계,1,2,3,3,null
1,21,117,11352, 통합적사고와글쓰기,1,1,3,2,null
1,21,117,11352, 통합적사고와글쓰기,1,2,3,2,null
1,21,119,10099, Advanced English,1,1,3,3,null
1,21,119,10099, Advanced English,1,2,3,3,null
1,21,120,10563,기본중국어,1,1,3,3,null
1,21,120,10563,기본중국어,1,2,3,3,null
1,21,120,10133,중급중국어,1,1,3,3,null
1,21,120,10133,중급중국어,1,2,3,3,null
1,21,120,10564,기본프랑스어,1,1,3,3,null
1,21,120,10564,기본프랑스어,1,2,3,3,null
1,21,120,10565,중급프랑스어,1,1,3,3,null
1,21,120,10565,중급프랑스어,1,2,3,3,null
1,21,120,10566,기본독일어,1,1,3,3,null
1,21,120,10566,기본독일어,1,2,3,3,null
1,21,120,10130,중급독일어,1,1,3,3,null
1,21,120,10130,중급독일어,1,2,3,3,null
1,21,120,10570,기본일본어,1,1,3,3,null
1,21,120,10570,기본일본어,1,2,3,3,null
1,21,120,10132,중급일본어,1,1,3,3,null
1,21,120,10132,중급일본어,1,2,3,3,null
1,21,120,10571,기본스페인어,1,1,3,3,null
1,21,120,10571,기본스페인어,1,2,3,3,null
1,21,120,10665,중급스페인어,1,1,3,3,null
1,21,120,10665,중급스페인어,1,2,3,3,null
1,21,120,10572,기본러시아어,1,1,3,3,null
1,21,120,10572,기본러시아어,1,2,3,3,null
1,21,118,11208, IT융합설계개론,null,1,3,3,null
1,21,118,11208, IT융합설계개론,null,2,3,3,null
1,21,118,11206, 계산의기초와융합적문제해결,null,1,3,3,null
1,21,118,11206, 계산의기초와융합적문제해결,null,2,3,3,null
1,21,118,11204, 논리와컴퓨터,null,1,3,3,null
1,21,118,11204, 논리와컴퓨터,null,2,3,3,null
1,21,118,11357, 데이터컨버전스와법,null,1,3,3,null
1,21,118,11357, 데이터컨버전스와법,null,2,3,3,null
1,21,118,11373, 데이터컴퓨팅,null,1,3,3,null
1,21,118,11373, 데이터컴퓨팅,null,2,3,3,null
1,21,118,11356, 리눅스와시스템적사고,null,1,3,3,null
1,21,118,11356, 리눅스와시스템적사고,null,2,3,3,null
1,21,118,11309, 문제해결과SW프로그래밍,null,1,3,3,null
1,21,118,11309, 문제해결과SW프로그래밍,null,2,3,3,null
1,21,118,11365, 빅데이터와젠더,null,1,3,3,null
1,21,118,11365, 빅데이터와젠더,null,2,3,3,null
1,21,118,11367, 사회문제해결을위한R프로그래밍기초,null,1,3,3,null
1,21,118,11367, 사회문제해결을위한R프로그래밍기초,null,2,3,3,null
1,21,118,11233, 음악테크놀로지와프로그래밍,null,1,3,3,null
1,21,118,11233, 음악테크놀로지와프로그래밍,null,2,3,3,null
1,21,118,11368, 정보와인공지능의수리적이해,null,1,3,3,null
1,21,118,11368, 정보와인공지능의수리적이해,null,2,3,3,null
1,21,118,11205, 컴퓨터과학적인식과문제해결,null,1,3,3,null
1,21,118,11205, 컴퓨터과학적인식과문제해결,null,2,3,3,null
1,21,118,11374, 컴퓨터보안과윈도우포렌식,null,1,3,3,null
1,21,118,11374, 컴퓨터보안과윈도우포렌식,null,2,3,3,null
1,21,118,11362, 컴퓨터속의우주,null,1,3,3,null
1,21,118,11362, 컴퓨터속의우주,null,2,3,3,null
1,21,118,11369, 컴퓨터식문제해결기법,null,1,3,3,null
1,21,118,11369, 컴퓨터식문제해결기법,null,2,3,3,null
1,21,118,11232, 컴퓨터적사고와이해,null,1,3,3,null
1,21,118,11232, 컴퓨터적사고와이해,null,2,3,3,null
1,21,118,11234, 컴퓨터적사고와조형적활용,null,1,3,3,null
1,21,118,11234, 컴퓨터적사고와조형적활용,null,2,3,3,null
1,21,118,11211, 컴퓨팅적사고와프로그래밍,null,1,3,3,null
1,21,118,11211, 컴퓨팅적사고와프로그래밍,null,2,3,3,null
1,21,118,11364, 푸드테크시대의음식과디자인,null,1,3,3,null
1,21,118,11364, 푸드테크시대의음식과디자인,null,2,3,3,null
1,21,118,11207, 프로그래밍과통계적사고,null,1,3,3,null
1,21,118,11207, 프로그래밍과통계적사고,null,2,3,3,null
1,21,118,11361, 프로그래밍을위한컴퓨팅적사고,null,1,3,3,null
1,21,118,11361, 프로그래밍을위한컴퓨팅적사고,null,2,3,3,null
1,21,121,11053, 21세기사회와문학의대화,null,1,3,3,null
1,21,121,11053, 21세기사회와문학의대화,null,2,3,3,null
1,21,121,11334, Critical and Creative Textual Studies,null,1,3,3,null
1,21,121,11334, Critical and Creative Textual Studies,null,2,3,3,null
1,21,121,11183, The Story of Human Language,null,1,3,3,null
1,21,121,11183, The Story of Human Language,null,2,3,3,null
1,21,121,11165, Topics in Multiethnic American Literature,null,1,3,3,null
1,21,121,11165, Topics in Multiethnic American Literature,null,2,3,3,null
1,21,121,11112, 다매체시대의비교문학,null,1,3,3,null
1,21,121,11112, 다매체시대의비교문학,null,2,3,3,null
1,21,121,11108, 동아시아문학으로문화읽기,null,1,3,3,null
1,21,121,11108, 동아시아문학으로문화읽기,null,2,3,3,null
1,21,121,11038, 디지털미디어시대의동아시아문자,null,1,3,3,null
1,21,121,11038, 디지털미디어시대의동아시아문자,null,2,3,3,null
1,21,121,10041, 문학과삶,null,1,3,3,null
1,21,121,10041, 문학과삶,null,2,3,3,null
1,21,121,10654, 문학과영화,null,1,3,3,null
1,21,121,10654, 문학과영화,null,2,3,3,null
1,21,121,11148, 문학으로보는사랑의역사,null,1,3,3,null
1,21,121,11148, 문학으로보는사랑의역사,null,2,3,3,null
1,21,121,11184, 문학으로함께배우는매체/이야기,null,1,3,3,null
1,21,121,11184, 문학으로함께배우는매체/이야기,null,2,3,3,null
1,21,121,11146, 문화로읽는현대시의세계,null,1,3,3,null
1,21,121,11146, 문화로읽는현대시의세계,null,1,3,3,null
1,21,121,11147, 사이언스픽션의이해,null,1,3,3,null
1,21,121,11147, 사이언스픽션의이해,null,2,3,3,null
1,21,121,11297, 생태와문학,null,1,3,3,null
1,21,121,11297, 생태와문학,null,2,3,3,null
1,21,121,10768, 신화·상상력·문화,null,1,3,3,null
1,21,121,10768, 신화·상상력·문화,null,2,3,3,null
1,21,121,11109, 여행문학과세계인식,null,1,3,3,null
1,21,121,11109, 여행문학과세계인식,null,2,3,3,null
1,21,121,10882, 인간과언어,null,1,3,3,null
1,21,121,10882, 인간과언어,null,2,3,3,null
1,21,121,11258, 자연과문학,null,1,3,3,null
1,21,121,11258, 자연과문학,null,2,3,3,null
1,21,121,10543, 한국현대시와삶읽기,null,1,3,3,null
1,21,121,10543, 한국현대시와삶읽기,null,2,3,3,null
1,21,121,11134, 현대영어권문학의동향,null,1,3,3,null
1,21,121,11134, 현대영어권문학의동향,null,2,3,3,null
1,21,121,10896, 환상문학의세계,null,1,3,3,null
1,21,121,10896, 환상문학의세계,null,2,3,3,null
1,21,121,10950, 디지털스토리텔링의이해,null,1,3,3,null
1,21,121,10950, 디지털스토리텔링의이해,null,2,3,3,null
1,21,122,11107, 21세기의예술과인간,null,1,3,3,null
1,21,122,11107, 21세기의예술과인간,null,2,3,3,null
1,21,122,11164, Contemporary Photography,null,1,3,3,null
1,21,122,11164, Contemporary Photography,null,2,3,3,null
1,21,122,10033, 동양미술의이해,null,1,3,3,null
1,21,122,10033, 동양미술의이해,null,2,3,3,null
1,21,122,10778, 디지털매체와예술,null,1,3,3,null
1,21,122,10778, 디지털매체와예술,null,2,3,3,null
1,21,122,10576, 무용의이해,null,1,3,3,null
1,21,122,10576, 무용의이해,null,2,3,3,null
1,21,122,11153, 문화콘텐츠기획의이해,null,1,3,3,null
1,21,122,11153, 문화콘텐츠기획의이해,null,2,3,3,null
1,21,122,11328, 미술로치유하는마음,null,1,3,3,null
1,21,122,11328, 미술로치유하는마음,null,2,3,3,null
1,21,122,11083, 미학과미술,null,1,3,3,null
1,21,122,11083, 미학과미술,null,2,3,3,null
1,21,122,10072, 서양미술의이해,null,1,3,3,null
1,21,122,10072, 서양미술의이해,null,2,3,3,null
1,21,122,10073, 서양음악의이해,null,1,3,3,null
1,21,122,10073, 서양음악의이해,null,2,3,3,null
1,21,122,11084, 시각문화로서미술작품읽기,null,1,3,3,null
1,21,122,11084, 시각문화로서미술작품읽기,null,2,3,3,null
1,21,122,11209, 시각적사고를통한일상의문화와트랜드,null,1,3,3,null
1,21,122,11209, 시각적사고를통한일상의문화와트랜드,null,2,3,3,null
1,21,122,10090, 여성과예술,null,1,3,3,null
1,21,122,10090, 여성과예술,null,2,3,3,null
1,21,122,11113, 여성의몸과창조적움직임,null,1,3,3,null
1,21,122,11113, 여성의몸과창조적움직임,null,2,3,3,null
1,21,122,10097, 연극의이론과실제,null,1,3,3,null
1,21,122,10097, 연극의이론과실제,null,2,3,3,null
1,21,122,11110, 예술가와그의시대,null,1,3,3,null
1,21,122,11110, 예술가와그의시대,null,2,3,3,null
1,21,122,10100, 예술과사상,null,1,3,3,null
1,21,122,10100, 예술과사상,null,2,3,3,null
1,21,122,11055, 옛시와그림의만남,null,1,3,3,null
1,21,122,11055, 옛시와그림의만남,null,2,3,3,null
1,21,122,11265, 음악과건강,null,1,3,3,null
1,21,122,11265, 음악과건강,null,2,3,3,null
1,21,122,11075, 창조와상상의기술,null,1,3,3,null
1,21,122,11075, 창조와상상의기술,null,2,3,3,null
1,21,122,11035," 퍼포먼스인문학:제의,놀이,연극",null,1,3,3,null
1,21,122,11035," 퍼포먼스인문학:제의,놀이,연극",null,2,3,3,null
1,21,122,10892," 표현,예술,그리고시대정신",null,1,3,3,null
1,21,122,10892," 표현,예술,그리고시대정신",null,2,3,3,null
1,21,122,10152, 한국미술의이해,null,1,3,3,null
1,21,122,10152, 한국미술의이해,null,2,3,3,null
1,21,122,11333," 한국사와상상력,스토리텔링",null,1,3,3,null
1,21,122,11333," 한국사와상상력,스토리텔링",null,2,3,3,null
1,21,122,10883, 한국의문화공간과예술,null,1,3,3,null
1,21,122,10883, 한국의문화공간과예술,null,2,3,3,null
1,21,122,10165, 현대미술사,null,1,3,3,null
1,21,122,10165, 현대미술사,null,2,3,3,null
1,21,122,11330, Reading American Popular Culture in the Digital Age,null,1,3,3,null
1,21,122,11330, Reading American Popular Culture in the Digital Age,null,2,3,3,null
1,21,122,10018, 국악의이해,null,1,3,3,null
1,21,122,10018, 국악의이해,null,2,3,3,null
1,21,122,11329, 색채의이해,null,1,3,3,null
1,21,122,11329, 색채의이해,null,2,3,3,null
1,21,122,11263, 예술과기술,null,1,3,3,null
1,21,122,11263, 예술과기술,null,2,3,3,null
1,21,122,11116, Introduction to World Music and Culture,null,1,3,3,null
1,21,122,11116, Introduction to World Music and Culture,null,2,3,3,null
1,21,122,11135, 사물과예술,null,1,3,3,null
1,21,122,11135, 사물과예술,null,2,3,3,null
1,21,123,11190, The Art of Thinking,null,1,3,3,null
1,21,123,11190, The Art of Thinking,null,2,3,3,null
1,21,123,10545, 근대일본과동아시아,null,1,3,3,null
1,21,123,10545, 근대일본과동아시아,null,2,3,3,null
1,21,123,11046, 동서양의인간이해,null,1,3,3,null
1,21,123,11046, 동서양의인간이해,null,2,3,3,null
1,21,123,10034, 동양철학의이해,null,1,3,3,null
1,21,123,10034, 동양철학의이해,null,2,3,3,null
1,21,123,10769, 모던/포스트모던문화읽기,null,1,3,3,null
1,21,123,10769, 모던/포스트모던문화읽기,null,2,3,3,null
1,21,123,11056, 문화로읽는한국사,null,1,3,3,null
1,21,123,11056, 문화로읽는한국사,null,2,3,3,null
1,21,123,11185, 문화와예술을통해본르네상스역사,null,1,3,3,null
1,21,123,11185, 문화와예술을통해본르네상스역사,null,2,3,3,null
1,21,123,10772, 여성과사회정의,null,1,3,3,null
1,21,123,10772, 여성과사회정의,null,2,3,3,null
1,21,123,11054, 연어프로젝트:한국여성나의뿌리를찾아서 ,null,1,3,3,null
1,21,123,11054, 연어프로젝트:한국여성나의뿌리를찾아서 ,null,2,3,3,null
1,21,123,10108, 인간과종교,null,1,3,3,null
1,21,123,10108, 인간과종교,null,2,3,3,null
1,21,123,11041, 인간과철학적사유,null,1,3,3,null
1,21,123,11041, 인간과철학적사유,null,2,3,3,null
1,21,123,11293, 인물로본중국의역사,null,1,3,3,null
1,21,123,11293, 인물로본중국의역사,null,2,3,3,null
1,21,123,10581, 인물로본한국사,null,1,3,3,null
1,21,123,10581, 인물로본한국사,null,2,3,3,null
1,21,123,11078, 젠더와역사,null,1,3,3,null
1,21,123,11078, 젠더와역사,null,2,3,3,null
1,21,123,10767, 종교와문화,null,1,3,3,null
1,21,123,10767, 종교와문화,null,2,3,3,null
1,21,123,11057, 주제로살펴보는서양근현대사,null,1,3,3,null
1,21,123,11057, 주제로살펴보는서양근현대사,null,2,3,3,null
1,21,123,10544, 중국의역사와문화,null,1,3,3,null
1,21,123,10544, 중국의역사와문화,null,2,3,3,null
1,21,123,11297, 질병치료와백신의역사,null,1,3,3,null
1,21,123,11297, 질병치료와백신의역사,null,2,3,3,null
1,21,123,11189, 철학의은유들,null,1,3,3,null
1,21,123,11189, 철학의은유들,null,2,3,3,null
1,21,123,11045, 패러다임전환과비판이론,null,1,3,3,null
1,21,123,11045, 패러다임전환과비판이론,null,2,3,3,null
1,21,123,10149, 한국근현대사 ,null,1,3,3,null
1,21,123,10149, 한국근현대사 ,null,2,3,3,null
1,21,123,11058, 한국사의새로운이해,null,1,3,3,null
1,21,123,11058, 한국사의새로운이해,null,2,3,3,null
1,21,123,11366, 한국의문화유산역사여행,null,1,3,3,null
1,21,123,11366, 한국의문화유산역사여행,null,2,3,3,null
1,21,123,11186, Evolutionary Origin of Humans,null,1,3,3,null
1,21,123,11186, Evolutionary Origin of Humans,null,2,3,3,null
1,21,123,11295, 인공지능시대의과학과종교,null,1,3,3,null
1,21,123,11295, 인공지능시대의과학과종교,null,2,3,3,null
1,21,124,11360, ICT융복합복지와법,null,1,3,3,null
1,21,124,11360, ICT융복합복지와법,null,2,3,3,null
1,21,124,11259, SDGs시대글로벌보건협력:개발도상국의보건의료현황과국제사회의지원 ,null,1,3,3,null
1,21,124,11259, SDGs시대글로벌보건협력:개발도상국의보건의료현황과국제사회의지원 ,null,2,3,3,null
1,21,124,10011, 가족건강과간호,null,1,3,3,null
1,21,124,10011, 가족건강과간호,null,2,3,3,null
1,21,124,10932, 건축으로읽는사회문화사,null,1,3,3,null
1,21,124,10932, 건축으로읽는사회문화사,null,2,3,3,null
1,21,124,10013, 경영과사회,null,1,3,3,null
1,21,124,10013, 경영과사회,null,2,3,3,null
1,21,124,11210, 교육커뮤니케이션의이해와실제,null,1,3,3,null
1,21,124,11210, 교육커뮤니케이션의이해와실제,null,2,3,3,null
1,21,124,10949, 국제구호와개발협력,null,1,3,3,null
1,21,124,10949, 국제구호와개발협력,null,2,3,3,null
1,21,124,10913, 글로벌시대의다문화사회,null,1,3,3,null
1,21,124,10913, 글로벌시대의다문화사회,null,2,3,3,null
1,21,124,10914, 글로벌시대의아시아여성,null,1,3,3,null
1,21,124,10914, 글로벌시대의아시아여성,null,2,3,3,null
1,21,124,11260, 기업과정신과혁신,null,1,3,3,null
1,21,124,11260, 기업과정신과혁신,null,2,3,3,null
1,21,124,10091, 노동과젠더,null,1,3,3,null
1,21,124,10091, 노동과젠더,null,2,3,3,null
1,21,124,11332, 도시공간문화로읽는한국사,null,1,3,3,null
1,21,124,11332, 도시공간문화로읽는한국사,null,2,3,3,null
1,21,124,10886, 동양고전의현대적이해,null,1,3,3,null
1,21,124,10886, 동양고전의현대적이해,null,2,3,3,null
1,21,124,11292, 모방과인간,null,1,3,3,null
1,21,124,11292, 모방과인간,null,2,3,3,null
1,21,124,11193, 법과젠더,null,1,3,3,null
1,21,124,11193, 법과젠더,null,2,3,3,null
1,21,124,10549, 북한정치의이해,null,1,3,3,null
1,21,124,10549, 북한정치의이해,null,2,3,3,null
1,21,124,10548, 북한주민의문화와생활,null,1,3,3,null
1,21,124,10548, 북한주민의문화와생활,null,2,3,3,null
1,21,124,10929, 브레인스펙트럼,null,1,3,3,null
1,21,124,10929, 브레인스펙트럼,null,2,3,3,null
1,21,124,10573, 생명윤리와법,null,1,3,3,null
1,21,124,10573, 생명윤리와법,null,2,3,3,null
1,21,124,10074, 성문화연구,null,1,3,3,null
1,21,124,10074, 성문화연구,null,2,3,3,null
1,21,124,10081, 시민생활과법,null,1,3,3,null
1,21,124,10081, 시민생활과법,null,2,3,3,null
1,21,124,10094, 여성학,null,1,3,3,null
1,21,124,10094, 여성학,null,2,3,3,null
1,21,124,11089, 여행과지리:글로벌화의지역탐색,null,1,3,3,null
1,21,124,11089, 여행과지리:글로벌화의지역탐색,null,2,3,3,null
1,21,124,10908, 영상이미지와젠더,null,1,3,3,null
1,21,124,10908, 영상이미지와젠더,null,2,3,3,null
1,21,124,10904, 우리사회의문제와쟁점찾기,null,1,3,3,null
1,21,124,10904, 우리사회의문제와쟁점찾기,null,2,3,3,null
1,21,124,11358, 인간관계심리,null,1,3,3,null
1,21,124,11358, 인간관계심리,null,2,3,3,null
1,21,124,10109, 인간발달과가족,null,1,3,3,null
1,21,124,10109, 인간발달과가족,null,2,3,3,null
1,21,124,10903, 인간발달과문화의다양성,null,1,3,3,null
1,21,124,10903, 인간발달과문화의다양성,null,2,3,3,null
1,21,124,11114, 인간은왜춤을추는가,null,1,3,3,null
1,21,124,11114, 인간은왜춤을추는가,null,2,3,3,null
1,21,124,11103, 인터넷과법,null,1,3,3,null
1,21,124,11103, 인터넷과법,null,2,3,3,null
1,21,124,11359, 정신건강과행복,null,1,3,3,null
1,21,124,11359, 정신건강과행복,null,2,3,3,null
1,21,124,11104, 죄와벌,null,1,3,3,null
1,21,124,11104, 죄와벌,null,2,3,3,null
1,21,124,10905, 지구촌의사회복지,null,1,3,3,null
1,21,124,10905, 지구촌의사회복지,null,2,3,3,null
1,21,124,11105, 직업세계와법,null,1,3,3,null
1,21,124,11105, 직업세계와법,null,2,3,3,null
1,21,124,11039, 키워드로읽는중국문화,null,1,3,3,null
1,21,124,11039, 키워드로읽는중국문화,null,2,3,3,null
1,21,124,11215, 통합적분쟁이해와조정,null,1,3,3,null
1,21,124,11215, 통합적분쟁이해와조정,null,2,3,3,null
1,21,124,10887, 현대중국의이해,null,1,3,3,null
1,21,124,10887, 현대중국의이해,null,2,3,3,null
1,21,124,11162, Middle Eastern Political Theology: Religious Sources,null,1,3,3,null
1,21,124,11162, Middle Eastern Political Theology: Religious Sources,null,2,3,3,null
1,21,124,11079, 장애와사회,null,1,3,3,null
1,21,124,11079, 장애와사회,null,2,3,3,null
1,21,124,11296, 청춘의아픔과치유:행복인문학,null,1,3,3,null
1,21,124,11296, 청춘의아픔과치유:행복인문학,null,2,3,3,null
1,21,124,10181, 환경과인간,null,1,3,3,null
1,21,124,10181, 환경과인간,null,2,3,3,null
1,21,124,11188, Introduction to Ethnic Conflict and Management,null,1,3,3,null
1,21,124,11188, Introduction to Ethnic Conflict and Management,null,2,3,3,null
1,21,124,11106, 글로벌시민의이해와리더십,null,1,3,3,null
1,21,124,11106, 글로벌시민의이해와리더십,null,2,3,3,null
1,21,124,10933, 대학생의성건강,null,1,3,3,null
1,21,124,10933, 대학생의성건강,null,2,3,3,null
1,21,124,11308, 데이터로고전읽기,null,1,3,3,null
1,21,124,11308, 데이터로고전읽기,null,2,3,3,null
1,21,124,11351, 삶을위한멘탈코칭,null,1,3,3,null
1,21,124,11351, 삶을위한멘탈코칭,null,1,3,3,null
1,21,125,10556, 4차산업혁명과창의융합SW,null,1,3,3,null
1,21,125,10556, 4차산업혁명과창의융합SW,null,2,3,3,null
1,21,125,10930, Behavior of Animals,null,1,3,3,null
1,21,125,10930, Behavior of Animals,null,2,3,3,null
1,21,125,11111, SF영화로배우는철학,null,1,3,3,null
1,21,125,11111, SF영화로배우는철학,null,2,3,3,null
1,21,125,11213, 과학과몸의역사,null,1,3,3,null
1,21,125,11213, 과학과몸의역사,null,2,3,3,null
1,21,125,11155, 과학과허구,null,1,3,3,null
1,21,125,11155, 과학과허구,null,2,3,3,null
1,21,125,11101, 과학문화와커뮤니케이션,null,1,3,3,null
1,21,125,11101, 과학문화와커뮤니케이션,null,2,3,3,null
1,21,125,10776, 글로벌시민을위한과학소양,null,1,3,3,null
1,21,125,10776, 글로벌시민을위한과학소양,null,2,3,3,null
1,21,125,11154, 사물인터넷개론,null,1,3,3,null
1,21,125,11154, 사물인터넷개론,null,2,3,3,null
1,21,125,10052, 약과건강,null,1,3,3,null
1,21,125,10052, 약과건강,null,2,3,3,null
1,21,125,11102," 에너지의이해,이용,실천",null,1,3,3,null
1,21,125,11102," 에너지의이해,이용,실천",null,2,3,3,null
1,21,125,11257, 에피소드로보는과학철학,null,1,3,3,null
1,21,125,11257, 에피소드로보는과학철학,null,2,3,3,null
1,21,125,10910, 위험판단심리학,null,1,3,3,null
1,21,125,10910, 위험판단심리학,null,2,3,3,null
1,21,125,10104, 응용통계입문,null,1,3,3,null
1,21,125,10104, 응용통계입문,null,2,3,3,null
1,21,125,11336, 인공지능과인간,null,1,3,3,null
1,21,125,11336, 인공지능과인간,null,2,3,3,null
1,21,125,11261, 인공지능시대의정보산업이해,null,1,3,3,null
1,21,125,11261, 인공지능시대의정보산업이해,null,2,3,3,null
1,21,125,10559, 인류문명과환경과학,null,1,3,3,null
1,21,125,10559, 인류문명과환경과학,null,2,3,3,null
1,21,125,11156," 자연과의대화,환경생태",null,1,3,3,null
1,21,125,11156," 자연과의대화,환경생태",null,2,3,3,null
1,21,125,11160, 정보기술과미래사회,null,1,3,3,null
1,21,125,11160, 정보기술과미래사회,null,2,3,3,null
1,21,125,10123, 정보사회와인터넷윤리,null,1,3,3,null
1,21,125,10123, 정보사회와인터넷윤리,null,2,3,3,null
1,21,125,11096, 정보화사회와통계,null,1,3,3,null
1,21,125,11096, 정보화사회와통계,null,2,3,3,null
1,21,125,10135, 지구의역사,null,1,3,3,null
1,21,125,10135, 지구의역사,null,2,3,3,null
1,21,125,11042, 컴퓨터와마음,null,1,3,3,null
1,21,125,11042, 컴퓨터와마음,null,2,3,3,null
1,21,125,11152, 콘텐츠컴퓨팅,null,1,3,3,null
1,21,125,11152, 콘텐츠컴퓨팅,null,2,3,3,null
1,21,125,11145, 크리에이티브컴퓨팅,null,1,3,3,null
1,21,125,11145, 크리에이티브컴퓨팅,null,2,3,3,null
1,21,125,10164, 현대물리학과인간사고의변혁,null,1,3,3,null
1,21,125,10164, 현대물리학과인간사고의변혁,null,2,3,3,null
1,21,125,11157, 환경재난과국제협력,null,1,3,3,null
1,21,125,11157, 환경재난과국제협력,null,2,3,3,null
1,21,125,11262, 생활속의미생물,null,1,3,3,null
1,21,125,11262, 생활속의미생물,null,2,3,3,null
1,21,125,11264, 세계의자연유산과지오투어리즘,null,1,3,3,null
1,21,125,11264, 세계의자연유산과지오투어리즘,null,2,3,3,null
1,21,125,11043, 현대사회의기록과정보,null,1,3,3,null
1,21,125,11043, 현대사회의기록과정보,null,2,3,3,null
1,21,125,11187, 빅데이터사회와정보활용,null,1,3,3,null
1,21,125,11187, 빅데이터사회와정보활용,null,2,3,3,null
1,21,125,11098, 주거로보는건축문화,null,1,3,3,null
1,21,125,11098, 주거로보는건축문화,null,2,3,3,null
2,20,322,10023, 기독교와세계,1,1,3,3,null
2,20,322,10023, 기독교와세계,1,2,3,3,null
2,20,323,11352, 통합적사고와글쓰기,1,1,3,2,null
2,20,323,11352, 통합적사고와글쓰기,1,2,3,2,null
2,20,325,10099, Advanced English,1,1,3,3,null
2,20,325,10099, Advanced English,1,2,3,3,null
2,20,326,10563,기본중국어,1,1,3,3,null
2,20,326,10563,기본중국어,1,2,3,3,null
2,20,326,10133,중급중국어,1,1,3,3,null
2,20,326,10133,중급중국어,1,2,3,3,null
2,20,326,10564,기본프랑스어,1,1,3,3,null
2,20,326,10564,기본프랑스어,1,2,3,3,null
2,20,326,10565,중급프랑스어,1,1,3,3,null
2,20,326,10565,중급프랑스어,1,2,3,3,null
2,20,326,10566,기본독일어,1,1,3,3,null
2,20,326,10566,기본독일어,1,2,3,3,null
2,20,326,10130,중급독일어,1,1,3,3,null
2,20,326,10130,중급독일어,1,2,3,3,null
2,20,326,10570,기본일본어,1,1,3,3,null
2,20,326,10570,기본일본어,1,2,3,3,null
2,20,326,10132,중급일본어,1,1,3,3,null
2,20,326,10132,중급일본어,1,2,3,3,null
2,20,326,10571,기본스페인어,1,1,3,3,null
2,20,326,10571,기본스페인어,1,2,3,3,null
2,20,326,10665,중급스페인어,1,1,3,3,null
2,20,326,10665,중급스페인어,1,2,3,3,null
2,20,326,10572,기본러시아어,1,1,3,3,null
2,20,326,10572,기본러시아어,1,2,3,3,null
2,20,324,11208, IT융합설계개론,null,1,3,3,null
2,20,324,11208, IT융합설계개론,null,2,3,3,null
2,20,324,11206, 계산의기초와융합적문제해결,null,1,3,3,null
2,20,324,11206, 계산의기초와융합적문제해결,null,2,3,3,null
2,20,324,11204, 논리와컴퓨터,null,1,3,3,null
2,20,324,11204, 논리와컴퓨터,null,2,3,3,null
2,20,324,11357, 데이터컨버전스와법,null,1,3,3,null
2,20,324,11357, 데이터컨버전스와법,null,2,3,3,null
2,20,324,11373, 데이터컴퓨팅,null,1,3,3,null
2,20,324,11373, 데이터컴퓨팅,null,2,3,3,null
2,20,324,11356, 리눅스와시스템적사고,null,1,3,3,null
2,20,324,11356, 리눅스와시스템적사고,null,2,3,3,null
2,20,324,11309, 문제해결과SW프로그래밍,null,1,3,3,null
2,20,324,11309, 문제해결과SW프로그래밍,null,2,3,3,null
2,20,324,11365, 빅데이터와젠더,null,1,3,3,null
2,20,324,11365, 빅데이터와젠더,null,2,3,3,null
2,20,324,11367, 사회문제해결을위한R프로그래밍기초,null,1,3,3,null
2,20,324,11367, 사회문제해결을위한R프로그래밍기초,null,2,3,3,null
2,20,324,11233, 음악테크놀로지와프로그래밍,null,1,3,3,null
2,20,324,11233, 음악테크놀로지와프로그래밍,null,2,3,3,null
2,20,324,11368, 정보와인공지능의수리적이해,null,1,3,3,null
2,20,324,11368, 정보와인공지능의수리적이해,null,2,3,3,null
2,20,324,11205, 컴퓨터과학적인식과문제해결,null,1,3,3,null
2,20,324,11205, 컴퓨터과학적인식과문제해결,null,2,3,3,null
2,20,324,11374, 컴퓨터보안과윈도우포렌식,null,1,3,3,null
2,20,324,11374, 컴퓨터보안과윈도우포렌식,null,2,3,3,null
2,20,324,11362, 컴퓨터속의우주,null,1,3,3,null
2,20,324,11362, 컴퓨터속의우주,null,2,3,3,null
2,20,324,11369, 컴퓨터식문제해결기법,null,1,3,3,null
2,20,324,11369, 컴퓨터식문제해결기법,null,2,3,3,null
2,20,324,11232, 컴퓨터적사고와이해,null,1,3,3,null
2,20,324,11232, 컴퓨터적사고와이해,null,2,3,3,null
2,20,324,11234, 컴퓨터적사고와조형적활용,null,1,3,3,null
2,20,324,11234, 컴퓨터적사고와조형적활용,null,2,3,3,null
2,20,324,11211, 컴퓨팅적사고와프로그래밍,null,1,3,3,null
2,20,324,11211, 컴퓨팅적사고와프로그래밍,null,2,3,3,null
2,20,324,11364, 푸드테크시대의음식과디자인,null,1,3,3,null
2,20,324,11364, 푸드테크시대의음식과디자인,null,2,3,3,null
2,20,324,11207, 프로그래밍과통계적사고,null,1,3,3,null
2,20,324,11207, 프로그래밍과통계적사고,null,2,3,3,null
2,20,324,11361, 프로그래밍을위한컴퓨팅적사고,null,1,3,3,null
2,20,324,11361, 프로그래밍을위한컴퓨팅적사고,null,2,3,3,null
2,20,327,11053, 21세기사회와문학의대화,null,1,3,3,null
2,20,327,11053, 21세기사회와문학의대화,null,2,3,3,null
2,20,327,11334, Critical and Creative Textual Studies,null,1,3,3,null
2,20,327,11334, Critical and Creative Textual Studies,null,2,3,3,null
2,20,327,11183, The Story of Human Language,null,1,3,3,null
2,20,327,11183, The Story of Human Language,null,2,3,3,null
2,20,327,11165, Topics in Multiethnic American Literature,null,1,3,3,null
2,20,327,11165, Topics in Multiethnic American Literature,null,2,3,3,null
2,20,327,11112, 다매체시대의비교문학,null,1,3,3,null
2,20,327,11112, 다매체시대의비교문학,null,2,3,3,null
2,20,327,11108, 동아시아문학으로문화읽기,null,1,3,3,null
2,20,327,11108, 동아시아문학으로문화읽기,null,2,3,3,null
2,20,327,11038, 디지털미디어시대의동아시아문자,null,1,3,3,null
2,20,327,11038, 디지털미디어시대의동아시아문자,null,2,3,3,null
2,20,327,10041, 문학과삶,null,1,3,3,null
2,20,327,10041, 문학과삶,null,2,3,3,null
2,20,327,10654, 문학과영화,null,1,3,3,null
2,20,327,10654, 문학과영화,null,2,3,3,null
2,20,327,11148, 문학으로보는사랑의역사,null,1,3,3,null
2,20,327,11148, 문학으로보는사랑의역사,null,2,3,3,null
2,20,327,11184, 문학으로함께배우는매체/이야기,null,1,3,3,null
2,20,327,11184, 문학으로함께배우는매체/이야기,null,2,3,3,null
2,20,327,11146, 문화로읽는현대시의세계,null,1,3,3,null
2,20,327,11146, 문화로읽는현대시의세계,null,1,3,3,null
2,20,327,11147, 사이언스픽션의이해,null,1,3,3,null
2,20,327,11147, 사이언스픽션의이해,null,2,3,3,null
2,20,327,11297, 생태와문학,null,1,3,3,null
2,20,327,11297, 생태와문학,null,2,3,3,null
2,20,327,10768, 신화·상상력·문화,null,1,3,3,null
2,20,327,10768, 신화·상상력·문화,null,2,3,3,null
2,20,327,11109, 여행문학과세계인식,null,1,3,3,null
2,20,327,11109, 여행문학과세계인식,null,2,3,3,null
2,20,327,10882, 인간과언어,null,1,3,3,null
2,20,327,10882, 인간과언어,null,2,3,3,null
2,20,327,11258, 자연과문학,null,1,3,3,null
2,20,327,11258, 자연과문학,null,2,3,3,null
2,20,327,10543, 한국현대시와삶읽기,null,1,3,3,null
2,20,327,10543, 한국현대시와삶읽기,null,2,3,3,null
2,20,327,11134, 현대영어권문학의동향,null,1,3,3,null
2,20,327,11134, 현대영어권문학의동향,null,2,3,3,null
2,20,327,10896, 환상문학의세계,null,1,3,3,null
2,20,327,10896, 환상문학의세계,null,2,3,3,null
2,20,327,10950, 디지털스토리텔링의이해,null,1,3,3,null
2,20,327,10950, 디지털스토리텔링의이해,null,2,3,3,null
2,20,328,11107, 21세기의예술과인간,null,1,3,3,null
2,20,328,11107, 21세기의예술과인간,null,2,3,3,null
2,20,328,11164, Contemporary Photography,null,1,3,3,null
2,20,328,11164, Contemporary Photography,null,2,3,3,null
2,20,328,10033, 동양미술의이해,null,1,3,3,null
2,20,328,10033, 동양미술의이해,null,2,3,3,null
2,20,328,10778, 디지털매체와예술,null,1,3,3,null
2,20,328,10778, 디지털매체와예술,null,2,3,3,null
2,20,328,10576, 무용의이해,null,1,3,3,null
2,20,328,10576, 무용의이해,null,2,3,3,null
2,20,328,11153, 문화콘텐츠기획의이해,null,1,3,3,null
2,20,328,11153, 문화콘텐츠기획의이해,null,2,3,3,null
2,20,328,11328, 미술로치유하는마음,null,1,3,3,null
2,20,328,11328, 미술로치유하는마음,null,2,3,3,null
2,20,328,11083, 미학과미술,null,1,3,3,null
2,20,328,11083, 미학과미술,null,2,3,3,null
2,20,328,10072, 서양미술의이해,null,1,3,3,null
2,20,328,10072, 서양미술의이해,null,2,3,3,null
2,20,328,10073, 서양음악의이해,null,1,3,3,null
2,20,328,10073, 서양음악의이해,null,2,3,3,null
2,20,328,11084, 시각문화로서미술작품읽기,null,1,3,3,null
2,20,328,11084, 시각문화로서미술작품읽기,null,2,3,3,null
2,20,328,11209, 시각적사고를통한일상의문화와트랜드,null,1,3,3,null
2,20,328,11209, 시각적사고를통한일상의문화와트랜드,null,2,3,3,null
2,20,328,10090, 여성과예술,null,1,3,3,null
2,20,328,10090, 여성과예술,null,2,3,3,null
2,20,328,11113, 여성의몸과창조적움직임,null,1,3,3,null
2,20,328,11113, 여성의몸과창조적움직임,null,2,3,3,null
2,20,328,10097, 연극의이론과실제,null,1,3,3,null
2,20,328,10097, 연극의이론과실제,null,2,3,3,null
2,20,328,11110, 예술가와그의시대,null,1,3,3,null
2,20,328,11110, 예술가와그의시대,null,2,3,3,null
2,20,328,10100, 예술과사상,null,1,3,3,null
2,20,328,10100, 예술과사상,null,2,3,3,null
2,20,328,11055, 옛시와그림의만남,null,1,3,3,null
2,20,328,11055, 옛시와그림의만남,null,2,3,3,null
2,20,328,11265, 음악과건강,null,1,3,3,null
2,20,328,11265, 음악과건강,null,2,3,3,null
2,20,328,11075, 창조와상상의기술,null,1,3,3,null
2,20,328,11075, 창조와상상의기술,null,2,3,3,null
2,20,328,11035," 퍼포먼스인문학:제의,놀이,연극",null,1,3,3,null
2,20,328,11035," 퍼포먼스인문학:제의,놀이,연극",null,2,3,3,null
2,20,328,10892," 표현,예술,그리고시대정신",null,1,3,3,null
2,20,328,10892," 표현,예술,그리고시대정신",null,2,3,3,null
2,20,328,10152, 한국미술의이해,null,1,3,3,null
2,20,328,10152, 한국미술의이해,null,2,3,3,null
2,20,328,11333," 한국사와상상력,스토리텔링",null,1,3,3,null
2,20,328,11333," 한국사와상상력,스토리텔링",null,2,3,3,null
2,20,328,10883, 한국의문화공간과예술,null,1,3,3,null
2,20,328,10883, 한국의문화공간과예술,null,2,3,3,null
2,20,328,10165, 현대미술사,null,1,3,3,null
2,20,328,10165, 현대미술사,null,2,3,3,null
2,20,328,11330, Reading American Popular Culture in the Digital Age,null,1,3,3,null
2,20,328,11330, Reading American Popular Culture in the Digital Age,null,2,3,3,null
2,20,328,10018, 국악의이해,null,1,3,3,null
2,20,328,10018, 국악의이해,null,2,3,3,null
2,20,328,11329, 색채의이해,null,1,3,3,null
2,20,328,11329, 색채의이해,null,2,3,3,null
2,20,328,11263, 예술과기술,null,1,3,3,null
2,20,328,11263, 예술과기술,null,2,3,3,null
2,20,328,11116, Introduction to World Music and Culture,null,1,3,3,null
2,20,328,11116, Introduction to World Music and Culture,null,2,3,3,null
2,20,328,11135, 사물과예술,null,1,3,3,null
2,20,328,11135, 사물과예술,null,2,3,3,null
2,20,329,11190, The Art of Thinking,null,1,3,3,null
2,20,329,11190, The Art of Thinking,null,2,3,3,null
2,20,329,10545, 근대일본과동아시아,null,1,3,3,null
2,20,329,10545, 근대일본과동아시아,null,2,3,3,null
2,20,329,11046, 동서양의인간이해,null,1,3,3,null
2,20,329,11046, 동서양의인간이해,null,2,3,3,null
2,20,329,10034, 동양철학의이해,null,1,3,3,null
2,20,329,10034, 동양철학의이해,null,2,3,3,null
2,20,329,10769, 모던/포스트모던문화읽기,null,1,3,3,null
2,20,329,10769, 모던/포스트모던문화읽기,null,2,3,3,null
2,20,329,11056, 문화로읽는한국사,null,1,3,3,null
2,20,329,11056, 문화로읽는한국사,null,2,3,3,null
2,20,329,11185, 문화와예술을통해본르네상스역사,null,1,3,3,null
2,20,329,11185, 문화와예술을통해본르네상스역사,null,2,3,3,null
2,20,329,10772, 여성과사회정의,null,1,3,3,null
2,20,329,10772, 여성과사회정의,null,2,3,3,null
2,20,329,11054, 연어프로젝트:한국여성나의뿌리를찾아서 ,null,1,3,3,null
2,20,329,11054, 연어프로젝트:한국여성나의뿌리를찾아서 ,null,2,3,3,null
2,20,329,10108, 인간과종교,null,1,3,3,null
2,20,329,10108, 인간과종교,null,2,3,3,null
2,20,329,11041, 인간과철학적사유,null,1,3,3,null
2,20,329,11041, 인간과철학적사유,null,2,3,3,null
2,20,329,11293, 인물로본중국의역사,null,1,3,3,null
2,20,329,11293, 인물로본중국의역사,null,2,3,3,null
2,20,329,10581, 인물로본한국사,null,1,3,3,null
2,20,329,10581, 인물로본한국사,null,2,3,3,null
2,20,329,11078, 젠더와역사,null,1,3,3,null
2,20,329,11078, 젠더와역사,null,2,3,3,null
2,20,329,10767, 종교와문화,null,1,3,3,null
2,20,329,10767, 종교와문화,null,2,3,3,null
2,20,329,11057, 주제로살펴보는서양근현대사,null,1,3,3,null
2,20,329,11057, 주제로살펴보는서양근현대사,null,2,3,3,null
2,20,329,10544, 중국의역사와문화,null,1,3,3,null
2,20,329,10544, 중국의역사와문화,null,2,3,3,null
2,20,329,11297, 질병치료와백신의역사,null,1,3,3,null
2,20,329,11297, 질병치료와백신의역사,null,2,3,3,null
2,20,329,11189, 철학의은유들,null,1,3,3,null
2,20,329,11189, 철학의은유들,null,2,3,3,null
2,20,329,11045, 패러다임전환과비판이론,null,1,3,3,null
2,20,329,11045, 패러다임전환과비판이론,null,2,3,3,null
2,20,329,10149, 한국근현대사 ,null,1,3,3,null
2,20,329,10149, 한국근현대사 ,null,2,3,3,null
2,20,329,11058, 한국사의새로운이해,null,1,3,3,null
2,20,329,11058, 한국사의새로운이해,null,2,3,3,null
2,20,329,11366, 한국의문화유산역사여행,null,1,3,3,null
2,20,329,11366, 한국의문화유산역사여행,null,2,3,3,null
2,20,329,11186, Evolutionary Origin of Humans,null,1,3,3,null
2,20,329,11186, Evolutionary Origin of Humans,null,2,3,3,null
2,20,329,11295, 인공지능시대의과학과종교,null,1,3,3,null
2,20,329,11295, 인공지능시대의과학과종교,null,2,3,3,null
2,20,330,11360, ICT융복합복지와법,null,1,3,3,null
2,20,330,11360, ICT융복합복지와법,null,2,3,3,null
2,20,330,11259, SDGs시대글로벌보건협력:개발도상국의보건의료현황과국제사회의지원 ,null,1,3,3,null
2,20,330,11259, SDGs시대글로벌보건협력:개발도상국의보건의료현황과국제사회의지원 ,null,2,3,3,null
2,20,330,10011, 가족건강과간호,null,1,3,3,null
2,20,330,10011, 가족건강과간호,null,2,3,3,null
2,20,330,10932, 건축으로읽는사회문화사,null,1,3,3,null
2,20,330,10932, 건축으로읽는사회문화사,null,2,3,3,null
2,20,330,10013, 경영과사회,null,1,3,3,null
2,20,330,10013, 경영과사회,null,2,3,3,null
2,20,330,11210, 교육커뮤니케이션의이해와실제,null,1,3,3,null
2,20,330,11210, 교육커뮤니케이션의이해와실제,null,2,3,3,null
2,20,330,10949, 국제구호와개발협력,null,1,3,3,null
2,20,330,10949, 국제구호와개발협력,null,2,3,3,null
2,20,330,10913, 글로벌시대의다문화사회,null,1,3,3,null
2,20,330,10913, 글로벌시대의다문화사회,null,2,3,3,null
2,20,330,10914, 글로벌시대의아시아여성,null,1,3,3,null
2,20,330,10914, 글로벌시대의아시아여성,null,2,3,3,null
2,20,330,11260, 기업과정신과혁신,null,1,3,3,null
2,20,330,11260, 기업과정신과혁신,null,2,3,3,null
2,20,330,10091, 노동과젠더,null,1,3,3,null
2,20,330,10091, 노동과젠더,null,2,3,3,null
2,20,330,11332, 도시공간문화로읽는한국사,null,1,3,3,null
2,20,330,11332, 도시공간문화로읽는한국사,null,2,3,3,null
2,20,330,10886, 동양고전의현대적이해,null,1,3,3,null
2,20,330,10886, 동양고전의현대적이해,null,2,3,3,null
2,20,330,11292, 모방과인간,null,1,3,3,null
2,20,330,11292, 모방과인간,null,2,3,3,null
2,20,330,11193, 법과젠더,null,1,3,3,null
2,20,330,11193, 법과젠더,null,2,3,3,null
2,20,330,10549, 북한정치의이해,null,1,3,3,null
2,20,330,10549, 북한정치의이해,null,2,3,3,null
2,20,330,10548, 북한주민의문화와생활,null,1,3,3,null
2,20,330,10548, 북한주민의문화와생활,null,2,3,3,null
2,20,330,10929, 브레인스펙트럼,null,1,3,3,null
2,20,330,10929, 브레인스펙트럼,null,2,3,3,null
2,20,330,10573, 생명윤리와법,null,1,3,3,null
2,20,330,10573, 생명윤리와법,null,2,3,3,null
2,20,330,10074, 성문화연구,null,1,3,3,null
2,20,330,10074, 성문화연구,null,2,3,3,null
2,20,330,10081, 시민생활과법,null,1,3,3,null
2,20,330,10081, 시민생활과법,null,2,3,3,null
2,20,330,10094, 여성학,null,1,3,3,null
2,20,330,10094, 여성학,null,2,3,3,null
2,20,330,11089, 여행과지리:글로벌화의지역탐색,null,1,3,3,null
2,20,330,11089, 여행과지리:글로벌화의지역탐색,null,2,3,3,null
2,20,330,10908, 영상이미지와젠더,null,1,3,3,null
2,20,330,10908, 영상이미지와젠더,null,2,3,3,null
2,20,330,10904, 우리사회의문제와쟁점찾기,null,1,3,3,null
2,20,330,10904, 우리사회의문제와쟁점찾기,null,2,3,3,null
2,20,330,11358, 인간관계심리,null,1,3,3,null
2,20,330,11358, 인간관계심리,null,2,3,3,null
2,20,330,10109, 인간발달과가족,null,1,3,3,null
2,20,330,10109, 인간발달과가족,null,2,3,3,null
2,20,330,10903, 인간발달과문화의다양성,null,1,3,3,null
2,20,330,10903, 인간발달과문화의다양성,null,2,3,3,null
2,20,330,11114, 인간은왜춤을추는가,null,1,3,3,null
2,20,330,11114, 인간은왜춤을추는가,null,2,3,3,null
2,20,330,11103, 인터넷과법,null,1,3,3,null
2,20,330,11103, 인터넷과법,null,2,3,3,null
2,20,330,11359, 정신건강과행복,null,1,3,3,null
2,20,330,11359, 정신건강과행복,null,2,3,3,null
2,20,330,11104, 죄와벌,null,1,3,3,null
2,20,330,11104, 죄와벌,null,2,3,3,null
2,20,330,10905, 지구촌의사회복지,null,1,3,3,null
2,20,330,10905, 지구촌의사회복지,null,2,3,3,null
2,20,330,11105, 직업세계와법,null,1,3,3,null
2,20,330,11105, 직업세계와법,null,2,3,3,null
2,20,330,11039, 키워드로읽는중국문화,null,1,3,3,null
2,20,330,11039, 키워드로읽는중국문화,null,2,3,3,null
2,20,330,11215, 통합적분쟁이해와조정,null,1,3,3,null
2,20,330,11215, 통합적분쟁이해와조정,null,2,3,3,null
2,20,330,10887, 현대중국의이해,null,1,3,3,null
2,20,330,10887, 현대중국의이해,null,2,3,3,null
2,20,330,11162, Middle Eastern Political Theology: Religious Sources,null,1,3,3,null
2,20,330,11162, Middle Eastern Political Theology: Religious Sources,null,2,3,3,null
2,20,330,11079, 장애와사회,null,1,3,3,null
2,20,330,11079, 장애와사회,null,2,3,3,null
2,20,330,11296, 청춘의아픔과치유:행복인문학,null,1,3,3,null
2,20,330,11296, 청춘의아픔과치유:행복인문학,null,2,3,3,null
2,20,330,10181, 환경과인간,null,1,3,3,null
2,20,330,10181, 환경과인간,null,2,3,3,null
2,20,330,11188, Introduction to Ethnic Conflict and Management,null,1,3,3,null
2,20,330,11188, Introduction to Ethnic Conflict and Management,null,2,3,3,null
2,20,330,11106, 글로벌시민의이해와리더십,null,1,3,3,null
2,20,330,11106, 글로벌시민의이해와리더십,null,2,3,3,null
2,20,330,10933, 대학생의성건강,null,1,3,3,null
2,20,330,10933, 대학생의성건강,null,2,3,3,null
2,20,330,11308, 데이터로고전읽기,null,1,3,3,null
2,20,330,11308, 데이터로고전읽기,null,2,3,3,null
2,20,330,11351, 삶을위한멘탈코칭,null,1,3,3,null
2,20,330,11351, 삶을위한멘탈코칭,null,1,3,3,null
2,20,331,10556, 4차산업혁명과창의융합SW,null,1,3,3,null
2,20,331,10556, 4차산업혁명과창의융합SW,null,2,3,3,null
2,20,331,10930, Behavior of Animals,null,1,3,3,null
2,20,331,10930, Behavior of Animals,null,2,3,3,null
2,20,331,11111, SF영화로배우는철학,null,1,3,3,null
2,20,331,11111, SF영화로배우는철학,null,2,3,3,null
2,20,331,11213, 과학과몸의역사,null,1,3,3,null
2,20,331,11213, 과학과몸의역사,null,2,3,3,null
2,20,331,11155, 과학과허구,null,1,3,3,null
2,20,331,11155, 과학과허구,null,2,3,3,null
2,20,331,11101, 과학문화와커뮤니케이션,null,1,3,3,null
2,20,331,11101, 과학문화와커뮤니케이션,null,2,3,3,null
2,20,331,10776, 글로벌시민을위한과학소양,null,1,3,3,null
2,20,331,10776, 글로벌시민을위한과학소양,null,2,3,3,null
2,20,331,11154, 사물인터넷개론,null,1,3,3,null
2,20,331,11154, 사물인터넷개론,null,2,3,3,null
2,20,331,10052, 약과건강,null,1,3,3,null
2,20,331,10052, 약과건강,null,2,3,3,null
2,20,331,11102," 에너지의이해,이용,실천",null,1,3,3,null
2,20,331,11102," 에너지의이해,이용,실천",null,2,3,3,null
2,20,331,11257, 에피소드로보는과학철학,null,1,3,3,null
2,20,331,11257, 에피소드로보는과학철학,null,2,3,3,null
2,20,331,10910, 위험판단심리학,null,1,3,3,null
2,20,331,10910, 위험판단심리학,null,2,3,3,null
2,20,331,10104, 응용통계입문,null,1,3,3,null
2,20,331,10104, 응용통계입문,null,2,3,3,null
2,20,331,11336, 인공지능과인간,null,1,3,3,null
2,20,331,11336, 인공지능과인간,null,2,3,3,null
2,20,331,11261, 인공지능시대의정보산업이해,null,1,3,3,null
2,20,331,11261, 인공지능시대의정보산업이해,null,2,3,3,null
2,20,331,10559, 인류문명과환경과학,null,1,3,3,null
2,20,331,10559, 인류문명과환경과학,null,2,3,3,null
2,20,331,11156," 자연과의대화,환경생태",null,1,3,3,null
2,20,331,11156," 자연과의대화,환경생태",null,2,3,3,null
2,20,331,11160, 정보기술과미래사회,null,1,3,3,null
2,20,331,11160, 정보기술과미래사회,null,2,3,3,null
2,20,331,10123, 정보사회와인터넷윤리,null,1,3,3,null
2,20,331,10123, 정보사회와인터넷윤리,null,2,3,3,null
2,20,331,11096, 정보화사회와통계,null,1,3,3,null
2,20,331,11096, 정보화사회와통계,null,2,3,3,null
2,20,331,10135, 지구의역사,null,1,3,3,null
2,20,331,10135, 지구의역사,null,2,3,3,null
2,20,331,11042, 컴퓨터와마음,null,1,3,3,null
2,20,331,11042, 컴퓨터와마음,null,2,3,3,null
2,20,331,11152, 콘텐츠컴퓨팅,null,1,3,3,null
2,20,331,11152, 콘텐츠컴퓨팅,null,2,3,3,null
2,20,331,11145, 크리에이티브컴퓨팅,null,1,3,3,null
2,20,331,11145, 크리에이티브컴퓨팅,null,2,3,3,null
2,20,331,10164, 현대물리학과인간사고의변혁,null,1,3,3,null
2,20,331,10164, 현대물리학과인간사고의변혁,null,2,3,3,null
2,20,331,11157, 환경재난과국제협력,null,1,3,3,null
2,20,331,11157, 환경재난과국제협력,null,2,3,3,null
2,20,331,11262, 생활속의미생물,null,1,3,3,null
2,20,331,11262, 생활속의미생물,null,2,3,3,null
2,20,331,11264, 세계의자연유산과지오투어리즘,null,1,3,3,null
2,20,331,11264, 세계의자연유산과지오투어리즘,null,2,3,3,null
2,20,331,11043, 현대사회의기록과정보,null,1,3,3,null
2,20,331,11043, 현대사회의기록과정보,null,2,3,3,null
2,20,331,11187, 빅데이터사회와정보활용,null,1,3,3,null
2,20,331,11187, 빅데이터사회와정보활용,null,2,3,3,null
2,20,331,11098, 주거로보는건축문화,null,1,3,3,null
2,20,331,11098, 주거로보는건축문화,null,2,3,3,null
2,21,333,10023, 기독교와세계,1,1,3,3,null
2,21,333,10023, 기독교와세계,1,2,3,3,null
2,21,334,11352, 통합적사고와글쓰기,1,1,3,2,null
2,21,334,11352, 통합적사고와글쓰기,1,2,3,2,null
2,21,336,10099, Advanced English,1,1,3,3,null
2,21,336,10099, Advanced English,1,2,3,3,null
2,21,337,10563,기본중국어,1,1,3,3,null
2,21,337,10563,기본중국어,1,2,3,3,null
2,21,337,10133,중급중국어,1,1,3,3,null
2,21,337,10133,중급중국어,1,2,3,3,null
2,21,337,10564,기본프랑스어,1,1,3,3,null
2,21,337,10564,기본프랑스어,1,2,3,3,null
2,21,337,10565,중급프랑스어,1,1,3,3,null
2,21,337,10565,중급프랑스어,1,2,3,3,null
2,21,337,10566,기본독일어,1,1,3,3,null
2,21,337,10566,기본독일어,1,2,3,3,null
2,21,337,10130,중급독일어,1,1,3,3,null
2,21,337,10130,중급독일어,1,2,3,3,null
2,21,337,10570,기본일본어,1,1,3,3,null
2,21,337,10570,기본일본어,1,2,3,3,null
2,21,337,10132,중급일본어,1,1,3,3,null
2,21,337,10132,중급일본어,1,2,3,3,null
2,21,337,10571,기본스페인어,1,1,3,3,null
2,21,337,10571,기본스페인어,1,2,3,3,null
2,21,337,10665,중급스페인어,1,1,3,3,null
2,21,337,10665,중급스페인어,1,2,3,3,null
2,21,337,10572,기본러시아어,1,1,3,3,null
2,21,337,10572,기본러시아어,1,2,3,3,null
2,21,335,11208, IT융합설계개론,null,1,3,3,null
2,21,335,11208, IT융합설계개론,null,2,3,3,null
2,21,335,11206, 계산의기초와융합적문제해결,null,1,3,3,null
2,21,335,11206, 계산의기초와융합적문제해결,null,2,3,3,null
2,21,335,11204, 논리와컴퓨터,null,1,3,3,null
2,21,335,11204, 논리와컴퓨터,null,2,3,3,null
2,21,335,11357, 데이터컨버전스와법,null,1,3,3,null
2,21,335,11357, 데이터컨버전스와법,null,2,3,3,null
2,21,335,11373, 데이터컴퓨팅,null,1,3,3,null
2,21,335,11373, 데이터컴퓨팅,null,2,3,3,null
2,21,335,11356, 리눅스와시스템적사고,null,1,3,3,null
2,21,335,11356, 리눅스와시스템적사고,null,2,3,3,null
2,21,335,11309, 문제해결과SW프로그래밍,null,1,3,3,null
2,21,335,11309, 문제해결과SW프로그래밍,null,2,3,3,null
2,21,335,11365, 빅데이터와젠더,null,1,3,3,null
2,21,335,11365, 빅데이터와젠더,null,2,3,3,null
2,21,335,11367, 사회문제해결을위한R프로그래밍기초,null,1,3,3,null
2,21,335,11367, 사회문제해결을위한R프로그래밍기초,null,2,3,3,null
2,21,335,11233, 음악테크놀로지와프로그래밍,null,1,3,3,null
2,21,335,11233, 음악테크놀로지와프로그래밍,null,2,3,3,null
2,21,335,11368, 정보와인공지능의수리적이해,null,1,3,3,null
2,21,335,11368, 정보와인공지능의수리적이해,null,2,3,3,null
2,21,335,11205, 컴퓨터과학적인식과문제해결,null,1,3,3,null
2,21,335,11205, 컴퓨터과학적인식과문제해결,null,2,3,3,null
2,21,335,11374, 컴퓨터보안과윈도우포렌식,null,1,3,3,null
2,21,335,11374, 컴퓨터보안과윈도우포렌식,null,2,3,3,null
2,21,335,11362, 컴퓨터속의우주,null,1,3,3,null
2,21,335,11362, 컴퓨터속의우주,null,2,3,3,null
2,21,335,11369, 컴퓨터식문제해결기법,null,1,3,3,null
2,21,335,11369, 컴퓨터식문제해결기법,null,2,3,3,null
2,21,335,11232, 컴퓨터적사고와이해,null,1,3,3,null
2,21,335,11232, 컴퓨터적사고와이해,null,2,3,3,null
2,21,335,11234, 컴퓨터적사고와조형적활용,null,1,3,3,null
2,21,335,11234, 컴퓨터적사고와조형적활용,null,2,3,3,null
2,21,335,11211, 컴퓨팅적사고와프로그래밍,null,1,3,3,null
2,21,335,11211, 컴퓨팅적사고와프로그래밍,null,2,3,3,null
2,21,335,11364, 푸드테크시대의음식과디자인,null,1,3,3,null
2,21,335,11364, 푸드테크시대의음식과디자인,null,2,3,3,null
2,21,335,11207, 프로그래밍과통계적사고,null,1,3,3,null
2,21,335,11207, 프로그래밍과통계적사고,null,2,3,3,null
2,21,335,11361, 프로그래밍을위한컴퓨팅적사고,null,1,3,3,null
2,21,335,11361, 프로그래밍을위한컴퓨팅적사고,null,2,3,3,null
2,21,338,11053, 21세기사회와문학의대화,null,1,3,3,null
2,21,338,11053, 21세기사회와문학의대화,null,2,3,3,null
2,21,338,11334, Critical and Creative Textual Studies,null,1,3,3,null
2,21,338,11334, Critical and Creative Textual Studies,null,2,3,3,null
2,21,338,11183, The Story of Human Language,null,1,3,3,null
2,21,338,11183, The Story of Human Language,null,2,3,3,null
2,21,338,11165, Topics in Multiethnic American Literature,null,1,3,3,null
2,21,338,11165, Topics in Multiethnic American Literature,null,2,3,3,null
2,21,338,11112, 다매체시대의비교문학,null,1,3,3,null
2,21,338,11112, 다매체시대의비교문학,null,2,3,3,null
2,21,338,11108, 동아시아문학으로문화읽기,null,1,3,3,null
2,21,338,11108, 동아시아문학으로문화읽기,null,2,3,3,null
2,21,338,11038, 디지털미디어시대의동아시아문자,null,1,3,3,null
2,21,338,11038, 디지털미디어시대의동아시아문자,null,2,3,3,null
2,21,338,10041, 문학과삶,null,1,3,3,null
2,21,338,10041, 문학과삶,null,2,3,3,null
2,21,338,10654, 문학과영화,null,1,3,3,null
2,21,338,10654, 문학과영화,null,2,3,3,null
2,21,338,11148, 문학으로보는사랑의역사,null,1,3,3,null
2,21,338,11148, 문학으로보는사랑의역사,null,2,3,3,null
2,21,338,11184, 문학으로함께배우는매체/이야기,null,1,3,3,null
2,21,338,11184, 문학으로함께배우는매체/이야기,null,2,3,3,null
2,21,338,11146, 문화로읽는현대시의세계,null,1,3,3,null
2,21,338,11146, 문화로읽는현대시의세계,null,1,3,3,null
2,21,338,11147, 사이언스픽션의이해,null,1,3,3,null
2,21,338,11147, 사이언스픽션의이해,null,2,3,3,null
2,21,338,11297, 생태와문학,null,1,3,3,null
2,21,338,11297, 생태와문학,null,2,3,3,null
2,21,338,10768, 신화·상상력·문화,null,1,3,3,null
2,21,338,10768, 신화·상상력·문화,null,2,3,3,null
2,21,338,11109, 여행문학과세계인식,null,1,3,3,null
2,21,338,11109, 여행문학과세계인식,null,2,3,3,null
2,21,338,10882, 인간과언어,null,1,3,3,null
2,21,338,10882, 인간과언어,null,2,3,3,null
2,21,338,11258, 자연과문학,null,1,3,3,null
2,21,338,11258, 자연과문학,null,2,3,3,null
2,21,338,10543, 한국현대시와삶읽기,null,1,3,3,null
2,21,338,10543, 한국현대시와삶읽기,null,2,3,3,null
2,21,338,11134, 현대영어권문학의동향,null,1,3,3,null
2,21,338,11134, 현대영어권문학의동향,null,2,3,3,null
2,21,338,10896, 환상문학의세계,null,1,3,3,null
2,21,338,10896, 환상문학의세계,null,2,3,3,null
2,21,338,10950, 디지털스토리텔링의이해,null,1,3,3,null
2,21,338,10950, 디지털스토리텔링의이해,null,2,3,3,null
2,21,339,11107, 21세기의예술과인간,null,1,3,3,null
2,21,339,11107, 21세기의예술과인간,null,2,3,3,null
2,21,339,11164, Contemporary Photography,null,1,3,3,null
2,21,339,11164, Contemporary Photography,null,2,3,3,null
2,21,339,10033, 동양미술의이해,null,1,3,3,null
2,21,339,10033, 동양미술의이해,null,2,3,3,null
2,21,339,10778, 디지털매체와예술,null,1,3,3,null
2,21,339,10778, 디지털매체와예술,null,2,3,3,null
2,21,339,10576, 무용의이해,null,1,3,3,null
2,21,339,10576, 무용의이해,null,2,3,3,null
2,21,339,11153, 문화콘텐츠기획의이해,null,1,3,3,null
2,21,339,11153, 문화콘텐츠기획의이해,null,2,3,3,null
2,21,339,11328, 미술로치유하는마음,null,1,3,3,null
2,21,339,11328, 미술로치유하는마음,null,2,3,3,null
2,21,339,11083, 미학과미술,null,1,3,3,null
2,21,339,11083, 미학과미술,null,2,3,3,null
2,21,339,10072, 서양미술의이해,null,1,3,3,null
2,21,339,10072, 서양미술의이해,null,2,3,3,null
2,21,339,10073, 서양음악의이해,null,1,3,3,null
2,21,339,10073, 서양음악의이해,null,2,3,3,null
2,21,339,11084, 시각문화로서미술작품읽기,null,1,3,3,null
2,21,339,11084, 시각문화로서미술작품읽기,null,2,3,3,null
2,21,339,11209, 시각적사고를통한일상의문화와트랜드,null,1,3,3,null
2,21,339,11209, 시각적사고를통한일상의문화와트랜드,null,2,3,3,null
2,21,339,10090, 여성과예술,null,1,3,3,null
2,21,339,10090, 여성과예술,null,2,3,3,null
2,21,339,11113, 여성의몸과창조적움직임,null,1,3,3,null
2,21,339,11113, 여성의몸과창조적움직임,null,2,3,3,null
2,21,339,10097, 연극의이론과실제,null,1,3,3,null
2,21,339,10097, 연극의이론과실제,null,2,3,3,null
2,21,339,11110, 예술가와그의시대,null,1,3,3,null
2,21,339,11110, 예술가와그의시대,null,2,3,3,null
2,21,339,10100, 예술과사상,null,1,3,3,null
2,21,339,10100, 예술과사상,null,2,3,3,null
2,21,339,11055, 옛시와그림의만남,null,1,3,3,null
2,21,339,11055, 옛시와그림의만남,null,2,3,3,null
2,21,339,11265, 음악과건강,null,1,3,3,null
2,21,339,11265, 음악과건강,null,2,3,3,null
2,21,339,11075, 창조와상상의기술,null,1,3,3,null
2,21,339,11075, 창조와상상의기술,null,2,3,3,null
2,21,339,11035," 퍼포먼스인문학:제의,놀이,연극",null,1,3,3,null
2,21,339,11035," 퍼포먼스인문학:제의,놀이,연극",null,2,3,3,null
2,21,339,10892," 표현,예술,그리고시대정신",null,1,3,3,null
2,21,339,10892," 표현,예술,그리고시대정신",null,2,3,3,null
2,21,339,10152, 한국미술의이해,null,1,3,3,null
2,21,339,10152, 한국미술의이해,null,2,3,3,null
2,21,339,11333," 한국사와상상력,스토리텔링",null,1,3,3,null
2,21,339,11333," 한국사와상상력,스토리텔링",null,2,3,3,null
2,21,339,10883, 한국의문화공간과예술,null,1,3,3,null
2,21,339,10883, 한국의문화공간과예술,null,2,3,3,null
2,21,339,10165, 현대미술사,null,1,3,3,null
2,21,339,10165, 현대미술사,null,2,3,3,null
2,21,339,11330, Reading American Popular Culture in the Digital Age,null,1,3,3,null
2,21,339,11330, Reading American Popular Culture in the Digital Age,null,2,3,3,null
2,21,339,10018, 국악의이해,null,1,3,3,null
2,21,339,10018, 국악의이해,null,2,3,3,null
2,21,339,11329, 색채의이해,null,1,3,3,null
2,21,339,11329, 색채의이해,null,2,3,3,null
2,21,339,11263, 예술과기술,null,1,3,3,null
2,21,339,11263, 예술과기술,null,2,3,3,null
2,21,339,11116, Introduction to World Music and Culture,null,1,3,3,null
2,21,339,11116, Introduction to World Music and Culture,null,2,3,3,null
2,21,339,11135, 사물과예술,null,1,3,3,null
2,21,339,11135, 사물과예술,null,2,3,3,null
2,21,340,11190, The Art of Thinking,null,1,3,3,null
2,21,340,11190, The Art of Thinking,null,2,3,3,null
2,21,340,10545, 근대일본과동아시아,null,1,3,3,null
2,21,340,10545, 근대일본과동아시아,null,2,3,3,null
2,21,340,11046, 동서양의인간이해,null,1,3,3,null
2,21,340,11046, 동서양의인간이해,null,2,3,3,null
2,21,340,10034, 동양철학의이해,null,1,3,3,null
2,21,340,10034, 동양철학의이해,null,2,3,3,null
2,21,340,10769, 모던/포스트모던문화읽기,null,1,3,3,null
2,21,340,10769, 모던/포스트모던문화읽기,null,2,3,3,null
2,21,340,11056, 문화로읽는한국사,null,1,3,3,null
2,21,340,11056, 문화로읽는한국사,null,2,3,3,null
2,21,340,11185, 문화와예술을통해본르네상스역사,null,1,3,3,null
2,21,340,11185, 문화와예술을통해본르네상스역사,null,2,3,3,null
2,21,340,10772, 여성과사회정의,null,1,3,3,null
2,21,340,10772, 여성과사회정의,null,2,3,3,null
2,21,340,11054, 연어프로젝트:한국여성나의뿌리를찾아서 ,null,1,3,3,null
2,21,340,11054, 연어프로젝트:한국여성나의뿌리를찾아서 ,null,2,3,3,null
2,21,340,10108, 인간과종교,null,1,3,3,null
2,21,340,10108, 인간과종교,null,2,3,3,null
2,21,340,11041, 인간과철학적사유,null,1,3,3,null
2,21,340,11041, 인간과철학적사유,null,2,3,3,null
2,21,340,11293, 인물로본중국의역사,null,1,3,3,null
2,21,340,11293, 인물로본중국의역사,null,2,3,3,null
2,21,340,10581, 인물로본한국사,null,1,3,3,null
2,21,340,10581, 인물로본한국사,null,2,3,3,null
2,21,340,11078, 젠더와역사,null,1,3,3,null
2,21,340,11078, 젠더와역사,null,2,3,3,null
2,21,340,10767, 종교와문화,null,1,3,3,null
2,21,340,10767, 종교와문화,null,2,3,3,null
2,21,340,11057, 주제로살펴보는서양근현대사,null,1,3,3,null
2,21,340,11057, 주제로살펴보는서양근현대사,null,2,3,3,null
2,21,340,10544, 중국의역사와문화,null,1,3,3,null
2,21,340,10544, 중국의역사와문화,null,2,3,3,null
2,21,340,11297, 질병치료와백신의역사,null,1,3,3,null
2,21,340,11297, 질병치료와백신의역사,null,2,3,3,null
2,21,340,11189, 철학의은유들,null,1,3,3,null
2,21,340,11189, 철학의은유들,null,2,3,3,null
2,21,340,11045, 패러다임전환과비판이론,null,1,3,3,null
2,21,340,11045, 패러다임전환과비판이론,null,2,3,3,null
2,21,340,10149, 한국근현대사 ,null,1,3,3,null
2,21,340,10149, 한국근현대사 ,null,2,3,3,null
2,21,340,11058, 한국사의새로운이해,null,1,3,3,null
2,21,340,11058, 한국사의새로운이해,null,2,3,3,null
2,21,340,11366, 한국의문화유산역사여행,null,1,3,3,null
2,21,340,11366, 한국의문화유산역사여행,null,2,3,3,null
2,21,340,11186, Evolutionary Origin of Humans,null,1,3,3,null
2,21,340,11186, Evolutionary Origin of Humans,null,2,3,3,null
2,21,340,11295, 인공지능시대의과학과종교,null,1,3,3,null
2,21,340,11295, 인공지능시대의과학과종교,null,2,3,3,null
2,21,341,11360, ICT융복합복지와법,null,1,3,3,null
2,21,341,11360, ICT융복합복지와법,null,2,3,3,null
2,21,341,11259, SDGs시대글로벌보건협력:개발도상국의보건의료현황과국제사회의지원 ,null,1,3,3,null
2,21,341,11259, SDGs시대글로벌보건협력:개발도상국의보건의료현황과국제사회의지원 ,null,2,3,3,null
2,21,341,10011, 가족건강과간호,null,1,3,3,null
2,21,341,10011, 가족건강과간호,null,2,3,3,null
2,21,341,10932, 건축으로읽는사회문화사,null,1,3,3,null
2,21,341,10932, 건축으로읽는사회문화사,null,2,3,3,null
2,21,341,10013, 경영과사회,null,1,3,3,null
2,21,341,10013, 경영과사회,null,2,3,3,null
2,21,341,11210, 교육커뮤니케이션의이해와실제,null,1,3,3,null
2,21,341,11210, 교육커뮤니케이션의이해와실제,null,2,3,3,null
2,21,341,10949, 국제구호와개발협력,null,1,3,3,null
2,21,341,10949, 국제구호와개발협력,null,2,3,3,null
2,21,341,10913, 글로벌시대의다문화사회,null,1,3,3,null
2,21,341,10913, 글로벌시대의다문화사회,null,2,3,3,null
2,21,341,10914, 글로벌시대의아시아여성,null,1,3,3,null
2,21,341,10914, 글로벌시대의아시아여성,null,2,3,3,null
2,21,341,11260, 기업과정신과혁신,null,1,3,3,null
2,21,341,11260, 기업과정신과혁신,null,2,3,3,null
2,21,341,10091, 노동과젠더,null,1,3,3,null
2,21,341,10091, 노동과젠더,null,2,3,3,null
2,21,341,11332, 도시공간문화로읽는한국사,null,1,3,3,null
2,21,341,11332, 도시공간문화로읽는한국사,null,2,3,3,null
2,21,341,10886, 동양고전의현대적이해,null,1,3,3,null
2,21,341,10886, 동양고전의현대적이해,null,2,3,3,null
2,21,341,11292, 모방과인간,null,1,3,3,null
2,21,341,11292, 모방과인간,null,2,3,3,null
2,21,341,11193, 법과젠더,null,1,3,3,null
2,21,341,11193, 법과젠더,null,2,3,3,null
2,21,341,10549, 북한정치의이해,null,1,3,3,null
2,21,341,10549, 북한정치의이해,null,2,3,3,null
2,21,341,10548, 북한주민의문화와생활,null,1,3,3,null
2,21,341,10548, 북한주민의문화와생활,null,2,3,3,null
2,21,341,10929, 브레인스펙트럼,null,1,3,3,null
2,21,341,10929, 브레인스펙트럼,null,2,3,3,null
2,21,341,10573, 생명윤리와법,null,1,3,3,null
2,21,341,10573, 생명윤리와법,null,2,3,3,null
2,21,341,10074, 성문화연구,null,1,3,3,null
2,21,341,10074, 성문화연구,null,2,3,3,null
2,21,341,10081, 시민생활과법,null,1,3,3,null
2,21,341,10081, 시민생활과법,null,2,3,3,null
2,21,341,10094, 여성학,null,1,3,3,null
2,21,341,10094, 여성학,null,2,3,3,null
2,21,341,11089, 여행과지리:글로벌화의지역탐색,null,1,3,3,null
2,21,341,11089, 여행과지리:글로벌화의지역탐색,null,2,3,3,null
2,21,341,10908, 영상이미지와젠더,null,1,3,3,null
2,21,341,10908, 영상이미지와젠더,null,2,3,3,null
2,21,341,10904, 우리사회의문제와쟁점찾기,null,1,3,3,null
2,21,341,10904, 우리사회의문제와쟁점찾기,null,2,3,3,null
2,21,341,11358, 인간관계심리,null,1,3,3,null
2,21,341,11358, 인간관계심리,null,2,3,3,null
2,21,341,10109, 인간발달과가족,null,1,3,3,null
2,21,341,10109, 인간발달과가족,null,2,3,3,null
2,21,341,10903, 인간발달과문화의다양성,null,1,3,3,null
2,21,341,10903, 인간발달과문화의다양성,null,2,3,3,null
2,21,341,11114, 인간은왜춤을추는가,null,1,3,3,null
2,21,341,11114, 인간은왜춤을추는가,null,2,3,3,null
2,21,341,11103, 인터넷과법,null,1,3,3,null
2,21,341,11103, 인터넷과법,null,2,3,3,null
2,21,341,11359, 정신건강과행복,null,1,3,3,null
2,21,341,11359, 정신건강과행복,null,2,3,3,null
2,21,341,11104, 죄와벌,null,1,3,3,null
2,21,341,11104, 죄와벌,null,2,3,3,null
2,21,341,10905, 지구촌의사회복지,null,1,3,3,null
2,21,341,10905, 지구촌의사회복지,null,2,3,3,null
2,21,341,11105, 직업세계와법,null,1,3,3,null
2,21,341,11105, 직업세계와법,null,2,3,3,null
2,21,341,11039, 키워드로읽는중국문화,null,1,3,3,null
2,21,341,11039, 키워드로읽는중국문화,null,2,3,3,null
2,21,341,11215, 통합적분쟁이해와조정,null,1,3,3,null
2,21,341,11215, 통합적분쟁이해와조정,null,2,3,3,null
2,21,341,10887, 현대중국의이해,null,1,3,3,null
2,21,341,10887, 현대중국의이해,null,2,3,3,null
2,21,341,11162, Middle Eastern Political Theology: Religious Sources,null,1,3,3,null
2,21,341,11162, Middle Eastern Political Theology: Religious Sources,null,2,3,3,null
2,21,341,11079, 장애와사회,null,1,3,3,null
2,21,341,11079, 장애와사회,null,2,3,3,null
2,21,341,11296, 청춘의아픔과치유:행복인문학,null,1,3,3,null
2,21,341,11296, 청춘의아픔과치유:행복인문학,null,2,3,3,null
2,21,341,10181, 환경과인간,null,1,3,3,null
2,21,341,10181, 환경과인간,null,2,3,3,null
2,21,341,11188, Introduction to Ethnic Conflict and Management,null,1,3,3,null
2,21,341,11188, Introduction to Ethnic Conflict and Management,null,2,3,3,null
2,21,341,11106, 글로벌시민의이해와리더십,null,1,3,3,null
2,21,341,11106, 글로벌시민의이해와리더십,null,2,3,3,null
2,21,341,10933, 대학생의성건강,null,1,3,3,null
2,21,341,10933, 대학생의성건강,null,2,3,3,null
2,21,341,11308, 데이터로고전읽기,null,1,3,3,null
2,21,341,11308, 데이터로고전읽기,null,2,3,3,null
2,21,341,11351, 삶을위한멘탈코칭,null,1,3,3,null
2,21,341,11351, 삶을위한멘탈코칭,null,1,3,3,null
2,21,342,10556, 4차산업혁명과창의융합SW,null,1,3,3,null
2,21,342,10556, 4차산업혁명과창의융합SW,null,2,3,3,null
2,21,342,10930, Behavior of Animals,null,1,3,3,null
2,21,342,10930, Behavior of Animals,null,2,3,3,null
2,21,342,11111, SF영화로배우는철학,null,1,3,3,null
2,21,342,11111, SF영화로배우는철학,null,2,3,3,null
2,21,342,11213, 과학과몸의역사,null,1,3,3,null
2,21,342,11213, 과학과몸의역사,null,2,3,3,null
2,21,342,11155, 과학과허구,null,1,3,3,null
2,21,342,11155, 과학과허구,null,2,3,3,null
2,21,342,11101, 과학문화와커뮤니케이션,null,1,3,3,null
2,21,342,11101, 과학문화와커뮤니케이션,null,2,3,3,null
2,21,342,10776, 글로벌시민을위한과학소양,null,1,3,3,null
2,21,342,10776, 글로벌시민을위한과학소양,null,2,3,3,null
2,21,342,11154, 사물인터넷개론,null,1,3,3,null
2,21,342,11154, 사물인터넷개론,null,2,3,3,null
2,21,342,10052, 약과건강,null,1,3,3,null
2,21,342,10052, 약과건강,null,2,3,3,null
2,21,342,11102," 에너지의이해,이용,실천",null,1,3,3,null
2,21,342,11102," 에너지의이해,이용,실천",null,2,3,3,null
2,21,342,11257, 에피소드로보는과학철학,null,1,3,3,null
2,21,342,11257, 에피소드로보는과학철학,null,2,3,3,null
2,21,342,10910, 위험판단심리학,null,1,3,3,null
2,21,342,10910, 위험판단심리학,null,2,3,3,null
2,21,342,10104, 응용통계입문,null,1,3,3,null
2,21,342,10104, 응용통계입문,null,2,3,3,null
2,21,342,11336, 인공지능과인간,null,1,3,3,null
2,21,342,11336, 인공지능과인간,null,2,3,3,null
2,21,342,11261, 인공지능시대의정보산업이해,null,1,3,3,null
2,21,342,11261, 인공지능시대의정보산업이해,null,2,3,3,null
2,21,342,10559, 인류문명과환경과학,null,1,3,3,null
2,21,342,10559, 인류문명과환경과학,null,2,3,3,null
2,21,342,11156," 자연과의대화,환경생태",null,1,3,3,null
2,21,342,11156," 자연과의대화,환경생태",null,2,3,3,null
2,21,342,11160, 정보기술과미래사회,null,1,3,3,null
2,21,342,11160, 정보기술과미래사회,null,2,3,3,null
2,21,342,10123, 정보사회와인터넷윤리,null,1,3,3,null
2,21,342,10123, 정보사회와인터넷윤리,null,2,3,3,null
2,21,342,11096, 정보화사회와통계,null,1,3,3,null
2,21,342,11096, 정보화사회와통계,null,2,3,3,null
2,21,342,10135, 지구의역사,null,1,3,3,null
2,21,342,10135, 지구의역사,null,2,3,3,null
2,21,342,11042, 컴퓨터와마음,null,1,3,3,null
2,21,342,11042, 컴퓨터와마음,null,2,3,3,null
2,21,342,11152, 콘텐츠컴퓨팅,null,1,3,3,null
2,21,342,11152, 콘텐츠컴퓨팅,null,2,3,3,null
2,21,342,11145, 크리에이티브컴퓨팅,null,1,3,3,null
2,21,342,11145, 크리에이티브컴퓨팅,null,2,3,3,null
2,21,342,10164, 현대물리학과인간사고의변혁,null,1,3,3,null
2,21,342,10164, 현대물리학과인간사고의변혁,null,2,3,3,null
2,21,342,11157, 환경재난과국제협력,null,1,3,3,null
2,21,342,11157, 환경재난과국제협력,null,2,3,3,null
2,21,342,11262, 생활속의미생물,null,1,3,3,null
2,21,342,11262, 생활속의미생물,null,2,3,3,null
2,21,342,11264, 세계의자연유산과지오투어리즘,null,1,3,3,null
2,21,342,11264, 세계의자연유산과지오투어리즘,null,2,3,3,null
2,21,342,11043, 현대사회의기록과정보,null,1,3,3,null
2,21,342,11043, 현대사회의기록과정보,null,2,3,3,null
2,21,342,11187, 빅데이터사회와정보활용,null,1,3,3,null
2,21,342,11187, 빅데이터사회와정보활용,null,2,3,3,null
2,21,342,11098, 주거로보는건축문화,null,1,3,3,null
2,21,342,11098, 주거로보는건축문화,null,2,3,3,null
2,20,332,36826,중국고전문학의이해,1,1,3,3,null
2,20,332,38038,중국학입문,1,1,3,3,null
2,20,332,35214,중국한자의이해,1,2,3,3,null
2,20,332,35212,중국어연습,1,2,3,3,null
2,20,332,33593,중국고전시가,2,1,3,3,null
2,20,332,38790,중국대중문화,2,1,3,3,null
2,20,332,38314,중국명문읽기,2,1,3,3,null
2,20,332,34391,중국명문읽기,2,1,3,3,null
2,20,332,37195,한문강독,2,1,3,3,null
2,20,332,35217,현대중국의문화와사회,2,1,3,3,null
2,20,332,33589,중국고전산문,2,2,3,3,null
2,20,332,35224,중국문학과인문지리,2,2,3,3,null
2,20,332,36130,중국어회화2,2,2,3,3,null
2,20,332,34396,중국언어의이해,2,2,3,3,null
2,20,332,36131,현대중국의예술과비평,2,2,3,3,null
2,20,332,38035,중문전공설계심화1,3,1,null,3,null
2,20,332,38036,중문전공설계심화2,3,1,null,3,null
2,20,332,38035,중문전공설계심화1,3,2,null,3,null
2,20,332,38036,중문전공설계심화2,3,2,null,3,null
2,20,332,38034,영화와현대중국,3,1,3,3,null
2,20,332,35221,중국고전소설,3,1,3,3,null
2,20,332,38792,중국문학과여성,3,1,3,3,null
2,20,332,33591,중국문학사1,3,1,3,3,null
2,20,332,30153,중국시사토픽,3,1,3,3,null
2,20,332,34394,중국어문법,3,1,3,3,null
2,20,332,35219,루쉰과동아시아,3,2,3,3,null
2,20,332,35220,비즈니스중국어,3,2,3,3,null
2,20,332,33595,중국문학사2,3,2,3,3,null
2,20,332,36132,중국어작문,3,2,3,3,null
2,20,332,37197,중국의언어와지역문화,3,2,3,3,null
2,20,332,38285,중화권문화의이해,3,2,3,3,null
2,20,332,37716,중어중문현장실습1,4,1,null,1,null
2,20,332,37717,중어중문현장실습2,4,1,null,2,null
2,20,332,37716,중어중문현장실습1,4,2,null,1,null
2,20,332,37717,중어중문현장실습2,4,2,null,2,null
2,20,332,37718,중어중문현장실습3,4,1,null,3,null
2,20,332,37718,중어중문현장실습3,4,2,null,3,null
2,20,332,38315,21세기중국의쟁점과전망,4,1,3,3,null
2,20,332,38316,중국도시문화탐구,4,1,3,3,null
2,20,332,35225,중국문학비평,4,1,3,3,null
2,20,332,35223,중국현대문학사,4,1,3,3,null
2,20,332,38039,중한언어대조,4,1,3,3,null
2,20,332,35228,중국공연예술,4,2,3,3,null
2,20,332,38040,중국어학특강,4,2,3,3,null
2,20,332,36499,중국전통극예술,4,2,3,3,null
2,20,332,38317,중국지역전문가포트폴리오,4,2,3,3,null
2,20,332,36165,중국통번역캡스톤디자인,4,2,3,3,null
2,20,332,36828,중국현대작가론,4,2,3,3,null
2,21,343,36826,중국고전문학의이해,1,1,3,3,null
2,21,343,38038,중국학입문,1,1,3,3,null
2,21,343,35214,중국한자의이해,1,2,3,3,null
2,21,343,35212,중국어연습,1,2,3,3,null
2,21,343,33593,중국고전시가,2,1,3,3,null
2,21,343,38790,중국대중문화,2,1,3,3,null
2,21,343,38314,중국명문읽기,2,1,3,3,null
2,21,343,34391,중국명문읽기,2,1,3,3,null
2,21,343,37195,한문강독,2,1,3,3,null
2,21,343,35217,현대중국의문화와사회,2,1,3,3,null
2,21,343,33589,중국고전산문,2,2,3,3,null
2,21,343,35224,중국문학과인문지리,2,2,3,3,null
2,21,343,36130,중국어회화2,2,2,3,3,null
2,21,343,34396,중국언어의이해,2,2,3,3,null
2,21,343,36131,현대중국의예술과비평,2,2,3,3,null
2,21,343,38035,중문전공설계심화1,3,1,null,3,null
2,21,343,38036,중문전공설계심화2,3,1,null,3,null
2,21,343,38035,중문전공설계심화1,3,2,null,3,null
2,21,343,38036,중문전공설계심화2,3,2,null,3,null
2,21,343,38034,영화와현대중국,3,1,3,3,null
2,21,343,35221,중국고전소설,3,1,3,3,null
2,21,343,38792,중국문학과여성,3,1,3,3,null
2,21,343,33591,중국문학사1,3,1,3,3,null
2,21,343,30153,중국시사토픽,3,1,3,3,null
2,21,343,34394,중국어문법,3,1,3,3,null
2,21,343,35219,루쉰과동아시아,3,2,3,3,null
2,21,343,35220,비즈니스중국어,3,2,3,3,null
2,21,343,33595,중국문학사2,3,2,3,3,null
2,21,343,36132,중국어작문,3,2,3,3,null
2,21,343,37197,중국의언어와지역문화,3,2,3,3,null
2,21,343,38285,중화권문화의이해,3,2,3,3,null
2,21,343,37716,중어중문현장실습1,4,1,null,1,null
2,21,343,37717,중어중문현장실습2,4,1,null,2,null
2,21,343,37716,중어중문현장실습1,4,2,null,1,null
2,21,343,37717,중어중문현장실습2,4,2,null,2,null
2,21,343,37718,중어중문현장실습3,4,1,null,3,null
2,21,343,37718,중어중문현장실습3,4,2,null,3,null
2,21,343,38315,21세기중국의쟁점과전망,4,1,3,3,null
2,21,343,38316,중국도시문화탐구,4,1,3,3,null
2,21,343,35225,중국문학비평,4,1,3,3,null
2,21,343,35223,중국현대문학사,4,1,3,3,null
2,21,343,38039,중한언어대조,4,1,3,3,null
2,21,343,35228,중국공연예술,4,2,3,3,null
2,21,343,38040,중국어학특강,4,2,3,3,null
2,21,343,36499,중국전통극예술,4,2,3,3,null
2,21,343,38317,중국지역전문가포트폴리오,4,2,3,3,null
2,21,343,36165,중국통번역캡스톤디자인,4,2,3,3,null
2,21,343,36828,중국현대작가론,4,2,3,3,null
3,20,344,10023, 기독교와세계,1,1,3,3,null
3,20,344,10023, 기독교와세계,1,2,3,3,null
3,20,345,11352, 통합적사고와글쓰기,1,1,3,2,null
3,20,345,11352, 통합적사고와글쓰기,1,2,3,2,null
3,20,347,10099, Advanced English,1,1,3,3,null
3,20,347,10099, Advanced English,1,2,3,3,null
3,20,348,10563,기본중국어,1,1,3,3,null
3,20,348,10563,기본중국어,1,2,3,3,null
3,20,348,10133,중급중국어,1,1,3,3,null
3,20,348,10133,중급중국어,1,2,3,3,null
3,20,348,10564,기본프랑스어,1,1,3,3,null
3,20,348,10564,기본프랑스어,1,2,3,3,null
3,20,348,10565,중급프랑스어,1,1,3,3,null
3,20,348,10565,중급프랑스어,1,2,3,3,null
3,20,348,10566,기본독일어,1,1,3,3,null
3,20,348,10566,기본독일어,1,2,3,3,null
3,20,348,10130,중급독일어,1,1,3,3,null
3,20,348,10130,중급독일어,1,2,3,3,null
3,20,348,10570,기본일본어,1,1,3,3,null
3,20,348,10570,기본일본어,1,2,3,3,null
3,20,348,10132,중급일본어,1,1,3,3,null
3,20,348,10132,중급일본어,1,2,3,3,null
3,20,348,10571,기본스페인어,1,1,3,3,null
3,20,348,10571,기본스페인어,1,2,3,3,null
3,20,348,10665,중급스페인어,1,1,3,3,null
3,20,348,10665,중급스페인어,1,2,3,3,null
3,20,348,10572,기본러시아어,1,1,3,3,null
3,20,348,10572,기본러시아어,1,2,3,3,null
3,20,346,11208, IT융합설계개론,null,1,3,3,null
3,20,346,11208, IT융합설계개론,null,2,3,3,null
3,20,346,11206, 계산의기초와융합적문제해결,null,1,3,3,null
3,20,346,11206, 계산의기초와융합적문제해결,null,2,3,3,null
3,20,346,11204, 논리와컴퓨터,null,1,3,3,null
3,20,346,11204, 논리와컴퓨터,null,2,3,3,null
3,20,346,11357, 데이터컨버전스와법,null,1,3,3,null
3,20,346,11357, 데이터컨버전스와법,null,2,3,3,null
3,20,346,11373, 데이터컴퓨팅,null,1,3,3,null
3,20,346,11373, 데이터컴퓨팅,null,2,3,3,null
3,20,346,11356, 리눅스와시스템적사고,null,1,3,3,null
3,20,346,11356, 리눅스와시스템적사고,null,2,3,3,null
3,20,346,11309, 문제해결과SW프로그래밍,null,1,3,3,null
3,20,346,11309, 문제해결과SW프로그래밍,null,2,3,3,null
3,20,346,11365, 빅데이터와젠더,null,1,3,3,null
3,20,346,11365, 빅데이터와젠더,null,2,3,3,null
3,20,346,11367, 사회문제해결을위한R프로그래밍기초,null,1,3,3,null
3,20,346,11367, 사회문제해결을위한R프로그래밍기초,null,2,3,3,null
3,20,346,11233, 음악테크놀로지와프로그래밍,null,1,3,3,null
3,20,346,11233, 음악테크놀로지와프로그래밍,null,2,3,3,null
3,20,346,11368, 정보와인공지능의수리적이해,null,1,3,3,null
3,20,346,11368, 정보와인공지능의수리적이해,null,2,3,3,null
3,20,346,11205, 컴퓨터과학적인식과문제해결,null,1,3,3,null
3,20,346,11205, 컴퓨터과학적인식과문제해결,null,2,3,3,null
3,20,346,11374, 컴퓨터보안과윈도우포렌식,null,1,3,3,null
3,20,346,11374, 컴퓨터보안과윈도우포렌식,null,2,3,3,null
3,20,346,11362, 컴퓨터속의우주,null,1,3,3,null
3,20,346,11362, 컴퓨터속의우주,null,2,3,3,null
3,20,346,11369, 컴퓨터식문제해결기법,null,1,3,3,null
3,20,346,11369, 컴퓨터식문제해결기법,null,2,3,3,null
3,20,346,11232, 컴퓨터적사고와이해,null,1,3,3,null
3,20,346,11232, 컴퓨터적사고와이해,null,2,3,3,null
3,20,346,11234, 컴퓨터적사고와조형적활용,null,1,3,3,null
3,20,346,11234, 컴퓨터적사고와조형적활용,null,2,3,3,null
3,20,346,11211, 컴퓨팅적사고와프로그래밍,null,1,3,3,null
3,20,346,11211, 컴퓨팅적사고와프로그래밍,null,2,3,3,null
3,20,346,11364, 푸드테크시대의음식과디자인,null,1,3,3,null
3,20,346,11364, 푸드테크시대의음식과디자인,null,2,3,3,null
3,20,346,11207, 프로그래밍과통계적사고,null,1,3,3,null
3,20,346,11207, 프로그래밍과통계적사고,null,2,3,3,null
3,20,346,11361, 프로그래밍을위한컴퓨팅적사고,null,1,3,3,null
3,20,346,11361, 프로그래밍을위한컴퓨팅적사고,null,2,3,3,null
3,20,349,11053, 21세기사회와문학의대화,null,1,3,3,null
3,20,349,11053, 21세기사회와문학의대화,null,2,3,3,null
3,20,349,11334, Critical and Creative Textual Studies,null,1,3,3,null
3,20,349,11334, Critical and Creative Textual Studies,null,2,3,3,null
3,20,349,11183, The Story of Human Language,null,1,3,3,null
3,20,349,11183, The Story of Human Language,null,2,3,3,null
3,20,349,11165, Topics in Multiethnic American Literature,null,1,3,3,null
3,20,349,11165, Topics in Multiethnic American Literature,null,2,3,3,null
3,20,349,11112, 다매체시대의비교문학,null,1,3,3,null
3,20,349,11112, 다매체시대의비교문학,null,2,3,3,null
3,20,349,11108, 동아시아문학으로문화읽기,null,1,3,3,null
3,20,349,11108, 동아시아문학으로문화읽기,null,2,3,3,null
3,20,349,11038, 디지털미디어시대의동아시아문자,null,1,3,3,null
3,20,349,11038, 디지털미디어시대의동아시아문자,null,2,3,3,null
3,20,349,10041, 문학과삶,null,1,3,3,null
3,20,349,10041, 문학과삶,null,2,3,3,null
3,20,349,10654, 문학과영화,null,1,3,3,null
3,20,349,10654, 문학과영화,null,2,3,3,null
3,20,349,11148, 문학으로보는사랑의역사,null,1,3,3,null
3,20,349,11148, 문학으로보는사랑의역사,null,2,3,3,null
3,20,349,11184, 문학으로함께배우는매체/이야기,null,1,3,3,null
3,20,349,11184, 문학으로함께배우는매체/이야기,null,2,3,3,null
3,20,349,11146, 문화로읽는현대시의세계,null,1,3,3,null
3,20,349,11146, 문화로읽는현대시의세계,null,1,3,3,null
3,20,349,11147, 사이언스픽션의이해,null,1,3,3,null
3,20,349,11147, 사이언스픽션의이해,null,2,3,3,null
3,20,349,11297, 생태와문학,null,1,3,3,null
3,20,349,11297, 생태와문학,null,2,3,3,null
3,20,349,10768, 신화·상상력·문화,null,1,3,3,null
3,20,349,10768, 신화·상상력·문화,null,2,3,3,null
3,20,349,11109, 여행문학과세계인식,null,1,3,3,null
3,20,349,11109, 여행문학과세계인식,null,2,3,3,null
3,20,349,10882, 인간과언어,null,1,3,3,null
3,20,349,10882, 인간과언어,null,2,3,3,null
3,20,349,11258, 자연과문학,null,1,3,3,null
3,20,349,11258, 자연과문학,null,2,3,3,null
3,20,349,10543, 한국현대시와삶읽기,null,1,3,3,null
3,20,349,10543, 한국현대시와삶읽기,null,2,3,3,null
3,20,349,11134, 현대영어권문학의동향,null,1,3,3,null
3,20,349,11134, 현대영어권문학의동향,null,2,3,3,null
3,20,349,10896, 환상문학의세계,null,1,3,3,null
3,20,349,10896, 환상문학의세계,null,2,3,3,null
3,20,349,10950, 디지털스토리텔링의이해,null,1,3,3,null
3,20,349,10950, 디지털스토리텔링의이해,null,2,3,3,null
3,20,350,11107, 21세기의예술과인간,null,1,3,3,null
3,20,350,11107, 21세기의예술과인간,null,2,3,3,null
3,20,350,11164, Contemporary Photography,null,1,3,3,null
3,20,350,11164, Contemporary Photography,null,2,3,3,null
3,20,350,10033, 동양미술의이해,null,1,3,3,null
3,20,350,10033, 동양미술의이해,null,2,3,3,null
3,20,350,10778, 디지털매체와예술,null,1,3,3,null
3,20,350,10778, 디지털매체와예술,null,2,3,3,null
3,20,350,10576, 무용의이해,null,1,3,3,null
3,20,350,10576, 무용의이해,null,2,3,3,null
3,20,350,11153, 문화콘텐츠기획의이해,null,1,3,3,null
3,20,350,11153, 문화콘텐츠기획의이해,null,2,3,3,null
3,20,350,11328, 미술로치유하는마음,null,1,3,3,null
3,20,350,11328, 미술로치유하는마음,null,2,3,3,null
3,20,350,11083, 미학과미술,null,1,3,3,null
3,20,350,11083, 미학과미술,null,2,3,3,null
3,20,350,10072, 서양미술의이해,null,1,3,3,null
3,20,350,10072, 서양미술의이해,null,2,3,3,null
3,20,350,10073, 서양음악의이해,null,1,3,3,null
3,20,350,10073, 서양음악의이해,null,2,3,3,null
3,20,350,11084, 시각문화로서미술작품읽기,null,1,3,3,null
3,20,350,11084, 시각문화로서미술작품읽기,null,2,3,3,null
3,20,350,11209, 시각적사고를통한일상의문화와트랜드,null,1,3,3,null
3,20,350,11209, 시각적사고를통한일상의문화와트랜드,null,2,3,3,null
3,20,350,10090, 여성과예술,null,1,3,3,null
3,20,350,10090, 여성과예술,null,2,3,3,null
3,20,350,11113, 여성의몸과창조적움직임,null,1,3,3,null
3,20,350,11113, 여성의몸과창조적움직임,null,2,3,3,null
3,20,350,10097, 연극의이론과실제,null,1,3,3,null
3,20,350,10097, 연극의이론과실제,null,2,3,3,null
3,20,350,11110, 예술가와그의시대,null,1,3,3,null
3,20,350,11110, 예술가와그의시대,null,2,3,3,null
3,20,350,10100, 예술과사상,null,1,3,3,null
3,20,350,10100, 예술과사상,null,2,3,3,null
3,20,350,11055, 옛시와그림의만남,null,1,3,3,null
3,20,350,11055, 옛시와그림의만남,null,2,3,3,null
3,20,350,11265, 음악과건강,null,1,3,3,null
3,20,350,11265, 음악과건강,null,2,3,3,null
3,20,350,11075, 창조와상상의기술,null,1,3,3,null
3,20,350,11075, 창조와상상의기술,null,2,3,3,null
3,20,350,11035," 퍼포먼스인문학:제의,놀이,연극",null,1,3,3,null
3,20,350,11035," 퍼포먼스인문학:제의,놀이,연극",null,2,3,3,null
3,20,350,10892," 표현,예술,그리고시대정신",null,1,3,3,null
3,20,350,10892," 표현,예술,그리고시대정신",null,2,3,3,null
3,20,350,10152, 한국미술의이해,null,1,3,3,null
3,20,350,10152, 한국미술의이해,null,2,3,3,null
3,20,350,11333," 한국사와상상력,스토리텔링",null,1,3,3,null
3,20,350,11333," 한국사와상상력,스토리텔링",null,2,3,3,null
3,20,350,10883, 한국의문화공간과예술,null,1,3,3,null
3,20,350,10883, 한국의문화공간과예술,null,2,3,3,null
3,20,350,10165, 현대미술사,null,1,3,3,null
3,20,350,10165, 현대미술사,null,2,3,3,null
3,20,350,11330, Reading American Popular Culture in the Digital Age,null,1,3,3,null
3,20,350,11330, Reading American Popular Culture in the Digital Age,null,2,3,3,null
3,20,350,10018, 국악의이해,null,1,3,3,null
3,20,350,10018, 국악의이해,null,2,3,3,null
3,20,350,11329, 색채의이해,null,1,3,3,null
3,20,350,11329, 색채의이해,null,2,3,3,null
3,20,350,11263, 예술과기술,null,1,3,3,null
3,20,350,11263, 예술과기술,null,2,3,3,null
3,20,350,11116, Introduction to World Music and Culture,null,1,3,3,null
3,20,350,11116, Introduction to World Music and Culture,null,2,3,3,null
3,20,350,11135, 사물과예술,null,1,3,3,null
3,20,350,11135, 사물과예술,null,2,3,3,null
3,20,351,11190, The Art of Thinking,null,1,3,3,null
3,20,351,11190, The Art of Thinking,null,2,3,3,null
3,20,351,10545, 근대일본과동아시아,null,1,3,3,null
3,20,351,10545, 근대일본과동아시아,null,2,3,3,null
3,20,351,11046, 동서양의인간이해,null,1,3,3,null
3,20,351,11046, 동서양의인간이해,null,2,3,3,null
3,20,351,10034, 동양철학의이해,null,1,3,3,null
3,20,351,10034, 동양철학의이해,null,2,3,3,null
3,20,351,10769, 모던/포스트모던문화읽기,null,1,3,3,null
3,20,351,10769, 모던/포스트모던문화읽기,null,2,3,3,null
3,20,351,11056, 문화로읽는한국사,null,1,3,3,null
3,20,351,11056, 문화로읽는한국사,null,2,3,3,null
3,20,351,11185, 문화와예술을통해본르네상스역사,null,1,3,3,null
3,20,351,11185, 문화와예술을통해본르네상스역사,null,2,3,3,null
3,20,351,10772, 여성과사회정의,null,1,3,3,null
3,20,351,10772, 여성과사회정의,null,2,3,3,null
3,20,351,11054, 연어프로젝트:한국여성나의뿌리를찾아서 ,null,1,3,3,null
3,20,351,11054, 연어프로젝트:한국여성나의뿌리를찾아서 ,null,2,3,3,null
3,20,351,10108, 인간과종교,null,1,3,3,null
3,20,351,10108, 인간과종교,null,2,3,3,null
3,20,351,11041, 인간과철학적사유,null,1,3,3,null
3,20,351,11041, 인간과철학적사유,null,2,3,3,null
3,20,351,11293, 인물로본중국의역사,null,1,3,3,null
3,20,351,11293, 인물로본중국의역사,null,2,3,3,null
3,20,351,10581, 인물로본한국사,null,1,3,3,null
3,20,351,10581, 인물로본한국사,null,2,3,3,null
3,20,351,11078, 젠더와역사,null,1,3,3,null
3,20,351,11078, 젠더와역사,null,2,3,3,null
3,20,351,10767, 종교와문화,null,1,3,3,null
3,20,351,10767, 종교와문화,null,2,3,3,null
3,20,351,11057, 주제로살펴보는서양근현대사,null,1,3,3,null
3,20,351,11057, 주제로살펴보는서양근현대사,null,2,3,3,null
3,20,351,10544, 중국의역사와문화,null,1,3,3,null
3,20,351,10544, 중국의역사와문화,null,2,3,3,null
3,20,351,11297, 질병치료와백신의역사,null,1,3,3,null
3,20,351,11297, 질병치료와백신의역사,null,2,3,3,null
3,20,351,11189, 철학의은유들,null,1,3,3,null
3,20,351,11189, 철학의은유들,null,2,3,3,null
3,20,351,11045, 패러다임전환과비판이론,null,1,3,3,null
3,20,351,11045, 패러다임전환과비판이론,null,2,3,3,null
3,20,351,10149, 한국근현대사 ,null,1,3,3,null
3,20,351,10149, 한국근현대사 ,null,2,3,3,null
3,20,351,11058, 한국사의새로운이해,null,1,3,3,null
3,20,351,11058, 한국사의새로운이해,null,2,3,3,null
3,20,351,11366, 한국의문화유산역사여행,null,1,3,3,null
3,20,351,11366, 한국의문화유산역사여행,null,2,3,3,null
3,20,351,11186, Evolutionary Origin of Humans,null,1,3,3,null
3,20,351,11186, Evolutionary Origin of Humans,null,2,3,3,null
3,20,351,11295, 인공지능시대의과학과종교,null,1,3,3,null
3,20,351,11295, 인공지능시대의과학과종교,null,2,3,3,null
3,20,352,11360, ICT융복합복지와법,null,1,3,3,null
3,20,352,11360, ICT융복합복지와법,null,2,3,3,null
3,20,352,11259, SDGs시대글로벌보건협력:개발도상국의보건의료현황과국제사회의지원 ,null,1,3,3,null
3,20,352,11259, SDGs시대글로벌보건협력:개발도상국의보건의료현황과국제사회의지원 ,null,2,3,3,null
3,20,352,10011, 가족건강과간호,null,1,3,3,null
3,20,352,10011, 가족건강과간호,null,2,3,3,null
3,20,352,10932, 건축으로읽는사회문화사,null,1,3,3,null
3,20,352,10932, 건축으로읽는사회문화사,null,2,3,3,null
3,20,352,10013, 경영과사회,null,1,3,3,null
3,20,352,10013, 경영과사회,null,2,3,3,null
3,20,352,11210, 교육커뮤니케이션의이해와실제,null,1,3,3,null
3,20,352,11210, 교육커뮤니케이션의이해와실제,null,2,3,3,null
3,20,352,10949, 국제구호와개발협력,null,1,3,3,null
3,20,352,10949, 국제구호와개발협력,null,2,3,3,null
3,20,352,10913, 글로벌시대의다문화사회,null,1,3,3,null
3,20,352,10913, 글로벌시대의다문화사회,null,2,3,3,null
3,20,352,10914, 글로벌시대의아시아여성,null,1,3,3,null
3,20,352,10914, 글로벌시대의아시아여성,null,2,3,3,null
3,20,352,11260, 기업과정신과혁신,null,1,3,3,null
3,20,352,11260, 기업과정신과혁신,null,2,3,3,null
3,20,352,10091, 노동과젠더,null,1,3,3,null
3,20,352,10091, 노동과젠더,null,2,3,3,null
3,20,352,11332, 도시공간문화로읽는한국사,null,1,3,3,null
3,20,352,11332, 도시공간문화로읽는한국사,null,2,3,3,null
3,20,352,10886, 동양고전의현대적이해,null,1,3,3,null
3,20,352,10886, 동양고전의현대적이해,null,2,3,3,null
3,20,352,11292, 모방과인간,null,1,3,3,null
3,20,352,11292, 모방과인간,null,2,3,3,null
3,20,352,11193, 법과젠더,null,1,3,3,null
3,20,352,11193, 법과젠더,null,2,3,3,null
3,20,352,10549, 북한정치의이해,null,1,3,3,null
3,20,352,10549, 북한정치의이해,null,2,3,3,null
3,20,352,10548, 북한주민의문화와생활,null,1,3,3,null
3,20,352,10548, 북한주민의문화와생활,null,2,3,3,null
3,20,352,10929, 브레인스펙트럼,null,1,3,3,null
3,20,352,10929, 브레인스펙트럼,null,2,3,3,null
3,20,352,10573, 생명윤리와법,null,1,3,3,null
3,20,352,10573, 생명윤리와법,null,2,3,3,null
3,20,352,10074, 성문화연구,null,1,3,3,null
3,20,352,10074, 성문화연구,null,2,3,3,null
3,20,352,10081, 시민생활과법,null,1,3,3,null
3,20,352,10081, 시민생활과법,null,2,3,3,null
3,20,352,10094, 여성학,null,1,3,3,null
3,20,352,10094, 여성학,null,2,3,3,null
3,20,352,11089, 여행과지리:글로벌화의지역탐색,null,1,3,3,null
3,20,352,11089, 여행과지리:글로벌화의지역탐색,null,2,3,3,null
3,20,352,10908, 영상이미지와젠더,null,1,3,3,null
3,20,352,10908, 영상이미지와젠더,null,2,3,3,null
3,20,352,10904, 우리사회의문제와쟁점찾기,null,1,3,3,null
3,20,352,10904, 우리사회의문제와쟁점찾기,null,2,3,3,null
3,20,352,11358, 인간관계심리,null,1,3,3,null
3,20,352,11358, 인간관계심리,null,2,3,3,null
3,20,352,10109, 인간발달과가족,null,1,3,3,null
3,20,352,10109, 인간발달과가족,null,2,3,3,null
3,20,352,10903, 인간발달과문화의다양성,null,1,3,3,null
3,20,352,10903, 인간발달과문화의다양성,null,2,3,3,null
3,20,352,11114, 인간은왜춤을추는가,null,1,3,3,null
3,20,352,11114, 인간은왜춤을추는가,null,2,3,3,null
3,20,352,11103, 인터넷과법,null,1,3,3,null
3,20,352,11103, 인터넷과법,null,2,3,3,null
3,20,352,11359, 정신건강과행복,null,1,3,3,null
3,20,352,11359, 정신건강과행복,null,2,3,3,null
3,20,352,11104, 죄와벌,null,1,3,3,null
3,20,352,11104, 죄와벌,null,2,3,3,null
3,20,352,10905, 지구촌의사회복지,null,1,3,3,null
3,20,352,10905, 지구촌의사회복지,null,2,3,3,null
3,20,352,11105, 직업세계와법,null,1,3,3,null
3,20,352,11105, 직업세계와법,null,2,3,3,null
3,20,352,11039, 키워드로읽는중국문화,null,1,3,3,null
3,20,352,11039, 키워드로읽는중국문화,null,2,3,3,null
3,20,352,11215, 통합적분쟁이해와조정,null,1,3,3,null
3,20,352,11215, 통합적분쟁이해와조정,null,2,3,3,null
3,20,352,10887, 현대중국의이해,null,1,3,3,null
3,20,352,10887, 현대중국의이해,null,2,3,3,null
3,20,352,11162, Middle Eastern Political Theology: Religious Sources,null,1,3,3,null
3,20,352,11162, Middle Eastern Political Theology: Religious Sources,null,2,3,3,null
3,20,352,11079, 장애와사회,null,1,3,3,null
3,20,352,11079, 장애와사회,null,2,3,3,null
3,20,352,11296, 청춘의아픔과치유:행복인문학,null,1,3,3,null
3,20,352,11296, 청춘의아픔과치유:행복인문학,null,2,3,3,null
3,20,352,10181, 환경과인간,null,1,3,3,null
3,20,352,10181, 환경과인간,null,2,3,3,null
3,20,352,11188, Introduction to Ethnic Conflict and Management,null,1,3,3,null
3,20,352,11188, Introduction to Ethnic Conflict and Management,null,2,3,3,null
3,20,352,11106, 글로벌시민의이해와리더십,null,1,3,3,null
3,20,352,11106, 글로벌시민의이해와리더십,null,2,3,3,null
3,20,352,10933, 대학생의성건강,null,1,3,3,null
3,20,352,10933, 대학생의성건강,null,2,3,3,null
3,20,352,11308, 데이터로고전읽기,null,1,3,3,null
3,20,352,11308, 데이터로고전읽기,null,2,3,3,null
3,20,352,11351, 삶을위한멘탈코칭,null,1,3,3,null
3,20,352,11351, 삶을위한멘탈코칭,null,1,3,3,null
3,20,353,10556, 4차산업혁명과창의융합SW,null,1,3,3,null
3,20,353,10556, 4차산업혁명과창의융합SW,null,2,3,3,null
3,20,353,10930, Behavior of Animals,null,1,3,3,null
3,20,353,10930, Behavior of Animals,null,2,3,3,null
3,20,353,11111, SF영화로배우는철학,null,1,3,3,null
3,20,353,11111, SF영화로배우는철학,null,2,3,3,null
3,20,353,11213, 과학과몸의역사,null,1,3,3,null
3,20,353,11213, 과학과몸의역사,null,2,3,3,null
3,20,353,11155, 과학과허구,null,1,3,3,null
3,20,353,11155, 과학과허구,null,2,3,3,null
3,20,353,11101, 과학문화와커뮤니케이션,null,1,3,3,null
3,20,353,11101, 과학문화와커뮤니케이션,null,2,3,3,null
3,20,353,10776, 글로벌시민을위한과학소양,null,1,3,3,null
3,20,353,10776, 글로벌시민을위한과학소양,null,2,3,3,null
3,20,353,11154, 사물인터넷개론,null,1,3,3,null
3,20,353,11154, 사물인터넷개론,null,2,3,3,null
3,20,353,10052, 약과건강,null,1,3,3,null
3,20,353,10052, 약과건강,null,2,3,3,null
3,20,353,11102," 에너지의이해,이용,실천",null,1,3,3,null
3,20,353,11102," 에너지의이해,이용,실천",null,2,3,3,null
3,20,353,11257, 에피소드로보는과학철학,null,1,3,3,null
3,20,353,11257, 에피소드로보는과학철학,null,2,3,3,null
3,20,353,10910, 위험판단심리학,null,1,3,3,null
3,20,353,10910, 위험판단심리학,null,2,3,3,null
3,20,353,10104, 응용통계입문,null,1,3,3,null
3,20,353,10104, 응용통계입문,null,2,3,3,null
3,20,353,11336, 인공지능과인간,null,1,3,3,null
3,20,353,11336, 인공지능과인간,null,2,3,3,null
3,20,353,11261, 인공지능시대의정보산업이해,null,1,3,3,null
3,20,353,11261, 인공지능시대의정보산업이해,null,2,3,3,null
3,20,353,10559, 인류문명과환경과학,null,1,3,3,null
3,20,353,10559, 인류문명과환경과학,null,2,3,3,null
3,20,353,11156," 자연과의대화,환경생태",null,1,3,3,null
3,20,353,11156," 자연과의대화,환경생태",null,2,3,3,null
3,20,353,11160, 정보기술과미래사회,null,1,3,3,null
3,20,353,11160, 정보기술과미래사회,null,2,3,3,null
3,20,353,10123, 정보사회와인터넷윤리,null,1,3,3,null
3,20,353,10123, 정보사회와인터넷윤리,null,2,3,3,null
3,20,353,11096, 정보화사회와통계,null,1,3,3,null
3,20,353,11096, 정보화사회와통계,null,2,3,3,null
3,20,353,10135, 지구의역사,null,1,3,3,null
3,20,353,10135, 지구의역사,null,2,3,3,null
3,20,353,11042, 컴퓨터와마음,null,1,3,3,null
3,20,353,11042, 컴퓨터와마음,null,2,3,3,null
3,20,353,11152, 콘텐츠컴퓨팅,null,1,3,3,null
3,20,353,11152, 콘텐츠컴퓨팅,null,2,3,3,null
3,20,353,11145, 크리에이티브컴퓨팅,null,1,3,3,null
3,20,353,11145, 크리에이티브컴퓨팅,null,2,3,3,null
3,20,353,10164, 현대물리학과인간사고의변혁,null,1,3,3,null
3,20,353,10164, 현대물리학과인간사고의변혁,null,2,3,3,null
3,20,353,11157, 환경재난과국제협력,null,1,3,3,null
3,20,353,11157, 환경재난과국제협력,null,2,3,3,null
3,20,353,11262, 생활속의미생물,null,1,3,3,null
3,20,353,11262, 생활속의미생물,null,2,3,3,null
3,20,353,11264, 세계의자연유산과지오투어리즘,null,1,3,3,null
3,20,353,11264, 세계의자연유산과지오투어리즘,null,2,3,3,null
3,20,353,11043, 현대사회의기록과정보,null,1,3,3,null
3,20,353,11043, 현대사회의기록과정보,null,2,3,3,null
3,20,353,11187, 빅데이터사회와정보활용,null,1,3,3,null
3,20,353,11187, 빅데이터사회와정보활용,null,2,3,3,null
3,20,353,11098, 주거로보는건축문화,null,1,3,3,null
3,20,353,11098, 주거로보는건축문화,null,2,3,3,null
3,21,355,10023, 기독교와세계,1,1,3,3,null
3,21,355,10023, 기독교와세계,1,2,3,3,null
3,21,356,11352, 통합적사고와글쓰기,1,1,3,2,null
3,21,356,11352, 통합적사고와글쓰기,1,2,3,2,null
3,21,358,10099, Advanced English,1,1,3,3,null
3,21,358,10099, Advanced English,1,2,3,3,null
3,21,359,10563,기본중국어,1,1,3,3,null
3,21,359,10563,기본중국어,1,2,3,3,null
3,21,359,10133,중급중국어,1,1,3,3,null
3,21,359,10133,중급중국어,1,2,3,3,null
3,21,359,10564,기본프랑스어,1,1,3,3,null
3,21,359,10564,기본프랑스어,1,2,3,3,null
3,21,359,10565,중급프랑스어,1,1,3,3,null
3,21,359,10565,중급프랑스어,1,2,3,3,null
3,21,359,10566,기본독일어,1,1,3,3,null
3,21,359,10566,기본독일어,1,2,3,3,null
3,21,359,10130,중급독일어,1,1,3,3,null
3,21,359,10130,중급독일어,1,2,3,3,null
3,21,359,10570,기본일본어,1,1,3,3,null
3,21,359,10570,기본일본어,1,2,3,3,null
3,21,359,10132,중급일본어,1,1,3,3,null
3,21,359,10132,중급일본어,1,2,3,3,null
3,21,359,10571,기본스페인어,1,1,3,3,null
3,21,359,10571,기본스페인어,1,2,3,3,null
3,21,359,10665,중급스페인어,1,1,3,3,null
3,21,359,10665,중급스페인어,1,2,3,3,null
3,21,359,10572,기본러시아어,1,1,3,3,null
3,21,359,10572,기본러시아어,1,2,3,3,null
3,21,357,11208, IT융합설계개론,null,1,3,3,null
3,21,357,11208, IT융합설계개론,null,2,3,3,null
3,21,357,11206, 계산의기초와융합적문제해결,null,1,3,3,null
3,21,357,11206, 계산의기초와융합적문제해결,null,2,3,3,null
3,21,357,11204, 논리와컴퓨터,null,1,3,3,null
3,21,357,11204, 논리와컴퓨터,null,2,3,3,null
3,21,357,11357, 데이터컨버전스와법,null,1,3,3,null
3,21,357,11357, 데이터컨버전스와법,null,2,3,3,null
3,21,357,11373, 데이터컴퓨팅,null,1,3,3,null
3,21,357,11373, 데이터컴퓨팅,null,2,3,3,null
3,21,357,11356, 리눅스와시스템적사고,null,1,3,3,null
3,21,357,11356, 리눅스와시스템적사고,null,2,3,3,null
3,21,357,11309, 문제해결과SW프로그래밍,null,1,3,3,null
3,21,357,11309, 문제해결과SW프로그래밍,null,2,3,3,null
3,21,357,11365, 빅데이터와젠더,null,1,3,3,null
3,21,357,11365, 빅데이터와젠더,null,2,3,3,null
3,21,357,11367, 사회문제해결을위한R프로그래밍기초,null,1,3,3,null
3,21,357,11367, 사회문제해결을위한R프로그래밍기초,null,2,3,3,null
3,21,357,11233, 음악테크놀로지와프로그래밍,null,1,3,3,null
3,21,357,11233, 음악테크놀로지와프로그래밍,null,2,3,3,null
3,21,357,11368, 정보와인공지능의수리적이해,null,1,3,3,null
3,21,357,11368, 정보와인공지능의수리적이해,null,2,3,3,null
3,21,357,11205, 컴퓨터과학적인식과문제해결,null,1,3,3,null
3,21,357,11205, 컴퓨터과학적인식과문제해결,null,2,3,3,null
3,21,357,11374, 컴퓨터보안과윈도우포렌식,null,1,3,3,null
3,21,357,11374, 컴퓨터보안과윈도우포렌식,null,2,3,3,null
3,21,357,11362, 컴퓨터속의우주,null,1,3,3,null
3,21,357,11362, 컴퓨터속의우주,null,2,3,3,null
3,21,357,11369, 컴퓨터식문제해결기법,null,1,3,3,null
3,21,357,11369, 컴퓨터식문제해결기법,null,2,3,3,null
3,21,357,11232, 컴퓨터적사고와이해,null,1,3,3,null
3,21,357,11232, 컴퓨터적사고와이해,null,2,3,3,null
3,21,357,11234, 컴퓨터적사고와조형적활용,null,1,3,3,null
3,21,357,11234, 컴퓨터적사고와조형적활용,null,2,3,3,null
3,21,357,11211, 컴퓨팅적사고와프로그래밍,null,1,3,3,null
3,21,357,11211, 컴퓨팅적사고와프로그래밍,null,2,3,3,null
3,21,357,11364, 푸드테크시대의음식과디자인,null,1,3,3,null
3,21,357,11364, 푸드테크시대의음식과디자인,null,2,3,3,null
3,21,357,11207, 프로그래밍과통계적사고,null,1,3,3,null
3,21,357,11207, 프로그래밍과통계적사고,null,2,3,3,null
3,21,357,11361, 프로그래밍을위한컴퓨팅적사고,null,1,3,3,null
3,21,357,11361, 프로그래밍을위한컴퓨팅적사고,null,2,3,3,null
3,21,360,11053, 21세기사회와문학의대화,null,1,3,3,null
3,21,360,11053, 21세기사회와문학의대화,null,2,3,3,null
3,21,360,11334, Critical and Creative Textual Studies,null,1,3,3,null
3,21,360,11334, Critical and Creative Textual Studies,null,2,3,3,null
3,21,360,11183, The Story of Human Language,null,1,3,3,null
3,21,360,11183, The Story of Human Language,null,2,3,3,null
3,21,360,11165, Topics in Multiethnic American Literature,null,1,3,3,null
3,21,360,11165, Topics in Multiethnic American Literature,null,2,3,3,null
3,21,360,11112, 다매체시대의비교문학,null,1,3,3,null
3,21,360,11112, 다매체시대의비교문학,null,2,3,3,null
3,21,360,11108, 동아시아문학으로문화읽기,null,1,3,3,null
3,21,360,11108, 동아시아문학으로문화읽기,null,2,3,3,null
3,21,360,11038, 디지털미디어시대의동아시아문자,null,1,3,3,null
3,21,360,11038, 디지털미디어시대의동아시아문자,null,2,3,3,null
3,21,360,10041, 문학과삶,null,1,3,3,null
3,21,360,10041, 문학과삶,null,2,3,3,null
3,21,360,10654, 문학과영화,null,1,3,3,null
3,21,360,10654, 문학과영화,null,2,3,3,null
3,21,360,11148, 문학으로보는사랑의역사,null,1,3,3,null
3,21,360,11148, 문학으로보는사랑의역사,null,2,3,3,null
3,21,360,11184, 문학으로함께배우는매체/이야기,null,1,3,3,null
3,21,360,11184, 문학으로함께배우는매체/이야기,null,2,3,3,null
3,21,360,11146, 문화로읽는현대시의세계,null,1,3,3,null
3,21,360,11146, 문화로읽는현대시의세계,null,1,3,3,null
3,21,360,11147, 사이언스픽션의이해,null,1,3,3,null
3,21,360,11147, 사이언스픽션의이해,null,2,3,3,null
3,21,360,11297, 생태와문학,null,1,3,3,null
3,21,360,11297, 생태와문학,null,2,3,3,null
3,21,360,10768, 신화·상상력·문화,null,1,3,3,null
3,21,360,10768, 신화·상상력·문화,null,2,3,3,null
3,21,360,11109, 여행문학과세계인식,null,1,3,3,null
3,21,360,11109, 여행문학과세계인식,null,2,3,3,null
3,21,360,10882, 인간과언어,null,1,3,3,null
3,21,360,10882, 인간과언어,null,2,3,3,null
3,21,360,11258, 자연과문학,null,1,3,3,null
3,21,360,11258, 자연과문학,null,2,3,3,null
3,21,360,10543, 한국현대시와삶읽기,null,1,3,3,null
3,21,360,10543, 한국현대시와삶읽기,null,2,3,3,null
3,21,360,11134, 현대영어권문학의동향,null,1,3,3,null
3,21,360,11134, 현대영어권문학의동향,null,2,3,3,null
3,21,360,10896, 환상문학의세계,null,1,3,3,null
3,21,360,10896, 환상문학의세계,null,2,3,3,null
3,21,360,10950, 디지털스토리텔링의이해,null,1,3,3,null
3,21,360,10950, 디지털스토리텔링의이해,null,2,3,3,null
3,21,361,11107, 21세기의예술과인간,null,1,3,3,null
3,21,361,11107, 21세기의예술과인간,null,2,3,3,null
3,21,361,11164, Contemporary Photography,null,1,3,3,null
3,21,361,11164, Contemporary Photography,null,2,3,3,null
3,21,361,10033, 동양미술의이해,null,1,3,3,null
3,21,361,10033, 동양미술의이해,null,2,3,3,null
3,21,361,10778, 디지털매체와예술,null,1,3,3,null
3,21,361,10778, 디지털매체와예술,null,2,3,3,null
3,21,361,10576, 무용의이해,null,1,3,3,null
3,21,361,10576, 무용의이해,null,2,3,3,null
3,21,361,11153, 문화콘텐츠기획의이해,null,1,3,3,null
3,21,361,11153, 문화콘텐츠기획의이해,null,2,3,3,null
3,21,361,11328, 미술로치유하는마음,null,1,3,3,null
3,21,361,11328, 미술로치유하는마음,null,2,3,3,null
3,21,361,11083, 미학과미술,null,1,3,3,null
3,21,361,11083, 미학과미술,null,2,3,3,null
3,21,361,10072, 서양미술의이해,null,1,3,3,null
3,21,361,10072, 서양미술의이해,null,2,3,3,null
3,21,361,10073, 서양음악의이해,null,1,3,3,null
3,21,361,10073, 서양음악의이해,null,2,3,3,null
3,21,361,11084, 시각문화로서미술작품읽기,null,1,3,3,null
3,21,361,11084, 시각문화로서미술작품읽기,null,2,3,3,null
3,21,361,11209, 시각적사고를통한일상의문화와트랜드,null,1,3,3,null
3,21,361,11209, 시각적사고를통한일상의문화와트랜드,null,2,3,3,null
3,21,361,10090, 여성과예술,null,1,3,3,null
3,21,361,10090, 여성과예술,null,2,3,3,null
3,21,361,11113, 여성의몸과창조적움직임,null,1,3,3,null
3,21,361,11113, 여성의몸과창조적움직임,null,2,3,3,null
3,21,361,10097, 연극의이론과실제,null,1,3,3,null
3,21,361,10097, 연극의이론과실제,null,2,3,3,null
3,21,361,11110, 예술가와그의시대,null,1,3,3,null
3,21,361,11110, 예술가와그의시대,null,2,3,3,null
3,21,361,10100, 예술과사상,null,1,3,3,null
3,21,361,10100, 예술과사상,null,2,3,3,null
3,21,361,11055, 옛시와그림의만남,null,1,3,3,null
3,21,361,11055, 옛시와그림의만남,null,2,3,3,null
3,21,361,11265, 음악과건강,null,1,3,3,null
3,21,361,11265, 음악과건강,null,2,3,3,null
3,21,361,11075, 창조와상상의기술,null,1,3,3,null
3,21,361,11075, 창조와상상의기술,null,2,3,3,null
3,21,361,11035," 퍼포먼스인문학:제의,놀이,연극",null,1,3,3,null
3,21,361,11035," 퍼포먼스인문학:제의,놀이,연극",null,2,3,3,null
3,21,361,10892," 표현,예술,그리고시대정신",null,1,3,3,null
3,21,361,10892," 표현,예술,그리고시대정신",null,2,3,3,null
3,21,361,10152, 한국미술의이해,null,1,3,3,null
3,21,361,10152, 한국미술의이해,null,2,3,3,null
3,21,361,11333," 한국사와상상력,스토리텔링",null,1,3,3,null
3,21,361,11333," 한국사와상상력,스토리텔링",null,2,3,3,null
3,21,361,10883, 한국의문화공간과예술,null,1,3,3,null
3,21,361,10883, 한국의문화공간과예술,null,2,3,3,null
3,21,361,10165, 현대미술사,null,1,3,3,null
3,21,361,10165, 현대미술사,null,2,3,3,null
3,21,361,11330, Reading American Popular Culture in the Digital Age,null,1,3,3,null
3,21,361,11330, Reading American Popular Culture in the Digital Age,null,2,3,3,null
3,21,361,10018, 국악의이해,null,1,3,3,null
3,21,361,10018, 국악의이해,null,2,3,3,null
3,21,361,11329, 색채의이해,null,1,3,3,null
3,21,361,11329, 색채의이해,null,2,3,3,null
3,21,361,11263, 예술과기술,null,1,3,3,null
3,21,361,11263, 예술과기술,null,2,3,3,null
3,21,361,11116, Introduction to World Music and Culture,null,1,3,3,null
3,21,361,11116, Introduction to World Music and Culture,null,2,3,3,null
3,21,361,11135, 사물과예술,null,1,3,3,null
3,21,361,11135, 사물과예술,null,2,3,3,null
3,21,362,11190, The Art of Thinking,null,1,3,3,null
3,21,362,11190, The Art of Thinking,null,2,3,3,null
3,21,362,10545, 근대일본과동아시아,null,1,3,3,null
3,21,362,10545, 근대일본과동아시아,null,2,3,3,null
3,21,362,11046, 동서양의인간이해,null,1,3,3,null
3,21,362,11046, 동서양의인간이해,null,2,3,3,null
3,21,362,10034, 동양철학의이해,null,1,3,3,null
3,21,362,10034, 동양철학의이해,null,2,3,3,null
3,21,362,10769, 모던/포스트모던문화읽기,null,1,3,3,null
3,21,362,10769, 모던/포스트모던문화읽기,null,2,3,3,null
3,21,362,11056, 문화로읽는한국사,null,1,3,3,null
3,21,362,11056, 문화로읽는한국사,null,2,3,3,null
3,21,362,11185, 문화와예술을통해본르네상스역사,null,1,3,3,null
3,21,362,11185, 문화와예술을통해본르네상스역사,null,2,3,3,null
3,21,362,10772, 여성과사회정의,null,1,3,3,null
3,21,362,10772, 여성과사회정의,null,2,3,3,null
3,21,362,11054, 연어프로젝트:한국여성나의뿌리를찾아서 ,null,1,3,3,null
3,21,362,11054, 연어프로젝트:한국여성나의뿌리를찾아서 ,null,2,3,3,null
3,21,362,10108, 인간과종교,null,1,3,3,null
3,21,362,10108, 인간과종교,null,2,3,3,null
3,21,362,11041, 인간과철학적사유,null,1,3,3,null
3,21,362,11041, 인간과철학적사유,null,2,3,3,null
3,21,362,11293, 인물로본중국의역사,null,1,3,3,null
3,21,362,11293, 인물로본중국의역사,null,2,3,3,null
3,21,362,10581, 인물로본한국사,null,1,3,3,null
3,21,362,10581, 인물로본한국사,null,2,3,3,null
3,21,362,11078, 젠더와역사,null,1,3,3,null
3,21,362,11078, 젠더와역사,null,2,3,3,null
3,21,362,10767, 종교와문화,null,1,3,3,null
3,21,362,10767, 종교와문화,null,2,3,3,null
3,21,362,11057, 주제로살펴보는서양근현대사,null,1,3,3,null
3,21,362,11057, 주제로살펴보는서양근현대사,null,2,3,3,null
3,21,362,10544, 중국의역사와문화,null,1,3,3,null
3,21,362,10544, 중국의역사와문화,null,2,3,3,null
3,21,362,11297, 질병치료와백신의역사,null,1,3,3,null
3,21,362,11297, 질병치료와백신의역사,null,2,3,3,null
3,21,362,11189, 철학의은유들,null,1,3,3,null
3,21,362,11189, 철학의은유들,null,2,3,3,null
3,21,362,11045, 패러다임전환과비판이론,null,1,3,3,null
3,21,362,11045, 패러다임전환과비판이론,null,2,3,3,null
3,21,362,10149, 한국근현대사 ,null,1,3,3,null
3,21,362,10149, 한국근현대사 ,null,2,3,3,null
3,21,362,11058, 한국사의새로운이해,null,1,3,3,null
3,21,362,11058, 한국사의새로운이해,null,2,3,3,null
3,21,362,11366, 한국의문화유산역사여행,null,1,3,3,null
3,21,362,11366, 한국의문화유산역사여행,null,2,3,3,null
3,21,362,11186, Evolutionary Origin of Humans,null,1,3,3,null
3,21,362,11186, Evolutionary Origin of Humans,null,2,3,3,null
3,21,362,11295, 인공지능시대의과학과종교,null,1,3,3,null
3,21,362,11295, 인공지능시대의과학과종교,null,2,3,3,null
3,21,363,11360, ICT융복합복지와법,null,1,3,3,null
3,21,363,11360, ICT융복합복지와법,null,2,3,3,null
3,21,363,11259, SDGs시대글로벌보건협력:개발도상국의보건의료현황과국제사회의지원 ,null,1,3,3,null
3,21,363,11259, SDGs시대글로벌보건협력:개발도상국의보건의료현황과국제사회의지원 ,null,2,3,3,null
3,21,363,10011, 가족건강과간호,null,1,3,3,null
3,21,363,10011, 가족건강과간호,null,2,3,3,null
3,21,363,10932, 건축으로읽는사회문화사,null,1,3,3,null
3,21,363,10932, 건축으로읽는사회문화사,null,2,3,3,null
3,21,363,10013, 경영과사회,null,1,3,3,null
3,21,363,10013, 경영과사회,null,2,3,3,null
3,21,363,11210, 교육커뮤니케이션의이해와실제,null,1,3,3,null
3,21,363,11210, 교육커뮤니케이션의이해와실제,null,2,3,3,null
3,21,363,10949, 국제구호와개발협력,null,1,3,3,null
3,21,363,10949, 국제구호와개발협력,null,2,3,3,null
3,21,363,10913, 글로벌시대의다문화사회,null,1,3,3,null
3,21,363,10913, 글로벌시대의다문화사회,null,2,3,3,null
3,21,363,10914, 글로벌시대의아시아여성,null,1,3,3,null
3,21,363,10914, 글로벌시대의아시아여성,null,2,3,3,null
3,21,363,11260, 기업과정신과혁신,null,1,3,3,null
3,21,363,11260, 기업과정신과혁신,null,2,3,3,null
3,21,363,10091, 노동과젠더,null,1,3,3,null
3,21,363,10091, 노동과젠더,null,2,3,3,null
3,21,363,11332, 도시공간문화로읽는한국사,null,1,3,3,null
3,21,363,11332, 도시공간문화로읽는한국사,null,2,3,3,null
3,21,363,10886, 동양고전의현대적이해,null,1,3,3,null
3,21,363,10886, 동양고전의현대적이해,null,2,3,3,null
3,21,363,11292, 모방과인간,null,1,3,3,null
3,21,363,11292, 모방과인간,null,2,3,3,null
3,21,363,11193, 법과젠더,null,1,3,3,null
3,21,363,11193, 법과젠더,null,2,3,3,null
3,21,363,10549, 북한정치의이해,null,1,3,3,null
3,21,363,10549, 북한정치의이해,null,2,3,3,null
3,21,363,10548, 북한주민의문화와생활,null,1,3,3,null
3,21,363,10548, 북한주민의문화와생활,null,2,3,3,null
3,21,363,10929, 브레인스펙트럼,null,1,3,3,null
3,21,363,10929, 브레인스펙트럼,null,2,3,3,null
3,21,363,10573, 생명윤리와법,null,1,3,3,null
3,21,363,10573, 생명윤리와법,null,2,3,3,null
3,21,363,10074, 성문화연구,null,1,3,3,null
3,21,363,10074, 성문화연구,null,2,3,3,null
3,21,363,10081, 시민생활과법,null,1,3,3,null
3,21,363,10081, 시민생활과법,null,2,3,3,null
3,21,363,10094, 여성학,null,1,3,3,null
3,21,363,10094, 여성학,null,2,3,3,null
3,21,363,11089, 여행과지리:글로벌화의지역탐색,null,1,3,3,null
3,21,363,11089, 여행과지리:글로벌화의지역탐색,null,2,3,3,null
3,21,363,10908, 영상이미지와젠더,null,1,3,3,null
3,21,363,10908, 영상이미지와젠더,null,2,3,3,null
3,21,363,10904, 우리사회의문제와쟁점찾기,null,1,3,3,null
3,21,363,10904, 우리사회의문제와쟁점찾기,null,2,3,3,null
3,21,363,11358, 인간관계심리,null,1,3,3,null
3,21,363,11358, 인간관계심리,null,2,3,3,null
3,21,363,10109, 인간발달과가족,null,1,3,3,null
3,21,363,10109, 인간발달과가족,null,2,3,3,null
3,21,363,10903, 인간발달과문화의다양성,null,1,3,3,null
3,21,363,10903, 인간발달과문화의다양성,null,2,3,3,null
3,21,363,11114, 인간은왜춤을추는가,null,1,3,3,null
3,21,363,11114, 인간은왜춤을추는가,null,2,3,3,null
3,21,363,11103, 인터넷과법,null,1,3,3,null
3,21,363,11103, 인터넷과법,null,2,3,3,null
3,21,363,11359, 정신건강과행복,null,1,3,3,null
3,21,363,11359, 정신건강과행복,null,2,3,3,null
3,21,363,11104, 죄와벌,null,1,3,3,null
3,21,363,11104, 죄와벌,null,2,3,3,null
3,21,363,10905, 지구촌의사회복지,null,1,3,3,null
3,21,363,10905, 지구촌의사회복지,null,2,3,3,null
3,21,363,11105, 직업세계와법,null,1,3,3,null
3,21,363,11105, 직업세계와법,null,2,3,3,null
3,21,363,11039, 키워드로읽는중국문화,null,1,3,3,null
3,21,363,11039, 키워드로읽는중국문화,null,2,3,3,null
3,21,363,11215, 통합적분쟁이해와조정,null,1,3,3,null
3,21,363,11215, 통합적분쟁이해와조정,null,2,3,3,null
3,21,363,10887, 현대중국의이해,null,1,3,3,null
3,21,363,10887, 현대중국의이해,null,2,3,3,null
3,21,363,11162, Middle Eastern Political Theology: Religious Sources,null,1,3,3,null
3,21,363,11162, Middle Eastern Political Theology: Religious Sources,null,2,3,3,null
3,21,363,11079, 장애와사회,null,1,3,3,null
3,21,363,11079, 장애와사회,null,2,3,3,null
3,21,363,11296, 청춘의아픔과치유:행복인문학,null,1,3,3,null
3,21,363,11296, 청춘의아픔과치유:행복인문학,null,2,3,3,null
3,21,363,10181, 환경과인간,null,1,3,3,null
3,21,363,10181, 환경과인간,null,2,3,3,null
3,21,363,11188, Introduction to Ethnic Conflict and Management,null,1,3,3,null
3,21,363,11188, Introduction to Ethnic Conflict and Management,null,2,3,3,null
3,21,363,11106, 글로벌시민의이해와리더십,null,1,3,3,null
3,21,363,11106, 글로벌시민의이해와리더십,null,2,3,3,null
3,21,363,10933, 대학생의성건강,null,1,3,3,null
3,21,363,10933, 대학생의성건강,null,2,3,3,null
3,21,363,11308, 데이터로고전읽기,null,1,3,3,null
3,21,363,11308, 데이터로고전읽기,null,2,3,3,null
3,21,363,11351, 삶을위한멘탈코칭,null,1,3,3,null
3,21,363,11351, 삶을위한멘탈코칭,null,1,3,3,null
3,21,364,10556, 4차산업혁명과창의융합SW,null,1,3,3,null
3,21,364,10556, 4차산업혁명과창의융합SW,null,2,3,3,null
3,21,364,10930, Behavior of Animals,null,1,3,3,null
3,21,364,10930, Behavior of Animals,null,2,3,3,null
3,21,364,11111, SF영화로배우는철학,null,1,3,3,null
3,21,364,11111, SF영화로배우는철학,null,2,3,3,null
3,21,364,11213, 과학과몸의역사,null,1,3,3,null
3,21,364,11213, 과학과몸의역사,null,2,3,3,null
3,21,364,11155, 과학과허구,null,1,3,3,null
3,21,364,11155, 과학과허구,null,2,3,3,null
3,21,364,11101, 과학문화와커뮤니케이션,null,1,3,3,null
3,21,364,11101, 과학문화와커뮤니케이션,null,2,3,3,null
3,21,364,10776, 글로벌시민을위한과학소양,null,1,3,3,null
3,21,364,10776, 글로벌시민을위한과학소양,null,2,3,3,null
3,21,364,11154, 사물인터넷개론,null,1,3,3,null
3,21,364,11154, 사물인터넷개론,null,2,3,3,null
3,21,364,10052, 약과건강,null,1,3,3,null
3,21,364,10052, 약과건강,null,2,3,3,null
3,21,364,11102," 에너지의이해,이용,실천",null,1,3,3,null
3,21,364,11102," 에너지의이해,이용,실천",null,2,3,3,null
3,21,364,11257, 에피소드로보는과학철학,null,1,3,3,null
3,21,364,11257, 에피소드로보는과학철학,null,2,3,3,null
3,21,364,10910, 위험판단심리학,null,1,3,3,null
3,21,364,10910, 위험판단심리학,null,2,3,3,null
3,21,364,10104, 응용통계입문,null,1,3,3,null
3,21,364,10104, 응용통계입문,null,2,3,3,null
3,21,364,11336, 인공지능과인간,null,1,3,3,null
3,21,364,11336, 인공지능과인간,null,2,3,3,null
3,21,364,11261, 인공지능시대의정보산업이해,null,1,3,3,null
3,21,364,11261, 인공지능시대의정보산업이해,null,2,3,3,null
3,21,364,10559, 인류문명과환경과학,null,1,3,3,null
3,21,364,10559, 인류문명과환경과학,null,2,3,3,null
3,21,364,11156," 자연과의대화,환경생태",null,1,3,3,null
3,21,364,11156," 자연과의대화,환경생태",null,2,3,3,null
3,21,364,11160, 정보기술과미래사회,null,1,3,3,null
3,21,364,11160, 정보기술과미래사회,null,2,3,3,null
3,21,364,10123, 정보사회와인터넷윤리,null,1,3,3,null
3,21,364,10123, 정보사회와인터넷윤리,null,2,3,3,null
3,21,364,11096, 정보화사회와통계,null,1,3,3,null
3,21,364,11096, 정보화사회와통계,null,2,3,3,null
3,21,364,10135, 지구의역사,null,1,3,3,null
3,21,364,10135, 지구의역사,null,2,3,3,null
3,21,364,11042, 컴퓨터와마음,null,1,3,3,null
3,21,364,11042, 컴퓨터와마음,null,2,3,3,null
3,21,364,11152, 콘텐츠컴퓨팅,null,1,3,3,null
3,21,364,11152, 콘텐츠컴퓨팅,null,2,3,3,null
3,21,364,11145, 크리에이티브컴퓨팅,null,1,3,3,null
3,21,364,11145, 크리에이티브컴퓨팅,null,2,3,3,null
3,21,364,10164, 현대물리학과인간사고의변혁,null,1,3,3,null
3,21,364,10164, 현대물리학과인간사고의변혁,null,2,3,3,null
3,21,364,11157, 환경재난과국제협력,null,1,3,3,null
3,21,364,11157, 환경재난과국제협력,null,2,3,3,null
3,21,364,11262, 생활속의미생물,null,1,3,3,null
3,21,364,11262, 생활속의미생물,null,2,3,3,null
3,21,364,11264, 세계의자연유산과지오투어리즘,null,1,3,3,null
3,21,364,11264, 세계의자연유산과지오투어리즘,null,2,3,3,null
3,21,364,11043, 현대사회의기록과정보,null,1,3,3,null
3,21,364,11043, 현대사회의기록과정보,null,2,3,3,null
3,21,364,11187, 빅데이터사회와정보활용,null,1,3,3,null
3,21,364,11187, 빅데이터사회와정보활용,null,2,3,3,null
3,21,364,11098, 주거로보는건축문화,null,1,3,3,null
3,21,364,11098, 주거로보는건축문화,null,2,3,3,null
3,20,354,35576,영문학입문,1,1,3,3,null
3,20,354,38041,영문학플러스,1,2,3,3,null
3,20,354,20094,영어학개론,1,2,3,3,null
3,20,354,20103,Advanced English Grammar,2,1,3,3,null
3,20,354,36149,American Novel and Its Tradition,2,1,3,3,null
3,20,354,34975,English Presentation and Debate,2,1,3,3,null
3,20,354,20091,English Syntax,2,1,3,3,null
3,20,354,36148,Introduction to Drama,2,1,3,3,null
3,20,354,35573,Reading and Writing Non-Fiction,2,1,3,3,null
3,20,354,36146,"17,8세기영문학",2,2,3,3,null
3,20,354,36145,19세기영소설과근대성,2,2,3,3,null
3,20,354,38042,Language and Culture in the Digital Age,2,2,3,3,null
3,20,354,36147,미국문학개론,2,2,3,3,null
3,20,354,38798,영미문학특강I,2,2,3,3,null
3,20,354,90002,영어사,2,2,3,3,null
3,20,354,38043,영어영문전공설계심화I,3,1,null,3,null
3,20,354,38043,영어영문전공설계심화I,3,2,null,3,null
3,20,354,38044,영어영문전공설계심화II,3,1,null,3,null
3,20,354,38044,영어영문전공설계심화II,3,2,null,3,null
3,20,354,35199,Film and Literature,3,1,3,3,null
3,20,354,34413,U.S. Minorit Literature,3,1,3,3,null
3,20,354,20093,영어음운론,3,1,3,3,null
3,20,354,38799,영어학주제연구,3,1,3,3,null
3,20,354,34400,중세및르네상스문학과문화,3,1,3,3,null
3,20,354,35207,현대시와사회,3,1,3,3,null
3,20,354,35201,현대영미드라마,3,1,3,3,null
3,20,354,35171,British and American Film,3,2,3,3,null
3,20,354,36150,Capstone Design Seminar in Literary and Media Translation,3,2,3,3,null
3,20,354,36152,Modern and Conterporary American Novel,3,2,3,3,null
3,20,354,36151,낭만주의와근대문학,3,2,3,3,null
3,20,354,35205,드라마이론과실제,3,2,3,3,null
3,20,354,38800,영미문학특강II,3,2,3,3,null
3,20,354,33230,영어학특강,3,2,3,3,null
3,20,354,36144,Thesis Writing,4,1,3,3,null
3,20,354,36144,Thesis Writing,4,2,3,3,null
3,20,354,37719,영어영문학전공인턴십Ⅰ,4,1,null,1,null
3,20,354,37719,영어영문학전공인턴십Ⅰ,4,2,null,1,null
3,20,354,37720,영어영문학전공인턴십Ⅱ,4,1,null,2,null
3,20,354,37720,영어영문학전공인턴십Ⅱ,4,2,null,2,null
3,20,354,37721,영어영문학전공인턴십Ⅲ,4,1,null,3,null
3,20,354,37721,영어영문학전공인턴십Ⅲ,4,2,null,3,null
3,20,354,36155,Eighteenth-Century Fictions,4,1,3,3,null
3,20,354,35206,여성과문학,4,1,3,3,null
3,20,354,38801,영문학주제연구I,4,1,3,3,null
3,20,354,30162,영어의미론,4,1,3,3,null
3,20,354,35208,영어학연구,4,1,3,3,null
3,20,354,36154,현대영국소설,4,1,3,3,null
3,20,354,35211,English Language Teaching and Learning,4,2,3,3,null
3,20,354,20085,셰익스피어,4,2,3,3,null
3,21,354,38802,영문학주제연구II,4,2,3,3,null
3,21,354,35319,이론과비평,4,2,3,3,null
3,21,365,35576,영문학입문,1,1,3,3,null
3,21,365,38041,영문학플러스,1,2,3,3,null
3,21,365,20094,영어학개론,1,2,3,3,null
3,21,365,20103,Advanced English Grammar,2,1,3,3,null
3,21,365,36149,American Novel and Its Tradition,2,1,3,3,null
3,21,365,34975,English Presentation and Debate,2,1,3,3,null
3,21,365,20091,English Syntax,2,1,3,3,null
3,21,365,36148,Introduction to Drama,2,1,3,3,null
3,21,365,35573,Reading and Writing Non-Fiction,2,1,3,3,null
3,21,365,36146,"17,8세기영문학",2,2,3,3,null
3,21,365,36145,19세기영소설과근대성,2,2,3,3,null
3,21,365,38042,Language and Culture in the Digital Age,2,2,3,3,null
3,21,365,36147,미국문학개론,2,2,3,3,null
3,21,365,38798,영미문학특강I,2,2,3,3,null
3,21,365,90002,영어사,2,2,3,3,null
3,21,365,38043,영어영문전공설계심화I,3,1,null,3,null
3,21,365,38043,영어영문전공설계심화I,3,2,null,3,null
3,21,365,38044,영어영문전공설계심화II,3,1,null,3,null
3,21,365,38044,영어영문전공설계심화II,3,2,null,3,null
3,21,365,35199,Film and Literature,3,1,3,3,null
3,21,365,34413,U.S. Minorit Literature,3,1,3,3,null
3,21,365,20093,영어음운론,3,1,3,3,null
3,21,365,38799,영어학주제연구,3,1,3,3,null
3,21,365,34400,중세및르네상스문학과문화,3,1,3,3,null
3,21,365,35207,현대시와사회,3,1,3,3,null
3,21,365,35201,현대영미드라마,3,1,3,3,null
3,21,365,35171,British and American Film,3,2,3,3,null
3,21,365,36150,Capstone Design Seminar in Literary and Media Translation,3,2,3,3,null
3,21,365,36152,Modern and Conterporary American Novel,3,2,3,3,null
3,21,365,36151,낭만주의와근대문학,3,2,3,3,null
3,21,365,35205,드라마이론과실제,3,2,3,3,null
3,21,365,38800,영미문학특강II,3,2,3,3,null
3,21,365,33230,영어학특강,3,2,3,3,null
3,21,365,36144,Thesis Writing,4,1,3,3,null
3,21,365,36144,Thesis Writing,4,2,3,3,null
3,21,365,37719,영어영문학전공인턴십Ⅰ,4,1,null,1,null
3,21,365,37719,영어영문학전공인턴십Ⅰ,4,2,null,1,null
3,21,365,37720,영어영문학전공인턴십Ⅱ,4,1,null,2,null
3,21,365,37720,영어영문학전공인턴십Ⅱ,4,2,null,2,null
3,21,365,37721,영어영문학전공인턴십Ⅲ,4,1,null,3,null
3,21,365,37721,영어영문학전공인턴십Ⅲ,4,2,null,3,null
3,21,365,36155,Eighteenth-Century Fictions,4,1,3,3,null
3,21,365,35206,여성과문학,4,1,3,3,null
3,21,365,38801,영문학주제연구I,4,1,3,3,null
3,21,365,30162,영어의미론,4,1,3,3,null
3,21,365,35208,영어학연구,4,1,3,3,null
3,21,365,36154,현대영국소설,4,1,3,3,null
3,21,365,35211,English Language Teaching and Learning,4,2,3,3,null
3,21,365,20085,셰익스피어,4,2,3,3,null
3,21,365,38802,영문학주제연구II,4,2,3,3,null
3,21,365,35319,이론과비평,4,2,3,3,null
4,20,366,10023, 기독교와세계,1,1,3,3,null
4,20,366,10023, 기독교와세계,1,2,3,3,null
4,20,367,11352, 통합적사고와글쓰기,1,1,3,2,null
4,20,367,11352, 통합적사고와글쓰기,1,2,3,2,null
4,20,369,10099, Advanced English,1,1,3,3,null
4,20,369,10099, Advanced English,1,2,3,3,null
4,20,370,10563,기본중국어,1,1,3,3,null
4,20,370,10563,기본중국어,1,2,3,3,null
4,20,370,10133,중급중국어,1,1,3,3,null
4,20,370,10133,중급중국어,1,2,3,3,null
4,20,370,10564,기본프랑스어,1,1,3,3,null
4,20,370,10564,기본프랑스어,1,2,3,3,null
4,20,370,10565,중급프랑스어,1,1,3,3,null
4,20,370,10565,중급프랑스어,1,2,3,3,null
4,20,370,10566,기본독일어,1,1,3,3,null
4,20,370,10566,기본독일어,1,2,3,3,null
4,20,370,10130,중급독일어,1,1,3,3,null
4,20,370,10130,중급독일어,1,2,3,3,null
4,20,370,10570,기본일본어,1,1,3,3,null
4,20,370,10570,기본일본어,1,2,3,3,null
4,20,370,10132,중급일본어,1,1,3,3,null
4,20,370,10132,중급일본어,1,2,3,3,null
4,20,370,10571,기본스페인어,1,1,3,3,null
4,20,370,10571,기본스페인어,1,2,3,3,null
4,20,370,10665,중급스페인어,1,1,3,3,null
4,20,370,10665,중급스페인어,1,2,3,3,null
4,20,370,10572,기본러시아어,1,1,3,3,null
4,20,370,10572,기본러시아어,1,2,3,3,null
4,20,368,11208, IT융합설계개론,null,1,3,3,null
4,20,368,11208, IT융합설계개론,null,2,3,3,null
4,20,368,11206, 계산의기초와융합적문제해결,null,1,3,3,null
4,20,368,11206, 계산의기초와융합적문제해결,null,2,3,3,null
4,20,368,11204, 논리와컴퓨터,null,1,3,3,null
4,20,368,11204, 논리와컴퓨터,null,2,3,3,null
4,20,368,11357, 데이터컨버전스와법,null,1,3,3,null
4,20,368,11357, 데이터컨버전스와법,null,2,3,3,null
4,20,368,11373, 데이터컴퓨팅,null,1,3,3,null
4,20,368,11373, 데이터컴퓨팅,null,2,3,3,null
4,20,368,11356, 리눅스와시스템적사고,null,1,3,3,null
4,20,368,11356, 리눅스와시스템적사고,null,2,3,3,null
4,20,368,11309, 문제해결과SW프로그래밍,null,1,3,3,null
4,20,368,11309, 문제해결과SW프로그래밍,null,2,3,3,null
4,20,368,11365, 빅데이터와젠더,null,1,3,3,null
4,20,368,11365, 빅데이터와젠더,null,2,3,3,null
4,20,368,11367, 사회문제해결을위한R프로그래밍기초,null,1,3,3,null
4,20,368,11367, 사회문제해결을위한R프로그래밍기초,null,2,3,3,null
4,20,368,11233, 음악테크놀로지와프로그래밍,null,1,3,3,null
4,20,368,11233, 음악테크놀로지와프로그래밍,null,2,3,3,null
4,20,368,11368, 정보와인공지능의수리적이해,null,1,3,3,null
4,20,368,11368, 정보와인공지능의수리적이해,null,2,3,3,null
4,20,368,11205, 컴퓨터과학적인식과문제해결,null,1,3,3,null
4,20,368,11205, 컴퓨터과학적인식과문제해결,null,2,3,3,null
4,20,368,11374, 컴퓨터보안과윈도우포렌식,null,1,3,3,null
4,20,368,11374, 컴퓨터보안과윈도우포렌식,null,2,3,3,null
4,20,368,11362, 컴퓨터속의우주,null,1,3,3,null
4,20,368,11362, 컴퓨터속의우주,null,2,3,3,null
4,20,368,11369, 컴퓨터식문제해결기법,null,1,3,3,null
4,20,368,11369, 컴퓨터식문제해결기법,null,2,3,3,null
4,20,368,11232, 컴퓨터적사고와이해,null,1,3,3,null
4,20,368,11232, 컴퓨터적사고와이해,null,2,3,3,null
4,20,368,11234, 컴퓨터적사고와조형적활용,null,1,3,3,null
4,20,368,11234, 컴퓨터적사고와조형적활용,null,2,3,3,null
4,20,368,11211, 컴퓨팅적사고와프로그래밍,null,1,3,3,null
4,20,368,11211, 컴퓨팅적사고와프로그래밍,null,2,3,3,null
4,20,368,11364, 푸드테크시대의음식과디자인,null,1,3,3,null
4,20,368,11364, 푸드테크시대의음식과디자인,null,2,3,3,null
4,20,368,11207, 프로그래밍과통계적사고,null,1,3,3,null
4,20,368,11207, 프로그래밍과통계적사고,null,2,3,3,null
4,20,368,11361, 프로그래밍을위한컴퓨팅적사고,null,1,3,3,null
4,20,368,11361, 프로그래밍을위한컴퓨팅적사고,null,2,3,3,null
4,20,371,11053, 21세기사회와문학의대화,null,1,3,3,null
4,20,371,11053, 21세기사회와문학의대화,null,2,3,3,null
4,20,371,11334, Critical and Creative Textual Studies,null,1,3,3,null
4,20,371,11334, Critical and Creative Textual Studies,null,2,3,3,null
4,20,371,11183, The Story of Human Language,null,1,3,3,null
4,20,371,11183, The Story of Human Language,null,2,3,3,null
4,20,371,11165, Topics in Multiethnic American Literature,null,1,3,3,null
4,20,371,11165, Topics in Multiethnic American Literature,null,2,3,3,null
4,20,371,11112, 다매체시대의비교문학,null,1,3,3,null
4,20,371,11112, 다매체시대의비교문학,null,2,3,3,null
4,20,371,11108, 동아시아문학으로문화읽기,null,1,3,3,null
4,20,371,11108, 동아시아문학으로문화읽기,null,2,3,3,null
4,20,371,11038, 디지털미디어시대의동아시아문자,null,1,3,3,null
4,20,371,11038, 디지털미디어시대의동아시아문자,null,2,3,3,null
4,20,371,10041, 문학과삶,null,1,3,3,null
4,20,371,10041, 문학과삶,null,2,3,3,null
4,20,371,10654, 문학과영화,null,1,3,3,null
4,20,371,10654, 문학과영화,null,2,3,3,null
4,20,371,11148, 문학으로보는사랑의역사,null,1,3,3,null
4,20,371,11148, 문학으로보는사랑의역사,null,2,3,3,null
4,20,371,11184, 문학으로함께배우는매체/이야기,null,1,3,3,null
4,20,371,11184, 문학으로함께배우는매체/이야기,null,2,3,3,null
4,20,371,11146, 문화로읽는현대시의세계,null,1,3,3,null
4,20,371,11146, 문화로읽는현대시의세계,null,1,3,3,null
4,20,371,11147, 사이언스픽션의이해,null,1,3,3,null
4,20,371,11147, 사이언스픽션의이해,null,2,3,3,null
4,20,371,11297, 생태와문학,null,1,3,3,null
4,20,371,11297, 생태와문학,null,2,3,3,null
4,20,371,10768, 신화·상상력·문화,null,1,3,3,null
4,20,371,10768, 신화·상상력·문화,null,2,3,3,null
4,20,371,11109, 여행문학과세계인식,null,1,3,3,null
4,20,371,11109, 여행문학과세계인식,null,2,3,3,null
4,20,371,10882, 인간과언어,null,1,3,3,null
4,20,371,10882, 인간과언어,null,2,3,3,null
4,20,371,11258, 자연과문학,null,1,3,3,null
4,20,371,11258, 자연과문학,null,2,3,3,null
4,20,371,10543, 한국현대시와삶읽기,null,1,3,3,null
4,20,371,10543, 한국현대시와삶읽기,null,2,3,3,null
4,20,371,11134, 현대영어권문학의동향,null,1,3,3,null
4,20,371,11134, 현대영어권문학의동향,null,2,3,3,null
4,20,371,10896, 환상문학의세계,null,1,3,3,null
4,20,371,10896, 환상문학의세계,null,2,3,3,null
4,20,371,10950, 디지털스토리텔링의이해,null,1,3,3,null
4,20,371,10950, 디지털스토리텔링의이해,null,2,3,3,null
4,20,372,11107, 21세기의예술과인간,null,1,3,3,null
4,20,372,11107, 21세기의예술과인간,null,2,3,3,null
4,20,372,11164, Contemporary Photography,null,1,3,3,null
4,20,372,11164, Contemporary Photography,null,2,3,3,null
4,20,372,10033, 동양미술의이해,null,1,3,3,null
4,20,372,10033, 동양미술의이해,null,2,3,3,null
4,20,372,10778, 디지털매체와예술,null,1,3,3,null
4,20,372,10778, 디지털매체와예술,null,2,3,3,null
4,20,372,10576, 무용의이해,null,1,3,3,null
4,20,372,10576, 무용의이해,null,2,3,3,null
4,20,372,11153, 문화콘텐츠기획의이해,null,1,3,3,null
4,20,372,11153, 문화콘텐츠기획의이해,null,2,3,3,null
4,20,372,11328, 미술로치유하는마음,null,1,3,3,null
4,20,372,11328, 미술로치유하는마음,null,2,3,3,null
4,20,372,11083, 미학과미술,null,1,3,3,null
4,20,372,11083, 미학과미술,null,2,3,3,null
4,20,372,10072, 서양미술의이해,null,1,3,3,null
4,20,372,10072, 서양미술의이해,null,2,3,3,null
4,20,372,10073, 서양음악의이해,null,1,3,3,null
4,20,372,10073, 서양음악의이해,null,2,3,3,null
4,20,372,11084, 시각문화로서미술작품읽기,null,1,3,3,null
4,20,372,11084, 시각문화로서미술작품읽기,null,2,3,3,null
4,20,372,11209, 시각적사고를통한일상의문화와트랜드,null,1,3,3,null
4,20,372,11209, 시각적사고를통한일상의문화와트랜드,null,2,3,3,null
4,20,372,10090, 여성과예술,null,1,3,3,null
4,20,372,10090, 여성과예술,null,2,3,3,null
4,20,372,11113, 여성의몸과창조적움직임,null,1,3,3,null
4,20,372,11113, 여성의몸과창조적움직임,null,2,3,3,null
4,20,372,10097, 연극의이론과실제,null,1,3,3,null
4,20,372,10097, 연극의이론과실제,null,2,3,3,null
4,20,372,11110, 예술가와그의시대,null,1,3,3,null
4,20,372,11110, 예술가와그의시대,null,2,3,3,null
4,20,372,10100, 예술과사상,null,1,3,3,null
4,20,372,10100, 예술과사상,null,2,3,3,null
4,20,372,11055, 옛시와그림의만남,null,1,3,3,null
4,20,372,11055, 옛시와그림의만남,null,2,3,3,null
4,20,372,11265, 음악과건강,null,1,3,3,null
4,20,372,11265, 음악과건강,null,2,3,3,null
4,20,372,11075, 창조와상상의기술,null,1,3,3,null
4,20,372,11075, 창조와상상의기술,null,2,3,3,null
4,20,372,11035," 퍼포먼스인문학:제의,놀이,연극",null,1,3,3,null
4,20,372,11035," 퍼포먼스인문학:제의,놀이,연극",null,2,3,3,null
4,20,372,10892," 표현,예술,그리고시대정신",null,1,3,3,null
4,20,372,10892," 표현,예술,그리고시대정신",null,2,3,3,null
4,20,372,10152, 한국미술의이해,null,1,3,3,null
4,20,372,10152, 한국미술의이해,null,2,3,3,null
4,20,372,11333," 한국사와상상력,스토리텔링",null,1,3,3,null
4,20,372,11333," 한국사와상상력,스토리텔링",null,2,3,3,null
4,20,372,10883, 한국의문화공간과예술,null,1,3,3,null
4,20,372,10883, 한국의문화공간과예술,null,2,3,3,null
4,20,372,10165, 현대미술사,null,1,3,3,null
4,20,372,10165, 현대미술사,null,2,3,3,null
4,20,372,11330, Reading American Popular Culture in the Digital Age,null,1,3,3,null
4,20,372,11330, Reading American Popular Culture in the Digital Age,null,2,3,3,null
4,20,372,10018, 국악의이해,null,1,3,3,null
4,20,372,10018, 국악의이해,null,2,3,3,null
4,20,372,11329, 색채의이해,null,1,3,3,null
4,20,372,11329, 색채의이해,null,2,3,3,null
4,20,372,11263, 예술과기술,null,1,3,3,null
4,20,372,11263, 예술과기술,null,2,3,3,null
4,20,372,11116, Introduction to World Music and Culture,null,1,3,3,null
4,20,372,11116, Introduction to World Music and Culture,null,2,3,3,null
4,20,372,11135, 사물과예술,null,1,3,3,null
4,20,372,11135, 사물과예술,null,2,3,3,null
4,20,373,11190, The Art of Thinking,null,1,3,3,null
4,20,373,11190, The Art of Thinking,null,2,3,3,null
4,20,373,10545, 근대일본과동아시아,null,1,3,3,null
4,20,373,10545, 근대일본과동아시아,null,2,3,3,null
4,20,373,11046, 동서양의인간이해,null,1,3,3,null
4,20,373,11046, 동서양의인간이해,null,2,3,3,null
4,20,373,10034, 동양철학의이해,null,1,3,3,null
4,20,373,10034, 동양철학의이해,null,2,3,3,null
4,20,373,10769, 모던/포스트모던문화읽기,null,1,3,3,null
4,20,373,10769, 모던/포스트모던문화읽기,null,2,3,3,null
4,20,373,11056, 문화로읽는한국사,null,1,3,3,null
4,20,373,11056, 문화로읽는한국사,null,2,3,3,null
4,20,373,11185, 문화와예술을통해본르네상스역사,null,1,3,3,null
4,20,373,11185, 문화와예술을통해본르네상스역사,null,2,3,3,null
4,20,373,10772, 여성과사회정의,null,1,3,3,null
4,20,373,10772, 여성과사회정의,null,2,3,3,null
4,20,373,11054, 연어프로젝트:한국여성나의뿌리를찾아서 ,null,1,3,3,null
4,20,373,11054, 연어프로젝트:한국여성나의뿌리를찾아서 ,null,2,3,3,null
4,20,373,10108, 인간과종교,null,1,3,3,null
4,20,373,10108, 인간과종교,null,2,3,3,null
4,20,373,11041, 인간과철학적사유,null,1,3,3,null
4,20,373,11041, 인간과철학적사유,null,2,3,3,null
4,20,373,11293, 인물로본중국의역사,null,1,3,3,null
4,20,373,11293, 인물로본중국의역사,null,2,3,3,null
4,20,373,10581, 인물로본한국사,null,1,3,3,null
4,20,373,10581, 인물로본한국사,null,2,3,3,null
4,20,373,11078, 젠더와역사,null,1,3,3,null
4,20,373,11078, 젠더와역사,null,2,3,3,null
4,20,373,10767, 종교와문화,null,1,3,3,null
4,20,373,10767, 종교와문화,null,2,3,3,null
4,20,373,11057, 주제로살펴보는서양근현대사,null,1,3,3,null
4,20,373,11057, 주제로살펴보는서양근현대사,null,2,3,3,null
4,20,373,10544, 중국의역사와문화,null,1,3,3,null
4,20,373,10544, 중국의역사와문화,null,2,3,3,null
4,20,373,11297, 질병치료와백신의역사,null,1,3,3,null
4,20,373,11297, 질병치료와백신의역사,null,2,3,3,null
4,20,373,11189, 철학의은유들,null,1,3,3,null
4,20,373,11189, 철학의은유들,null,2,3,3,null
4,20,373,11045, 패러다임전환과비판이론,null,1,3,3,null
4,20,373,11045, 패러다임전환과비판이론,null,2,3,3,null
4,20,373,10149, 한국근현대사 ,null,1,3,3,null
4,20,373,10149, 한국근현대사 ,null,2,3,3,null
4,20,373,11058, 한국사의새로운이해,null,1,3,3,null
4,20,373,11058, 한국사의새로운이해,null,2,3,3,null
4,20,373,11366, 한국의문화유산역사여행,null,1,3,3,null
4,20,373,11366, 한국의문화유산역사여행,null,2,3,3,null
4,20,373,11186, Evolutionary Origin of Humans,null,1,3,3,null
4,20,373,11186, Evolutionary Origin of Humans,null,2,3,3,null
4,20,373,11295, 인공지능시대의과학과종교,null,1,3,3,null
4,20,373,11295, 인공지능시대의과학과종교,null,2,3,3,null
4,20,374,11360, ICT융복합복지와법,null,1,3,3,null
4,20,374,11360, ICT융복합복지와법,null,2,3,3,null
4,20,374,11259, SDGs시대글로벌보건협력:개발도상국의보건의료현황과국제사회의지원 ,null,1,3,3,null
4,20,374,11259, SDGs시대글로벌보건협력:개발도상국의보건의료현황과국제사회의지원 ,null,2,3,3,null
4,20,374,10011, 가족건강과간호,null,1,3,3,null
4,20,374,10011, 가족건강과간호,null,2,3,3,null
4,20,374,10932, 건축으로읽는사회문화사,null,1,3,3,null
4,20,374,10932, 건축으로읽는사회문화사,null,2,3,3,null
4,20,374,10013, 경영과사회,null,1,3,3,null
4,20,374,10013, 경영과사회,null,2,3,3,null
4,20,374,11210, 교육커뮤니케이션의이해와실제,null,1,3,3,null
4,20,374,11210, 교육커뮤니케이션의이해와실제,null,2,3,3,null
4,20,374,10949, 국제구호와개발협력,null,1,3,3,null
4,20,374,10949, 국제구호와개발협력,null,2,3,3,null
4,20,374,10913, 글로벌시대의다문화사회,null,1,3,3,null
4,20,374,10913, 글로벌시대의다문화사회,null,2,3,3,null
4,20,374,10914, 글로벌시대의아시아여성,null,1,3,3,null
4,20,374,10914, 글로벌시대의아시아여성,null,2,3,3,null
4,20,374,11260, 기업과정신과혁신,null,1,3,3,null
4,20,374,11260, 기업과정신과혁신,null,2,3,3,null
4,20,374,10091, 노동과젠더,null,1,3,3,null
4,20,374,10091, 노동과젠더,null,2,3,3,null
4,20,374,11332, 도시공간문화로읽는한국사,null,1,3,3,null
4,20,374,11332, 도시공간문화로읽는한국사,null,2,3,3,null
4,20,374,10886, 동양고전의현대적이해,null,1,3,3,null
4,20,374,10886, 동양고전의현대적이해,null,2,3,3,null
4,20,374,11292, 모방과인간,null,1,3,3,null
4,20,374,11292, 모방과인간,null,2,3,3,null
4,20,374,11193, 법과젠더,null,1,3,3,null
4,20,374,11193, 법과젠더,null,2,3,3,null
4,20,374,10549, 북한정치의이해,null,1,3,3,null
4,20,374,10549, 북한정치의이해,null,2,3,3,null
4,20,374,10548, 북한주민의문화와생활,null,1,3,3,null
4,20,374,10548, 북한주민의문화와생활,null,2,3,3,null
4,20,374,10929, 브레인스펙트럼,null,1,3,3,null
4,20,374,10929, 브레인스펙트럼,null,2,3,3,null
4,20,374,10573, 생명윤리와법,null,1,3,3,null
4,20,374,10573, 생명윤리와법,null,2,3,3,null
4,20,374,10074, 성문화연구,null,1,3,3,null
4,20,374,10074, 성문화연구,null,2,3,3,null
4,20,374,10081, 시민생활과법,null,1,3,3,null
4,20,374,10081, 시민생활과법,null,2,3,3,null
4,20,374,10094, 여성학,null,1,3,3,null
4,20,374,10094, 여성학,null,2,3,3,null
4,20,374,11089, 여행과지리:글로벌화의지역탐색,null,1,3,3,null
4,20,374,11089, 여행과지리:글로벌화의지역탐색,null,2,3,3,null
4,20,374,10908, 영상이미지와젠더,null,1,3,3,null
4,20,374,10908, 영상이미지와젠더,null,2,3,3,null
4,20,374,10904, 우리사회의문제와쟁점찾기,null,1,3,3,null
4,20,374,10904, 우리사회의문제와쟁점찾기,null,2,3,3,null
4,20,374,11358, 인간관계심리,null,1,3,3,null
4,20,374,11358, 인간관계심리,null,2,3,3,null
4,20,374,10109, 인간발달과가족,null,1,3,3,null
4,20,374,10109, 인간발달과가족,null,2,3,3,null
4,20,374,10903, 인간발달과문화의다양성,null,1,3,3,null
4,20,374,10903, 인간발달과문화의다양성,null,2,3,3,null
4,20,374,11114, 인간은왜춤을추는가,null,1,3,3,null
4,20,374,11114, 인간은왜춤을추는가,null,2,3,3,null
4,20,374,11103, 인터넷과법,null,1,3,3,null
4,20,374,11103, 인터넷과법,null,2,3,3,null
4,20,374,11359, 정신건강과행복,null,1,3,3,null
4,20,374,11359, 정신건강과행복,null,2,3,3,null
4,20,374,11104, 죄와벌,null,1,3,3,null
4,20,374,11104, 죄와벌,null,2,3,3,null
4,20,374,10905, 지구촌의사회복지,null,1,3,3,null
4,20,374,10905, 지구촌의사회복지,null,2,3,3,null
4,20,374,11105, 직업세계와법,null,1,3,3,null
4,20,374,11105, 직업세계와법,null,2,3,3,null
4,20,374,11039, 키워드로읽는중국문화,null,1,3,3,null
4,20,374,11039, 키워드로읽는중국문화,null,2,3,3,null
4,20,374,11215, 통합적분쟁이해와조정,null,1,3,3,null
4,20,374,11215, 통합적분쟁이해와조정,null,2,3,3,null
4,20,374,10887, 현대중국의이해,null,1,3,3,null
4,20,374,10887, 현대중국의이해,null,2,3,3,null
4,20,374,11162, Middle Eastern Political Theology: Religious Sources,null,1,3,3,null
4,20,374,11162, Middle Eastern Political Theology: Religious Sources,null,2,3,3,null
4,20,374,11079, 장애와사회,null,1,3,3,null
4,20,374,11079, 장애와사회,null,2,3,3,null
4,20,374,11296, 청춘의아픔과치유:행복인문학,null,1,3,3,null
4,20,374,11296, 청춘의아픔과치유:행복인문학,null,2,3,3,null
4,20,374,10181, 환경과인간,null,1,3,3,null
4,20,374,10181, 환경과인간,null,2,3,3,null
4,20,374,11188, Introduction to Ethnic Conflict and Management,null,1,3,3,null
4,20,374,11188, Introduction to Ethnic Conflict and Management,null,2,3,3,null
4,20,374,11106, 글로벌시민의이해와리더십,null,1,3,3,null
4,20,374,11106, 글로벌시민의이해와리더십,null,2,3,3,null
4,20,374,10933, 대학생의성건강,null,1,3,3,null
4,20,374,10933, 대학생의성건강,null,2,3,3,null
4,20,374,11308, 데이터로고전읽기,null,1,3,3,null
4,20,374,11308, 데이터로고전읽기,null,2,3,3,null
4,20,374,11351, 삶을위한멘탈코칭,null,1,3,3,null
4,20,374,11351, 삶을위한멘탈코칭,null,1,3,3,null
4,20,375,10556, 4차산업혁명과창의융합SW,null,1,3,3,null
4,20,375,10556, 4차산업혁명과창의융합SW,null,2,3,3,null
4,20,375,10930, Behavior of Animals,null,1,3,3,null
4,20,375,10930, Behavior of Animals,null,2,3,3,null
4,20,375,11111, SF영화로배우는철학,null,1,3,3,null
4,20,375,11111, SF영화로배우는철학,null,2,3,3,null
4,20,375,11213, 과학과몸의역사,null,1,3,3,null
4,20,375,11213, 과학과몸의역사,null,2,3,3,null
4,20,375,11155, 과학과허구,null,1,3,3,null
4,20,375,11155, 과학과허구,null,2,3,3,null
4,20,375,11101, 과학문화와커뮤니케이션,null,1,3,3,null
4,20,375,11101, 과학문화와커뮤니케이션,null,2,3,3,null
4,20,375,10776, 글로벌시민을위한과학소양,null,1,3,3,null
4,20,375,10776, 글로벌시민을위한과학소양,null,2,3,3,null
4,20,375,11154, 사물인터넷개론,null,1,3,3,null
4,20,375,11154, 사물인터넷개론,null,2,3,3,null
4,20,375,10052, 약과건강,null,1,3,3,null
4,20,375,10052, 약과건강,null,2,3,3,null
4,20,375,11102," 에너지의이해,이용,실천",null,1,3,3,null
4,20,375,11102," 에너지의이해,이용,실천",null,2,3,3,null
4,20,375,11257, 에피소드로보는과학철학,null,1,3,3,null
4,20,375,11257, 에피소드로보는과학철학,null,2,3,3,null
4,20,375,10910, 위험판단심리학,null,1,3,3,null
4,20,375,10910, 위험판단심리학,null,2,3,3,null
4,20,375,10104, 응용통계입문,null,1,3,3,null
4,20,375,10104, 응용통계입문,null,2,3,3,null
4,20,375,11336, 인공지능과인간,null,1,3,3,null
4,20,375,11336, 인공지능과인간,null,2,3,3,null
4,20,375,11261, 인공지능시대의정보산업이해,null,1,3,3,null
4,20,375,11261, 인공지능시대의정보산업이해,null,2,3,3,null
4,20,375,10559, 인류문명과환경과학,null,1,3,3,null
4,20,375,10559, 인류문명과환경과학,null,2,3,3,null
4,20,375,11156," 자연과의대화,환경생태",null,1,3,3,null
4,20,375,11156," 자연과의대화,환경생태",null,2,3,3,null
4,20,375,11160, 정보기술과미래사회,null,1,3,3,null
4,20,375,11160, 정보기술과미래사회,null,2,3,3,null
4,20,375,10123, 정보사회와인터넷윤리,null,1,3,3,null
4,20,375,10123, 정보사회와인터넷윤리,null,2,3,3,null
4,20,375,11096, 정보화사회와통계,null,1,3,3,null
4,20,375,11096, 정보화사회와통계,null,2,3,3,null
4,20,375,10135, 지구의역사,null,1,3,3,null
4,20,375,10135, 지구의역사,null,2,3,3,null
4,20,375,11042, 컴퓨터와마음,null,1,3,3,null
4,20,375,11042, 컴퓨터와마음,null,2,3,3,null
4,20,375,11152, 콘텐츠컴퓨팅,null,1,3,3,null
4,20,375,11152, 콘텐츠컴퓨팅,null,2,3,3,null
4,20,375,11145, 크리에이티브컴퓨팅,null,1,3,3,null
4,20,375,11145, 크리에이티브컴퓨팅,null,2,3,3,null
4,20,375,10164, 현대물리학과인간사고의변혁,null,1,3,3,null
4,20,375,10164, 현대물리학과인간사고의변혁,null,2,3,3,null
4,20,375,11157, 환경재난과국제협력,null,1,3,3,null
4,20,375,11157, 환경재난과국제협력,null,2,3,3,null
4,20,375,11262, 생활속의미생물,null,1,3,3,null
4,20,375,11262, 생활속의미생물,null,2,3,3,null
4,20,375,11264, 세계의자연유산과지오투어리즘,null,1,3,3,null
4,20,375,11264, 세계의자연유산과지오투어리즘,null,2,3,3,null
4,20,375,11043, 현대사회의기록과정보,null,1,3,3,null
4,20,375,11043, 현대사회의기록과정보,null,2,3,3,null
4,20,375,11187, 빅데이터사회와정보활용,null,1,3,3,null
4,20,375,11187, 빅데이터사회와정보활용,null,2,3,3,null
4,20,375,11098, 주거로보는건축문화,null,1,3,3,null
4,20,375,11098, 주거로보는건축문화,null,2,3,3,null
4,21,377,10023, 기독교와세계,1,1,3,3,null
4,21,377,10023, 기독교와세계,1,2,3,3,null
4,21,378,11352, 통합적사고와글쓰기,1,1,3,2,null
4,21,378,11352, 통합적사고와글쓰기,1,2,3,2,null
4,21,380,10099, Advanced English,1,1,3,3,null
4,21,380,10099, Advanced English,1,2,3,3,null
4,21,381,10563,기본중국어,1,1,3,3,null
4,21,381,10563,기본중국어,1,2,3,3,null
4,21,381,10133,중급중국어,1,1,3,3,null
4,21,381,10133,중급중국어,1,2,3,3,null
4,21,381,10564,기본프랑스어,1,1,3,3,null
4,21,381,10564,기본프랑스어,1,2,3,3,null
4,21,381,10565,중급프랑스어,1,1,3,3,null
4,21,381,10565,중급프랑스어,1,2,3,3,null
4,21,381,10566,기본독일어,1,1,3,3,null
4,21,381,10566,기본독일어,1,2,3,3,null
4,21,381,10130,중급독일어,1,1,3,3,null
4,21,381,10130,중급독일어,1,2,3,3,null
4,21,381,10570,기본일본어,1,1,3,3,null
4,21,381,10570,기본일본어,1,2,3,3,null
4,21,381,10132,중급일본어,1,1,3,3,null
4,21,381,10132,중급일본어,1,2,3,3,null
4,21,381,10571,기본스페인어,1,1,3,3,null
4,21,381,10571,기본스페인어,1,2,3,3,null
4,21,381,10665,중급스페인어,1,1,3,3,null
4,21,381,10665,중급스페인어,1,2,3,3,null
4,21,381,10572,기본러시아어,1,1,3,3,null
4,21,381,10572,기본러시아어,1,2,3,3,null
4,21,379,11208, IT융합설계개론,null,1,3,3,null
4,21,379,11208, IT융합설계개론,null,2,3,3,null
4,21,379,11206, 계산의기초와융합적문제해결,null,1,3,3,null
4,21,379,11206, 계산의기초와융합적문제해결,null,2,3,3,null
4,21,379,11204, 논리와컴퓨터,null,1,3,3,null
4,21,379,11204, 논리와컴퓨터,null,2,3,3,null
4,21,379,11357, 데이터컨버전스와법,null,1,3,3,null
4,21,379,11357, 데이터컨버전스와법,null,2,3,3,null
4,21,379,11373, 데이터컴퓨팅,null,1,3,3,null
4,21,379,11373, 데이터컴퓨팅,null,2,3,3,null
4,21,379,11356, 리눅스와시스템적사고,null,1,3,3,null
4,21,379,11356, 리눅스와시스템적사고,null,2,3,3,null
4,21,379,11309, 문제해결과SW프로그래밍,null,1,3,3,null
4,21,379,11309, 문제해결과SW프로그래밍,null,2,3,3,null
4,21,379,11365, 빅데이터와젠더,null,1,3,3,null
4,21,379,11365, 빅데이터와젠더,null,2,3,3,null
4,21,379,11367, 사회문제해결을위한R프로그래밍기초,null,1,3,3,null
4,21,379,11367, 사회문제해결을위한R프로그래밍기초,null,2,3,3,null
4,21,379,11233, 음악테크놀로지와프로그래밍,null,1,3,3,null
4,21,379,11233, 음악테크놀로지와프로그래밍,null,2,3,3,null
4,21,379,11368, 정보와인공지능의수리적이해,null,1,3,3,null
4,21,379,11368, 정보와인공지능의수리적이해,null,2,3,3,null
4,21,379,11205, 컴퓨터과학적인식과문제해결,null,1,3,3,null
4,21,379,11205, 컴퓨터과학적인식과문제해결,null,2,3,3,null
4,21,379,11374, 컴퓨터보안과윈도우포렌식,null,1,3,3,null
4,21,379,11374, 컴퓨터보안과윈도우포렌식,null,2,3,3,null
4,21,379,11362, 컴퓨터속의우주,null,1,3,3,null
4,21,379,11362, 컴퓨터속의우주,null,2,3,3,null
4,21,379,11369, 컴퓨터식문제해결기법,null,1,3,3,null
4,21,379,11369, 컴퓨터식문제해결기법,null,2,3,3,null
4,21,379,11232, 컴퓨터적사고와이해,null,1,3,3,null
4,21,379,11232, 컴퓨터적사고와이해,null,2,3,3,null
4,21,379,11234, 컴퓨터적사고와조형적활용,null,1,3,3,null
4,21,379,11234, 컴퓨터적사고와조형적활용,null,2,3,3,null
4,21,379,11211, 컴퓨팅적사고와프로그래밍,null,1,3,3,null
4,21,379,11211, 컴퓨팅적사고와프로그래밍,null,2,3,3,null
4,21,379,11364, 푸드테크시대의음식과디자인,null,1,3,3,null
4,21,379,11364, 푸드테크시대의음식과디자인,null,2,3,3,null
4,21,379,11207, 프로그래밍과통계적사고,null,1,3,3,null
4,21,379,11207, 프로그래밍과통계적사고,null,2,3,3,null
4,21,379,11361, 프로그래밍을위한컴퓨팅적사고,null,1,3,3,null
4,21,379,11361, 프로그래밍을위한컴퓨팅적사고,null,2,3,3,null
4,21,382,11053, 21세기사회와문학의대화,null,1,3,3,null
4,21,382,11053, 21세기사회와문학의대화,null,2,3,3,null
4,21,382,11334, Critical and Creative Textual Studies,null,1,3,3,null
4,21,382,11334, Critical and Creative Textual Studies,null,2,3,3,null
4,21,382,11183, The Story of Human Language,null,1,3,3,null
4,21,382,11183, The Story of Human Language,null,2,3,3,null
4,21,382,11165, Topics in Multiethnic American Literature,null,1,3,3,null
4,21,382,11165, Topics in Multiethnic American Literature,null,2,3,3,null
4,21,382,11112, 다매체시대의비교문학,null,1,3,3,null
4,21,382,11112, 다매체시대의비교문학,null,2,3,3,null
4,21,382,11108, 동아시아문학으로문화읽기,null,1,3,3,null
4,21,382,11108, 동아시아문학으로문화읽기,null,2,3,3,null
4,21,382,11038, 디지털미디어시대의동아시아문자,null,1,3,3,null
4,21,382,11038, 디지털미디어시대의동아시아문자,null,2,3,3,null
4,21,382,10041, 문학과삶,null,1,3,3,null
4,21,382,10041, 문학과삶,null,2,3,3,null
4,21,382,10654, 문학과영화,null,1,3,3,null
4,21,382,10654, 문학과영화,null,2,3,3,null
4,21,382,11148, 문학으로보는사랑의역사,null,1,3,3,null
4,21,382,11148, 문학으로보는사랑의역사,null,2,3,3,null
4,21,382,11184, 문학으로함께배우는매체/이야기,null,1,3,3,null
4,21,382,11184, 문학으로함께배우는매체/이야기,null,2,3,3,null
4,21,382,11146, 문화로읽는현대시의세계,null,1,3,3,null
4,21,382,11146, 문화로읽는현대시의세계,null,1,3,3,null
4,21,382,11147, 사이언스픽션의이해,null,1,3,3,null
4,21,382,11147, 사이언스픽션의이해,null,2,3,3,null
4,21,382,11297, 생태와문학,null,1,3,3,null
4,21,382,11297, 생태와문학,null,2,3,3,null
4,21,382,10768, 신화·상상력·문화,null,1,3,3,null
4,21,382,10768, 신화·상상력·문화,null,2,3,3,null
4,21,382,11109, 여행문학과세계인식,null,1,3,3,null
4,21,382,11109, 여행문학과세계인식,null,2,3,3,null
4,21,382,10882, 인간과언어,null,1,3,3,null
4,21,382,10882, 인간과언어,null,2,3,3,null
4,21,382,11258, 자연과문학,null,1,3,3,null
4,21,382,11258, 자연과문학,null,2,3,3,null
4,21,382,10543, 한국현대시와삶읽기,null,1,3,3,null
4,21,382,10543, 한국현대시와삶읽기,null,2,3,3,null
4,21,382,11134, 현대영어권문학의동향,null,1,3,3,null
4,21,382,11134, 현대영어권문학의동향,null,2,3,3,null
4,21,382,10896, 환상문학의세계,null,1,3,3,null
4,21,382,10896, 환상문학의세계,null,2,3,3,null
4,21,382,10950, 디지털스토리텔링의이해,null,1,3,3,null
4,21,382,10950, 디지털스토리텔링의이해,null,2,3,3,null
4,21,383,11107, 21세기의예술과인간,null,1,3,3,null
4,21,383,11107, 21세기의예술과인간,null,2,3,3,null
4,21,383,11164, Contemporary Photography,null,1,3,3,null
4,21,383,11164, Contemporary Photography,null,2,3,3,null
4,21,383,10033, 동양미술의이해,null,1,3,3,null
4,21,383,10033, 동양미술의이해,null,2,3,3,null
4,21,383,10778, 디지털매체와예술,null,1,3,3,null
4,21,383,10778, 디지털매체와예술,null,2,3,3,null
4,21,383,10576, 무용의이해,null,1,3,3,null
4,21,383,10576, 무용의이해,null,2,3,3,null
4,21,383,11153, 문화콘텐츠기획의이해,null,1,3,3,null
4,21,383,11153, 문화콘텐츠기획의이해,null,2,3,3,null
4,21,383,11328, 미술로치유하는마음,null,1,3,3,null
4,21,383,11328, 미술로치유하는마음,null,2,3,3,null
4,21,383,11083, 미학과미술,null,1,3,3,null
4,21,383,11083, 미학과미술,null,2,3,3,null
4,21,383,10072, 서양미술의이해,null,1,3,3,null
4,21,383,10072, 서양미술의이해,null,2,3,3,null
4,21,383,10073, 서양음악의이해,null,1,3,3,null
4,21,383,10073, 서양음악의이해,null,2,3,3,null
4,21,383,11084, 시각문화로서미술작품읽기,null,1,3,3,null
4,21,383,11084, 시각문화로서미술작품읽기,null,2,3,3,null
4,21,383,11209, 시각적사고를통한일상의문화와트랜드,null,1,3,3,null
4,21,383,11209, 시각적사고를통한일상의문화와트랜드,null,2,3,3,null
4,21,383,10090, 여성과예술,null,1,3,3,null
4,21,383,10090, 여성과예술,null,2,3,3,null
4,21,383,11113, 여성의몸과창조적움직임,null,1,3,3,null
4,21,383,11113, 여성의몸과창조적움직임,null,2,3,3,null
4,21,383,10097, 연극의이론과실제,null,1,3,3,null
4,21,383,10097, 연극의이론과실제,null,2,3,3,null
4,21,383,11110, 예술가와그의시대,null,1,3,3,null
4,21,383,11110, 예술가와그의시대,null,2,3,3,null
4,21,383,10100, 예술과사상,null,1,3,3,null
4,21,383,10100, 예술과사상,null,2,3,3,null
4,21,383,11055, 옛시와그림의만남,null,1,3,3,null
4,21,383,11055, 옛시와그림의만남,null,2,3,3,null
4,21,383,11265, 음악과건강,null,1,3,3,null
4,21,383,11265, 음악과건강,null,2,3,3,null
4,21,383,11075, 창조와상상의기술,null,1,3,3,null
4,21,383,11075, 창조와상상의기술,null,2,3,3,null
4,21,383,11035," 퍼포먼스인문학:제의,놀이,연극",null,1,3,3,null
4,21,383,11035," 퍼포먼스인문학:제의,놀이,연극",null,2,3,3,null
4,21,383,10892," 표현,예술,그리고시대정신",null,1,3,3,null
4,21,383,10892," 표현,예술,그리고시대정신",null,2,3,3,null
4,21,383,10152, 한국미술의이해,null,1,3,3,null
4,21,383,10152, 한국미술의이해,null,2,3,3,null
4,21,383,11333," 한국사와상상력,스토리텔링",null,1,3,3,null
4,21,383,11333," 한국사와상상력,스토리텔링",null,2,3,3,null
4,21,383,10883, 한국의문화공간과예술,null,1,3,3,null
4,21,383,10883, 한국의문화공간과예술,null,2,3,3,null
4,21,383,10165, 현대미술사,null,1,3,3,null
4,21,383,10165, 현대미술사,null,2,3,3,null
4,21,383,11330, Reading American Popular Culture in the Digital Age,null,1,3,3,null
4,21,383,11330, Reading American Popular Culture in the Digital Age,null,2,3,3,null
4,21,383,10018, 국악의이해,null,1,3,3,null
4,21,383,10018, 국악의이해,null,2,3,3,null
4,21,383,11329, 색채의이해,null,1,3,3,null
4,21,383,11329, 색채의이해,null,2,3,3,null
4,21,383,11263, 예술과기술,null,1,3,3,null
4,21,383,11263, 예술과기술,null,2,3,3,null
4,21,383,11116, Introduction to World Music and Culture,null,1,3,3,null
4,21,383,11116, Introduction to World Music and Culture,null,2,3,3,null
4,21,383,11135, 사물과예술,null,1,3,3,null
4,21,383,11135, 사물과예술,null,2,3,3,null
4,21,384,11190, The Art of Thinking,null,1,3,3,null
4,21,384,11190, The Art of Thinking,null,2,3,3,null
4,21,384,10545, 근대일본과동아시아,null,1,3,3,null
4,21,384,10545, 근대일본과동아시아,null,2,3,3,null
4,21,384,11046, 동서양의인간이해,null,1,3,3,null
4,21,384,11046, 동서양의인간이해,null,2,3,3,null
4,21,384,10034, 동양철학의이해,null,1,3,3,null
4,21,384,10034, 동양철학의이해,null,2,3,3,null
4,21,384,10769, 모던/포스트모던문화읽기,null,1,3,3,null
4,21,384,10769, 모던/포스트모던문화읽기,null,2,3,3,null
4,21,384,11056, 문화로읽는한국사,null,1,3,3,null
4,21,384,11056, 문화로읽는한국사,null,2,3,3,null
4,21,384,11185, 문화와예술을통해본르네상스역사,null,1,3,3,null
4,21,384,11185, 문화와예술을통해본르네상스역사,null,2,3,3,null
4,21,384,10772, 여성과사회정의,null,1,3,3,null
4,21,384,10772, 여성과사회정의,null,2,3,3,null
4,21,384,11054, 연어프로젝트:한국여성나의뿌리를찾아서 ,null,1,3,3,null
4,21,384,11054, 연어프로젝트:한국여성나의뿌리를찾아서 ,null,2,3,3,null
4,21,384,10108, 인간과종교,null,1,3,3,null
4,21,384,10108, 인간과종교,null,2,3,3,null
4,21,384,11041, 인간과철학적사유,null,1,3,3,null
4,21,384,11041, 인간과철학적사유,null,2,3,3,null
4,21,384,11293, 인물로본중국의역사,null,1,3,3,null
4,21,384,11293, 인물로본중국의역사,null,2,3,3,null
4,21,384,10581, 인물로본한국사,null,1,3,3,null
4,21,384,10581, 인물로본한국사,null,2,3,3,null
4,21,384,11078, 젠더와역사,null,1,3,3,null
4,21,384,11078, 젠더와역사,null,2,3,3,null
4,21,384,10767, 종교와문화,null,1,3,3,null
4,21,384,10767, 종교와문화,null,2,3,3,null
4,21,384,11057, 주제로살펴보는서양근현대사,null,1,3,3,null
4,21,384,11057, 주제로살펴보는서양근현대사,null,2,3,3,null
4,21,384,10544, 중국의역사와문화,null,1,3,3,null
4,21,384,10544, 중국의역사와문화,null,2,3,3,null
4,21,384,11297, 질병치료와백신의역사,null,1,3,3,null
4,21,384,11297, 질병치료와백신의역사,null,2,3,3,null
4,21,384,11189, 철학의은유들,null,1,3,3,null
4,21,384,11189, 철학의은유들,null,2,3,3,null
4,21,384,11045, 패러다임전환과비판이론,null,1,3,3,null
4,21,384,11045, 패러다임전환과비판이론,null,2,3,3,null
4,21,384,10149, 한국근현대사 ,null,1,3,3,null
4,21,384,10149, 한국근현대사 ,null,2,3,3,null
4,21,384,11058, 한국사의새로운이해,null,1,3,3,null
4,21,384,11058, 한국사의새로운이해,null,2,3,3,null
4,21,384,11366, 한국의문화유산역사여행,null,1,3,3,null
4,21,384,11366, 한국의문화유산역사여행,null,2,3,3,null
4,21,384,11186, Evolutionary Origin of Humans,null,1,3,3,null
4,21,384,11186, Evolutionary Origin of Humans,null,2,3,3,null
4,21,384,11295, 인공지능시대의과학과종교,null,1,3,3,null
4,21,384,11295, 인공지능시대의과학과종교,null,2,3,3,null
4,21,385,11360, ICT융복합복지와법,null,1,3,3,null
4,21,385,11360, ICT융복합복지와법,null,2,3,3,null
4,21,385,11259, SDGs시대글로벌보건협력:개발도상국의보건의료현황과국제사회의지원 ,null,1,3,3,null
4,21,385,11259, SDGs시대글로벌보건협력:개발도상국의보건의료현황과국제사회의지원 ,null,2,3,3,null
4,21,385,10011, 가족건강과간호,null,1,3,3,null
4,21,385,10011, 가족건강과간호,null,2,3,3,null
4,21,385,10932, 건축으로읽는사회문화사,null,1,3,3,null
4,21,385,10932, 건축으로읽는사회문화사,null,2,3,3,null
4,21,385,10013, 경영과사회,null,1,3,3,null
4,21,385,10013, 경영과사회,null,2,3,3,null
4,21,385,11210, 교육커뮤니케이션의이해와실제,null,1,3,3,null
4,21,385,11210, 교육커뮤니케이션의이해와실제,null,2,3,3,null
4,21,385,10949, 국제구호와개발협력,null,1,3,3,null
4,21,385,10949, 국제구호와개발협력,null,2,3,3,null
4,21,385,10913, 글로벌시대의다문화사회,null,1,3,3,null
4,21,385,10913, 글로벌시대의다문화사회,null,2,3,3,null
4,21,385,10914, 글로벌시대의아시아여성,null,1,3,3,null
4,21,385,10914, 글로벌시대의아시아여성,null,2,3,3,null
4,21,385,11260, 기업과정신과혁신,null,1,3,3,null
4,21,385,11260, 기업과정신과혁신,null,2,3,3,null
4,21,385,10091, 노동과젠더,null,1,3,3,null
4,21,385,10091, 노동과젠더,null,2,3,3,null
4,21,385,11332, 도시공간문화로읽는한국사,null,1,3,3,null
4,21,385,11332, 도시공간문화로읽는한국사,null,2,3,3,null
4,21,385,10886, 동양고전의현대적이해,null,1,3,3,null
4,21,385,10886, 동양고전의현대적이해,null,2,3,3,null
4,21,385,11292, 모방과인간,null,1,3,3,null
4,21,385,11292, 모방과인간,null,2,3,3,null
4,21,385,11193, 법과젠더,null,1,3,3,null
4,21,385,11193, 법과젠더,null,2,3,3,null
4,21,385,10549, 북한정치의이해,null,1,3,3,null
4,21,385,10549, 북한정치의이해,null,2,3,3,null
4,21,385,10548, 북한주민의문화와생활,null,1,3,3,null
4,21,385,10548, 북한주민의문화와생활,null,2,3,3,null
4,21,385,10929, 브레인스펙트럼,null,1,3,3,null
4,21,385,10929, 브레인스펙트럼,null,2,3,3,null
4,21,385,10573, 생명윤리와법,null,1,3,3,null
4,21,385,10573, 생명윤리와법,null,2,3,3,null
4,21,385,10074, 성문화연구,null,1,3,3,null
4,21,385,10074, 성문화연구,null,2,3,3,null
4,21,385,10081, 시민생활과법,null,1,3,3,null
4,21,385,10081, 시민생활과법,null,2,3,3,null
4,21,385,10094, 여성학,null,1,3,3,null
4,21,385,10094, 여성학,null,2,3,3,null
4,21,385,11089, 여행과지리:글로벌화의지역탐색,null,1,3,3,null
4,21,385,11089, 여행과지리:글로벌화의지역탐색,null,2,3,3,null
4,21,385,10908, 영상이미지와젠더,null,1,3,3,null
4,21,385,10908, 영상이미지와젠더,null,2,3,3,null
4,21,385,10904, 우리사회의문제와쟁점찾기,null,1,3,3,null
4,21,385,10904, 우리사회의문제와쟁점찾기,null,2,3,3,null
4,21,385,11358, 인간관계심리,null,1,3,3,null
4,21,385,11358, 인간관계심리,null,2,3,3,null
4,21,385,10109, 인간발달과가족,null,1,3,3,null
4,21,385,10109, 인간발달과가족,null,2,3,3,null
4,21,385,10903, 인간발달과문화의다양성,null,1,3,3,null
4,21,385,10903, 인간발달과문화의다양성,null,2,3,3,null
4,21,385,11114, 인간은왜춤을추는가,null,1,3,3,null
4,21,385,11114, 인간은왜춤을추는가,null,2,3,3,null
4,21,385,11103, 인터넷과법,null,1,3,3,null
4,21,385,11103, 인터넷과법,null,2,3,3,null
4,21,385,11359, 정신건강과행복,null,1,3,3,null
4,21,385,11359, 정신건강과행복,null,2,3,3,null
4,21,385,11104, 죄와벌,null,1,3,3,null
4,21,385,11104, 죄와벌,null,2,3,3,null
4,21,385,10905, 지구촌의사회복지,null,1,3,3,null
4,21,385,10905, 지구촌의사회복지,null,2,3,3,null
4,21,385,11105, 직업세계와법,null,1,3,3,null
4,21,385,11105, 직업세계와법,null,2,3,3,null
4,21,385,11039, 키워드로읽는중국문화,null,1,3,3,null
4,21,385,11039, 키워드로읽는중국문화,null,2,3,3,null
4,21,385,11215, 통합적분쟁이해와조정,null,1,3,3,null
4,21,385,11215, 통합적분쟁이해와조정,null,2,3,3,null
4,21,385,10887, 현대중국의이해,null,1,3,3,null
4,21,385,10887, 현대중국의이해,null,2,3,3,null
4,21,385,11162, Middle Eastern Political Theology: Religious Sources,null,1,3,3,null
4,21,385,11162, Middle Eastern Political Theology: Religious Sources,null,2,3,3,null
4,21,385,11079, 장애와사회,null,1,3,3,null
4,21,385,11079, 장애와사회,null,2,3,3,null
4,21,385,11296, 청춘의아픔과치유:행복인문학,null,1,3,3,null
4,21,385,11296, 청춘의아픔과치유:행복인문학,null,2,3,3,null
4,21,385,10181, 환경과인간,null,1,3,3,null
4,21,385,10181, 환경과인간,null,2,3,3,null
4,21,385,11188, Introduction to Ethnic Conflict and Management,null,1,3,3,null
4,21,385,11188, Introduction to Ethnic Conflict and Management,null,2,3,3,null
4,21,385,11106, 글로벌시민의이해와리더십,null,1,3,3,null
4,21,385,11106, 글로벌시민의이해와리더십,null,2,3,3,null
4,21,385,10933, 대학생의성건강,null,1,3,3,null
4,21,385,10933, 대학생의성건강,null,2,3,3,null
4,21,385,11308, 데이터로고전읽기,null,1,3,3,null
4,21,385,11308, 데이터로고전읽기,null,2,3,3,null
4,21,385,11351, 삶을위한멘탈코칭,null,1,3,3,null
4,21,385,11351, 삶을위한멘탈코칭,null,1,3,3,null
4,21,386,10556, 4차산업혁명과창의융합SW,null,1,3,3,null
4,21,386,10556, 4차산업혁명과창의융합SW,null,2,3,3,null
4,21,386,10930, Behavior of Animals,null,1,3,3,null
4,21,386,10930, Behavior of Animals,null,2,3,3,null
4,21,386,11111, SF영화로배우는철학,null,1,3,3,null
4,21,386,11111, SF영화로배우는철학,null,2,3,3,null
4,21,386,11213, 과학과몸의역사,null,1,3,3,null
4,21,386,11213, 과학과몸의역사,null,2,3,3,null
4,21,386,11155, 과학과허구,null,1,3,3,null
4,21,386,11155, 과학과허구,null,2,3,3,null
4,21,386,11101, 과학문화와커뮤니케이션,null,1,3,3,null
4,21,386,11101, 과학문화와커뮤니케이션,null,2,3,3,null
4,21,386,10776, 글로벌시민을위한과학소양,null,1,3,3,null
4,21,386,10776, 글로벌시민을위한과학소양,null,2,3,3,null
4,21,386,11154, 사물인터넷개론,null,1,3,3,null
4,21,386,11154, 사물인터넷개론,null,2,3,3,null
4,21,386,10052, 약과건강,null,1,3,3,null
4,21,386,10052, 약과건강,null,2,3,3,null
4,21,386,11102," 에너지의이해,이용,실천",null,1,3,3,null
4,21,386,11102," 에너지의이해,이용,실천",null,2,3,3,null
4,21,386,11257, 에피소드로보는과학철학,null,1,3,3,null
4,21,386,11257, 에피소드로보는과학철학,null,2,3,3,null
4,21,386,10910, 위험판단심리학,null,1,3,3,null
4,21,386,10910, 위험판단심리학,null,2,3,3,null
4,21,386,10104, 응용통계입문,null,1,3,3,null
4,21,386,10104, 응용통계입문,null,2,3,3,null
4,21,386,11336, 인공지능과인간,null,1,3,3,null
4,21,386,11336, 인공지능과인간,null,2,3,3,null
4,21,386,11261, 인공지능시대의정보산업이해,null,1,3,3,null
4,21,386,11261, 인공지능시대의정보산업이해,null,2,3,3,null
4,21,386,10559, 인류문명과환경과학,null,1,3,3,null
4,21,386,10559, 인류문명과환경과학,null,2,3,3,null
4,21,386,11156," 자연과의대화,환경생태",null,1,3,3,null
4,21,386,11156," 자연과의대화,환경생태",null,2,3,3,null
4,21,386,11160, 정보기술과미래사회,null,1,3,3,null
4,21,386,11160, 정보기술과미래사회,null,2,3,3,null
4,21,386,10123, 정보사회와인터넷윤리,null,1,3,3,null
4,21,386,10123, 정보사회와인터넷윤리,null,2,3,3,null
4,21,386,11096, 정보화사회와통계,null,1,3,3,null
4,21,386,11096, 정보화사회와통계,null,2,3,3,null
4,21,386,10135, 지구의역사,null,1,3,3,null
4,21,386,10135, 지구의역사,null,2,3,3,null
4,21,386,11042, 컴퓨터와마음,null,1,3,3,null
4,21,386,11042, 컴퓨터와마음,null,2,3,3,null
4,21,386,11152, 콘텐츠컴퓨팅,null,1,3,3,null
4,21,386,11152, 콘텐츠컴퓨팅,null,2,3,3,null
4,21,386,11145, 크리에이티브컴퓨팅,null,1,3,3,null
4,21,386,11145, 크리에이티브컴퓨팅,null,2,3,3,null
4,21,386,10164, 현대물리학과인간사고의변혁,null,1,3,3,null
4,21,386,10164, 현대물리학과인간사고의변혁,null,2,3,3,null
4,21,386,11157, 환경재난과국제협력,null,1,3,3,null
4,21,386,11157, 환경재난과국제협력,null,2,3,3,null
4,21,386,11262, 생활속의미생물,null,1,3,3,null
4,21,386,11262, 생활속의미생물,null,2,3,3,null
4,21,386,11264, 세계의자연유산과지오투어리즘,null,1,3,3,null
4,21,386,11264, 세계의자연유산과지오투어리즘,null,2,3,3,null
4,21,386,11043, 현대사회의기록과정보,null,1,3,3,null
4,21,386,11043, 현대사회의기록과정보,null,2,3,3,null
4,21,386,11187, 빅데이터사회와정보활용,null,1,3,3,null
4,21,386,11187, 빅데이터사회와정보활용,null,2,3,3,null
4,21,386,11098, 주거로보는건축문화,null,1,3,3,null
4,21,386,11098, 주거로보는건축문화,null,2,3,3,null
4,20,376,33489,프랑스어와프랑스문화1,1,1,3,3,null
4,20,376,36829,프랑스문학과의만남,1,2,3,3,null
4,20,376,33545,프랑스어와프랑스문화2,1,2,3,3,null
4,20,376,35230,프랑스어회화,1,2,3,3,null
4,20,376,33611,멀티미디어프랑스어,2,1,3,3,null
4,20,376,33613,프랑스문학강독,2,1,3,3,null
4,20,376,33612,프랑스어문법과작문1,2,1,3,3,null
4,20,376,35232,프랑스어읽기/쓰기,2,1,3,3,null
4,20,376,38311,프랑스지역학입문,2,1,3,3,null
4,20,376,38312,유럽학입문,2,2,3,3,null
4,20,376,33614,프랑스명작의이해,2,2,3,3,null
4,20,376,30170,프랑스문학사,2,2,3,3,null
4,20,376,35596,프랑스어구현연습,2,2,3,3,null
4,20,376,33615,프랑스어문법과작문2,2,2,3,3,null
4,20,376,35231,현대프랑스예술과사회,2,2,3,3,null
4,20,376,38099,불문전공설계심화1,3,1,null,3,null
4,20,376,38100,불문전공설계심화2,3,1,null,3,null
4,20,376,38099,불문전공설계심화1,3,2,null,3,null
4,20,376,38100,불문전공설계심화2,3,2,null,3,null
4,20,376,35236,소설로보는프랑스역사,3,1,3,3,null
4,20,376,33619,시사실무프랑스어(캡스톤디자인),3,1,3,3,null
4,20,376,35235,프랑스시의세계,3,1,3,3,null
4,20,376,35594,프랑스어의사소통문화,3,1,3,3,null
4,20,376,34915,프랑스언어학기초,3,1,3,3,null
4,20,376,35237,영화로보는프랑스사회와문화,3,2,3,3,null
4,20,376,33629,프랑스대중문화,3,2,3,3,null
4,20,376,35239,프랑스문학과인간심리,3,2,3,3,null
4,20,376,35595,프랑스어구조와활용,3,2,3,3,null
4,20,376,35238,프랑스연극,3,2,3,3,null
4,20,376,37722,불어불문학인턴십1,4,1,null,1,null
4,20,376,37723,불어불문학인턴십2,4,1,null,2,null
4,20,376,37724,불어불문학인턴십3,4,1,null,3,null
4,20,376,37722,불어불문학인턴십1,4,2,null,1,null
4,20,376,37723,불어불문학인턴십2,4,2,null,2,null
4,20,376,37724,불어불문학인턴십3,4,2,null,3,null
4,20,376,35240,국제사회속의프랑스,4,1,3,3,null
4,20,376,35245,프랑스사상의흐름,4,1,3,3,null
4,20,376,38313,프랑스시사토픽,4,1,3,3,null
4,20,376,35243,프랑스어의미와활용,4,1,3,3,null
4,20,376,35244,프랑스영화,4,1,3,3,null
4,20,376,35242,현대프랑스소설,4,1,3,3,null
4,20,376,35246,전문프랑스어와현장,4,2,3,3,null
4,20,376,38793,프랑스시인과도시,4,2,3,3,null
4,20,376,35247,프랑스어권지역의이해,4,2,3,3,null
4,20,376,35248,프랑스어문체연구,4,2,3,3,null
4,20,376,33631,프랑스어텍스트번역연습,4,2,3,3,null
4,20,376,38286,프랑스정치경제읽기,4,2,3,3,null
4,20,376,33630,현대프랑스문학비평,4,2,3,3,null
4,21,387,33489,프랑스어와프랑스문화1,1,1,3,3,null
4,21,387,36829,프랑스문학과의만남,1,2,3,3,null
4,21,387,33545,프랑스어와프랑스문화2,1,2,3,3,null
4,21,387,35230,프랑스어회화,1,2,3,3,null
4,21,387,33611,멀티미디어프랑스어,2,1,3,3,null
4,21,387,33613,프랑스문학강독,2,1,3,3,null
4,21,387,33612,프랑스어문법과작문1,2,1,3,3,null
4,21,387,35232,프랑스어읽기/쓰기,2,1,3,3,null
4,21,387,38311,프랑스지역학입문,2,1,3,3,null
4,21,387,38312,유럽학입문,2,2,3,3,null
4,21,387,33614,프랑스명작의이해,2,2,3,3,null
4,21,387,30170,프랑스문학사,2,2,3,3,null
4,21,387,35596,프랑스어구현연습,2,2,3,3,null
4,21,387,33615,프랑스어문법과작문2,2,2,3,3,null
4,21,387,35231,현대프랑스예술과사회,2,2,3,3,null
4,21,387,38099,불문전공설계심화1,3,1,null,3,null
4,21,387,38100,불문전공설계심화2,3,1,null,3,null
4,21,387,38099,불문전공설계심화1,3,2,null,3,null
4,21,387,38100,불문전공설계심화2,3,2,null,3,null
4,21,387,35236,소설로보는프랑스역사,3,1,3,3,null
4,21,387,33619,시사실무프랑스어(캡스톤디자인),3,1,3,3,null
4,21,387,35235,프랑스시의세계,3,1,3,3,null
4,21,387,35594,프랑스어의사소통문화,3,1,3,3,null
4,21,387,34915,프랑스언어학기초,3,1,3,3,null
4,21,387,35237,영화로보는프랑스사회와문화,3,2,3,3,null
4,21,387,33629,프랑스대중문화,3,2,3,3,null
4,21,387,35239,프랑스문학과인간심리,3,2,3,3,null
4,21,387,35595,프랑스어구조와활용,3,2,3,3,null
4,21,387,35238,프랑스연극,3,2,3,3,null
4,21,387,37722,불어불문학인턴십1,4,1,null,1,null
4,21,387,37723,불어불문학인턴십2,4,1,null,2,null
4,21,387,37724,불어불문학인턴십3,4,1,null,3,null
4,21,387,37722,불어불문학인턴십1,4,2,null,1,null
4,21,387,37723,불어불문학인턴십2,4,2,null,2,null
4,21,387,37724,불어불문학인턴십3,4,2,null,3,null
4,21,387,35240,국제사회속의프랑스,4,1,3,3,null
4,21,387,35245,프랑스사상의흐름,4,1,3,3,null
4,21,387,38313,프랑스시사토픽,4,1,3,3,null
4,21,387,35243,프랑스어의미와활용,4,1,3,3,null
4,21,387,35244,프랑스영화,4,1,3,3,null
4,21,387,35242,현대프랑스소설,4,1,3,3,null
4,21,387,35246,전문프랑스어와현장,4,2,3,3,null
4,21,387,38793,프랑스시인과도시,4,2,3,3,null
4,21,387,35247,프랑스어권지역의이해,4,2,3,3,null
4,21,387,35248,프랑스어문체연구,4,2,3,3,null
4,21,387,33631,프랑스어텍스트번역연습,4,2,3,3,null
4,21,387,38286,프랑스정치경제읽기,4,2,3,3,null
4,21,387,33630,현대프랑스문학비평,4,2,3,3,null
5,20,388,10023, 기독교와세계,1,1,3,3,null
5,20,388,10023, 기독교와세계,1,2,3,3,null
5,20,389,11352, 통합적사고와글쓰기,1,1,3,2,null
5,20,389,11352, 통합적사고와글쓰기,1,2,3,2,null
5,20,391,10099, Advanced English,1,1,3,3,null
5,20,391,10099, Advanced English,1,2,3,3,null
5,20,392,10563,기본중국어,1,1,3,3,null
5,20,392,10563,기본중국어,1,2,3,3,null
5,20,392,10133,중급중국어,1,1,3,3,null
5,20,392,10133,중급중국어,1,2,3,3,null
5,20,392,10564,기본프랑스어,1,1,3,3,null
5,20,392,10564,기본프랑스어,1,2,3,3,null
5,20,392,10565,중급프랑스어,1,1,3,3,null
5,20,392,10565,중급프랑스어,1,2,3,3,null
5,20,392,10566,기본독일어,1,1,3,3,null
5,20,392,10566,기본독일어,1,2,3,3,null
5,20,392,10130,중급독일어,1,1,3,3,null
5,20,392,10130,중급독일어,1,2,3,3,null
5,20,392,10570,기본일본어,1,1,3,3,null
5,20,392,10570,기본일본어,1,2,3,3,null
5,20,392,10132,중급일본어,1,1,3,3,null
5,20,392,10132,중급일본어,1,2,3,3,null
5,20,392,10571,기본스페인어,1,1,3,3,null
5,20,392,10571,기본스페인어,1,2,3,3,null
5,20,392,10665,중급스페인어,1,1,3,3,null
5,20,392,10665,중급스페인어,1,2,3,3,null
5,20,392,10572,기본러시아어,1,1,3,3,null
5,20,392,10572,기본러시아어,1,2,3,3,null
5,20,390,11208, IT융합설계개론,null,1,3,3,null
5,20,390,11208, IT융합설계개론,null,2,3,3,null
5,20,390,11206, 계산의기초와융합적문제해결,null,1,3,3,null
5,20,390,11206, 계산의기초와융합적문제해결,null,2,3,3,null
5,20,390,11204, 논리와컴퓨터,null,1,3,3,null
5,20,390,11204, 논리와컴퓨터,null,2,3,3,null
5,20,390,11357, 데이터컨버전스와법,null,1,3,3,null
5,20,390,11357, 데이터컨버전스와법,null,2,3,3,null
5,20,390,11373, 데이터컴퓨팅,null,1,3,3,null
5,20,390,11373, 데이터컴퓨팅,null,2,3,3,null
5,20,390,11356, 리눅스와시스템적사고,null,1,3,3,null
5,20,390,11356, 리눅스와시스템적사고,null,2,3,3,null
5,20,390,11309, 문제해결과SW프로그래밍,null,1,3,3,null
5,20,390,11309, 문제해결과SW프로그래밍,null,2,3,3,null
5,20,390,11365, 빅데이터와젠더,null,1,3,3,null
5,20,390,11365, 빅데이터와젠더,null,2,3,3,null
5,20,390,11367, 사회문제해결을위한R프로그래밍기초,null,1,3,3,null
5,20,390,11367, 사회문제해결을위한R프로그래밍기초,null,2,3,3,null
5,20,390,11233, 음악테크놀로지와프로그래밍,null,1,3,3,null
5,20,390,11233, 음악테크놀로지와프로그래밍,null,2,3,3,null
5,20,390,11368, 정보와인공지능의수리적이해,null,1,3,3,null
5,20,390,11368, 정보와인공지능의수리적이해,null,2,3,3,null
5,20,390,11205, 컴퓨터과학적인식과문제해결,null,1,3,3,null
5,20,390,11205, 컴퓨터과학적인식과문제해결,null,2,3,3,null
5,20,390,11374, 컴퓨터보안과윈도우포렌식,null,1,3,3,null
5,20,390,11374, 컴퓨터보안과윈도우포렌식,null,2,3,3,null
5,20,390,11362, 컴퓨터속의우주,null,1,3,3,null
5,20,390,11362, 컴퓨터속의우주,null,2,3,3,null
5,20,390,11369, 컴퓨터식문제해결기법,null,1,3,3,null
5,20,390,11369, 컴퓨터식문제해결기법,null,2,3,3,null
5,20,390,11232, 컴퓨터적사고와이해,null,1,3,3,null
5,20,390,11232, 컴퓨터적사고와이해,null,2,3,3,null
5,20,390,11234, 컴퓨터적사고와조형적활용,null,1,3,3,null
5,20,390,11234, 컴퓨터적사고와조형적활용,null,2,3,3,null
5,20,390,11211, 컴퓨팅적사고와프로그래밍,null,1,3,3,null
5,20,390,11211, 컴퓨팅적사고와프로그래밍,null,2,3,3,null
5,20,390,11364, 푸드테크시대의음식과디자인,null,1,3,3,null
5,20,390,11364, 푸드테크시대의음식과디자인,null,2,3,3,null
5,20,390,11207, 프로그래밍과통계적사고,null,1,3,3,null
5,20,390,11207, 프로그래밍과통계적사고,null,2,3,3,null
5,20,390,11361, 프로그래밍을위한컴퓨팅적사고,null,1,3,3,null
5,20,390,11361, 프로그래밍을위한컴퓨팅적사고,null,2,3,3,null
5,20,393,11053, 21세기사회와문학의대화,null,1,3,3,null
5,20,393,11053, 21세기사회와문학의대화,null,2,3,3,null
5,20,393,11334, Critical and Creative Textual Studies,null,1,3,3,null
5,20,393,11334, Critical and Creative Textual Studies,null,2,3,3,null
5,20,393,11183, The Story of Human Language,null,1,3,3,null
5,20,393,11183, The Story of Human Language,null,2,3,3,null
5,20,393,11165, Topics in Multiethnic American Literature,null,1,3,3,null
5,20,393,11165, Topics in Multiethnic American Literature,null,2,3,3,null
5,20,393,11112, 다매체시대의비교문학,null,1,3,3,null
5,20,393,11112, 다매체시대의비교문학,null,2,3,3,null
5,20,393,11108, 동아시아문학으로문화읽기,null,1,3,3,null
5,20,393,11108, 동아시아문학으로문화읽기,null,2,3,3,null
5,20,393,11038, 디지털미디어시대의동아시아문자,null,1,3,3,null
5,20,393,11038, 디지털미디어시대의동아시아문자,null,2,3,3,null
5,20,393,10041, 문학과삶,null,1,3,3,null
5,20,393,10041, 문학과삶,null,2,3,3,null
5,20,393,10654, 문학과영화,null,1,3,3,null
5,20,393,10654, 문학과영화,null,2,3,3,null
5,20,393,11148, 문학으로보는사랑의역사,null,1,3,3,null
5,20,393,11148, 문학으로보는사랑의역사,null,2,3,3,null
5,20,393,11184, 문학으로함께배우는매체/이야기,null,1,3,3,null
5,20,393,11184, 문학으로함께배우는매체/이야기,null,2,3,3,null
5,20,393,11146, 문화로읽는현대시의세계,null,1,3,3,null
5,20,393,11146, 문화로읽는현대시의세계,null,1,3,3,null
5,20,393,11147, 사이언스픽션의이해,null,1,3,3,null
5,20,393,11147, 사이언스픽션의이해,null,2,3,3,null
5,20,393,11297, 생태와문학,null,1,3,3,null
5,20,393,11297, 생태와문학,null,2,3,3,null
5,20,393,10768, 신화·상상력·문화,null,1,3,3,null
5,20,393,10768, 신화·상상력·문화,null,2,3,3,null
5,20,393,11109, 여행문학과세계인식,null,1,3,3,null
5,20,393,11109, 여행문학과세계인식,null,2,3,3,null
5,20,393,10882, 인간과언어,null,1,3,3,null
5,20,393,10882, 인간과언어,null,2,3,3,null
5,20,393,11258, 자연과문학,null,1,3,3,null
5,20,393,11258, 자연과문학,null,2,3,3,null
5,20,393,10543, 한국현대시와삶읽기,null,1,3,3,null
5,20,393,10543, 한국현대시와삶읽기,null,2,3,3,null
5,20,393,11134, 현대영어권문학의동향,null,1,3,3,null
5,20,393,11134, 현대영어권문학의동향,null,2,3,3,null
5,20,393,10896, 환상문학의세계,null,1,3,3,null
5,20,393,10896, 환상문학의세계,null,2,3,3,null
5,20,393,10950, 디지털스토리텔링의이해,null,1,3,3,null
5,20,393,10950, 디지털스토리텔링의이해,null,2,3,3,null
5,20,394,11107, 21세기의예술과인간,null,1,3,3,null
5,20,394,11107, 21세기의예술과인간,null,2,3,3,null
5,20,394,11164, Contemporary Photography,null,1,3,3,null
5,20,394,11164, Contemporary Photography,null,2,3,3,null
5,20,394,10033, 동양미술의이해,null,1,3,3,null
5,20,394,10033, 동양미술의이해,null,2,3,3,null
5,20,394,10778, 디지털매체와예술,null,1,3,3,null
5,20,394,10778, 디지털매체와예술,null,2,3,3,null
5,20,394,10576, 무용의이해,null,1,3,3,null
5,20,394,10576, 무용의이해,null,2,3,3,null
5,20,394,11153, 문화콘텐츠기획의이해,null,1,3,3,null
5,20,394,11153, 문화콘텐츠기획의이해,null,2,3,3,null
5,20,394,11328, 미술로치유하는마음,null,1,3,3,null
5,20,394,11328, 미술로치유하는마음,null,2,3,3,null
5,20,394,11083, 미학과미술,null,1,3,3,null
5,20,394,11083, 미학과미술,null,2,3,3,null
5,20,394,10072, 서양미술의이해,null,1,3,3,null
5,20,394,10072, 서양미술의이해,null,2,3,3,null
5,20,394,10073, 서양음악의이해,null,1,3,3,null
5,20,394,10073, 서양음악의이해,null,2,3,3,null
5,20,394,11084, 시각문화로서미술작품읽기,null,1,3,3,null
5,20,394,11084, 시각문화로서미술작품읽기,null,2,3,3,null
5,20,394,11209, 시각적사고를통한일상의문화와트랜드,null,1,3,3,null
5,20,394,11209, 시각적사고를통한일상의문화와트랜드,null,2,3,3,null
5,20,394,10090, 여성과예술,null,1,3,3,null
5,20,394,10090, 여성과예술,null,2,3,3,null
5,20,394,11113, 여성의몸과창조적움직임,null,1,3,3,null
5,20,394,11113, 여성의몸과창조적움직임,null,2,3,3,null
5,20,394,10097, 연극의이론과실제,null,1,3,3,null
5,20,394,10097, 연극의이론과실제,null,2,3,3,null
5,20,394,11110, 예술가와그의시대,null,1,3,3,null
5,20,394,11110, 예술가와그의시대,null,2,3,3,null
5,20,394,10100, 예술과사상,null,1,3,3,null
5,20,394,10100, 예술과사상,null,2,3,3,null
5,20,394,11055, 옛시와그림의만남,null,1,3,3,null
5,20,394,11055, 옛시와그림의만남,null,2,3,3,null
5,20,394,11265, 음악과건강,null,1,3,3,null
5,20,394,11265, 음악과건강,null,2,3,3,null
5,20,394,11075, 창조와상상의기술,null,1,3,3,null
5,20,394,11075, 창조와상상의기술,null,2,3,3,null
5,20,394,11035," 퍼포먼스인문학:제의,놀이,연극",null,1,3,3,null
5,20,394,11035," 퍼포먼스인문학:제의,놀이,연극",null,2,3,3,null
5,20,394,10892," 표현,예술,그리고시대정신",null,1,3,3,null
5,20,394,10892," 표현,예술,그리고시대정신",null,2,3,3,null
5,20,394,10152, 한국미술의이해,null,1,3,3,null
5,20,394,10152, 한국미술의이해,null,2,3,3,null
5,20,394,11333," 한국사와상상력,스토리텔링",null,1,3,3,null
5,20,394,11333," 한국사와상상력,스토리텔링",null,2,3,3,null
5,20,394,10883, 한국의문화공간과예술,null,1,3,3,null
5,20,394,10883, 한국의문화공간과예술,null,2,3,3,null
5,20,394,10165, 현대미술사,null,1,3,3,null
5,20,394,10165, 현대미술사,null,2,3,3,null
5,20,394,11330, Reading American Popular Culture in the Digital Age,null,1,3,3,null
5,20,394,11330, Reading American Popular Culture in the Digital Age,null,2,3,3,null
5,20,394,10018, 국악의이해,null,1,3,3,null
5,20,394,10018, 국악의이해,null,2,3,3,null
5,20,394,11329, 색채의이해,null,1,3,3,null
5,20,394,11329, 색채의이해,null,2,3,3,null
5,20,394,11263, 예술과기술,null,1,3,3,null
5,20,394,11263, 예술과기술,null,2,3,3,null
5,20,394,11116, Introduction to World Music and Culture,null,1,3,3,null
5,20,394,11116, Introduction to World Music and Culture,null,2,3,3,null
5,20,394,11135, 사물과예술,null,1,3,3,null
5,20,394,11135, 사물과예술,null,2,3,3,null
5,20,395,11190, The Art of Thinking,null,1,3,3,null
5,20,395,11190, The Art of Thinking,null,2,3,3,null
5,20,395,10545, 근대일본과동아시아,null,1,3,3,null
5,20,395,10545, 근대일본과동아시아,null,2,3,3,null
5,20,395,11046, 동서양의인간이해,null,1,3,3,null
5,20,395,11046, 동서양의인간이해,null,2,3,3,null
5,20,395,10034, 동양철학의이해,null,1,3,3,null
5,20,395,10034, 동양철학의이해,null,2,3,3,null
5,20,395,10769, 모던/포스트모던문화읽기,null,1,3,3,null
5,20,395,10769, 모던/포스트모던문화읽기,null,2,3,3,null
5,20,395,11056, 문화로읽는한국사,null,1,3,3,null
5,20,395,11056, 문화로읽는한국사,null,2,3,3,null
5,20,395,11185, 문화와예술을통해본르네상스역사,null,1,3,3,null
5,20,395,11185, 문화와예술을통해본르네상스역사,null,2,3,3,null
5,20,395,10772, 여성과사회정의,null,1,3,3,null
5,20,395,10772, 여성과사회정의,null,2,3,3,null
5,20,395,11054, 연어프로젝트:한국여성나의뿌리를찾아서 ,null,1,3,3,null
5,20,395,11054, 연어프로젝트:한국여성나의뿌리를찾아서 ,null,2,3,3,null
5,20,395,10108, 인간과종교,null,1,3,3,null
5,20,395,10108, 인간과종교,null,2,3,3,null
5,20,395,11041, 인간과철학적사유,null,1,3,3,null
5,20,395,11041, 인간과철학적사유,null,2,3,3,null
5,20,395,11293, 인물로본중국의역사,null,1,3,3,null
5,20,395,11293, 인물로본중국의역사,null,2,3,3,null
5,20,395,10581, 인물로본한국사,null,1,3,3,null
5,20,395,10581, 인물로본한국사,null,2,3,3,null
5,20,395,11078, 젠더와역사,null,1,3,3,null
5,20,395,11078, 젠더와역사,null,2,3,3,null
5,20,395,10767, 종교와문화,null,1,3,3,null
5,20,395,10767, 종교와문화,null,2,3,3,null
5,20,395,11057, 주제로살펴보는서양근현대사,null,1,3,3,null
5,20,395,11057, 주제로살펴보는서양근현대사,null,2,3,3,null
5,20,395,10544, 중국의역사와문화,null,1,3,3,null
5,20,395,10544, 중국의역사와문화,null,2,3,3,null
5,20,395,11297, 질병치료와백신의역사,null,1,3,3,null
5,20,395,11297, 질병치료와백신의역사,null,2,3,3,null
5,20,395,11189, 철학의은유들,null,1,3,3,null
5,20,395,11189, 철학의은유들,null,2,3,3,null
5,20,395,11045, 패러다임전환과비판이론,null,1,3,3,null
5,20,395,11045, 패러다임전환과비판이론,null,2,3,3,null
5,20,395,10149, 한국근현대사 ,null,1,3,3,null
5,20,395,10149, 한국근현대사 ,null,2,3,3,null
5,20,395,11058, 한국사의새로운이해,null,1,3,3,null
5,20,395,11058, 한국사의새로운이해,null,2,3,3,null
5,20,395,11366, 한국의문화유산역사여행,null,1,3,3,null
5,20,395,11366, 한국의문화유산역사여행,null,2,3,3,null
5,20,395,11186, Evolutionary Origin of Humans,null,1,3,3,null
5,20,395,11186, Evolutionary Origin of Humans,null,2,3,3,null
5,20,395,11295, 인공지능시대의과학과종교,null,1,3,3,null
5,20,395,11295, 인공지능시대의과학과종교,null,2,3,3,null
5,20,396,11360, ICT융복합복지와법,null,1,3,3,null
5,20,396,11360, ICT융복합복지와법,null,2,3,3,null
5,20,396,11259, SDGs시대글로벌보건협력:개발도상국의보건의료현황과국제사회의지원 ,null,1,3,3,null
5,20,396,11259, SDGs시대글로벌보건협력:개발도상국의보건의료현황과국제사회의지원 ,null,2,3,3,null
5,20,396,10011, 가족건강과간호,null,1,3,3,null
5,20,396,10011, 가족건강과간호,null,2,3,3,null
5,20,396,10932, 건축으로읽는사회문화사,null,1,3,3,null
5,20,396,10932, 건축으로읽는사회문화사,null,2,3,3,null
5,20,396,10013, 경영과사회,null,1,3,3,null
5,20,396,10013, 경영과사회,null,2,3,3,null
5,20,396,11210, 교육커뮤니케이션의이해와실제,null,1,3,3,null
5,20,396,11210, 교육커뮤니케이션의이해와실제,null,2,3,3,null
5,20,396,10949, 국제구호와개발협력,null,1,3,3,null
5,20,396,10949, 국제구호와개발협력,null,2,3,3,null
5,20,396,10913, 글로벌시대의다문화사회,null,1,3,3,null
5,20,396,10913, 글로벌시대의다문화사회,null,2,3,3,null
5,20,396,10914, 글로벌시대의아시아여성,null,1,3,3,null
5,20,396,10914, 글로벌시대의아시아여성,null,2,3,3,null
5,20,396,11260, 기업과정신과혁신,null,1,3,3,null
5,20,396,11260, 기업과정신과혁신,null,2,3,3,null
5,20,396,10091, 노동과젠더,null,1,3,3,null
5,20,396,10091, 노동과젠더,null,2,3,3,null
5,20,396,11332, 도시공간문화로읽는한국사,null,1,3,3,null
5,20,396,11332, 도시공간문화로읽는한국사,null,2,3,3,null
5,20,396,10886, 동양고전의현대적이해,null,1,3,3,null
5,20,396,10886, 동양고전의현대적이해,null,2,3,3,null
5,20,396,11292, 모방과인간,null,1,3,3,null
5,20,396,11292, 모방과인간,null,2,3,3,null
5,20,396,11193, 법과젠더,null,1,3,3,null
5,20,396,11193, 법과젠더,null,2,3,3,null
5,20,396,10549, 북한정치의이해,null,1,3,3,null
5,20,396,10549, 북한정치의이해,null,2,3,3,null
5,20,396,10548, 북한주민의문화와생활,null,1,3,3,null
5,20,396,10548, 북한주민의문화와생활,null,2,3,3,null
5,20,396,10929, 브레인스펙트럼,null,1,3,3,null
5,20,396,10929, 브레인스펙트럼,null,2,3,3,null
5,20,396,10573, 생명윤리와법,null,1,3,3,null
5,20,396,10573, 생명윤리와법,null,2,3,3,null
5,20,396,10074, 성문화연구,null,1,3,3,null
5,20,396,10074, 성문화연구,null,2,3,3,null
5,20,396,10081, 시민생활과법,null,1,3,3,null
5,20,396,10081, 시민생활과법,null,2,3,3,null
5,20,396,10094, 여성학,null,1,3,3,null
5,20,396,10094, 여성학,null,2,3,3,null
5,20,396,11089, 여행과지리:글로벌화의지역탐색,null,1,3,3,null
5,20,396,11089, 여행과지리:글로벌화의지역탐색,null,2,3,3,null
5,20,396,10908, 영상이미지와젠더,null,1,3,3,null
5,20,396,10908, 영상이미지와젠더,null,2,3,3,null
5,20,396,10904, 우리사회의문제와쟁점찾기,null,1,3,3,null
5,20,396,10904, 우리사회의문제와쟁점찾기,null,2,3,3,null
5,20,396,11358, 인간관계심리,null,1,3,3,null
5,20,396,11358, 인간관계심리,null,2,3,3,null
5,20,396,10109, 인간발달과가족,null,1,3,3,null
5,20,396,10109, 인간발달과가족,null,2,3,3,null
5,20,396,10903, 인간발달과문화의다양성,null,1,3,3,null
5,20,396,10903, 인간발달과문화의다양성,null,2,3,3,null
5,20,396,11114, 인간은왜춤을추는가,null,1,3,3,null
5,20,396,11114, 인간은왜춤을추는가,null,2,3,3,null
5,20,396,11103, 인터넷과법,null,1,3,3,null
5,20,396,11103, 인터넷과법,null,2,3,3,null
5,20,396,11359, 정신건강과행복,null,1,3,3,null
5,20,396,11359, 정신건강과행복,null,2,3,3,null
5,20,396,11104, 죄와벌,null,1,3,3,null
5,20,396,11104, 죄와벌,null,2,3,3,null
5,20,396,10905, 지구촌의사회복지,null,1,3,3,null
5,20,396,10905, 지구촌의사회복지,null,2,3,3,null
5,20,396,11105, 직업세계와법,null,1,3,3,null
5,20,396,11105, 직업세계와법,null,2,3,3,null
5,20,396,11039, 키워드로읽는중국문화,null,1,3,3,null
5,20,396,11039, 키워드로읽는중국문화,null,2,3,3,null
5,20,396,11215, 통합적분쟁이해와조정,null,1,3,3,null
5,20,396,11215, 통합적분쟁이해와조정,null,2,3,3,null
5,20,396,10887, 현대중국의이해,null,1,3,3,null
5,20,396,10887, 현대중국의이해,null,2,3,3,null
5,20,396,11162, Middle Eastern Political Theology: Religious Sources,null,1,3,3,null
5,20,396,11162, Middle Eastern Political Theology: Religious Sources,null,2,3,3,null
5,20,396,11079, 장애와사회,null,1,3,3,null
5,20,396,11079, 장애와사회,null,2,3,3,null
5,20,396,11296, 청춘의아픔과치유:행복인문학,null,1,3,3,null
5,20,396,11296, 청춘의아픔과치유:행복인문학,null,2,3,3,null
5,20,396,10181, 환경과인간,null,1,3,3,null
5,20,396,10181, 환경과인간,null,2,3,3,null
5,20,396,11188, Introduction to Ethnic Conflict and Management,null,1,3,3,null
5,20,396,11188, Introduction to Ethnic Conflict and Management,null,2,3,3,null
5,20,396,11106, 글로벌시민의이해와리더십,null,1,3,3,null
5,20,396,11106, 글로벌시민의이해와리더십,null,2,3,3,null
5,20,396,10933, 대학생의성건강,null,1,3,3,null
5,20,396,10933, 대학생의성건강,null,2,3,3,null
5,20,396,11308, 데이터로고전읽기,null,1,3,3,null
5,20,396,11308, 데이터로고전읽기,null,2,3,3,null
5,20,396,11351, 삶을위한멘탈코칭,null,1,3,3,null
5,20,396,11351, 삶을위한멘탈코칭,null,1,3,3,null
5,20,397,10556, 4차산업혁명과창의융합SW,null,1,3,3,null
5,20,397,10556, 4차산업혁명과창의융합SW,null,2,3,3,null
5,20,397,10930, Behavior of Animals,null,1,3,3,null
5,20,397,10930, Behavior of Animals,null,2,3,3,null
5,20,397,11111, SF영화로배우는철학,null,1,3,3,null
5,20,397,11111, SF영화로배우는철학,null,2,3,3,null
5,20,397,11213, 과학과몸의역사,null,1,3,3,null
5,20,397,11213, 과학과몸의역사,null,2,3,3,null
5,20,397,11155, 과학과허구,null,1,3,3,null
5,20,397,11155, 과학과허구,null,2,3,3,null
5,20,397,11101, 과학문화와커뮤니케이션,null,1,3,3,null
5,20,397,11101, 과학문화와커뮤니케이션,null,2,3,3,null
5,20,397,10776, 글로벌시민을위한과학소양,null,1,3,3,null
5,20,397,10776, 글로벌시민을위한과학소양,null,2,3,3,null
5,20,397,11154, 사물인터넷개론,null,1,3,3,null
5,20,397,11154, 사물인터넷개론,null,2,3,3,null
5,20,397,10052, 약과건강,null,1,3,3,null
5,20,397,10052, 약과건강,null,2,3,3,null
5,20,397,11102," 에너지의이해,이용,실천",null,1,3,3,null
5,20,397,11102," 에너지의이해,이용,실천",null,2,3,3,null
5,20,397,11257, 에피소드로보는과학철학,null,1,3,3,null
5,20,397,11257, 에피소드로보는과학철학,null,2,3,3,null
5,20,397,10910, 위험판단심리학,null,1,3,3,null
5,20,397,10910, 위험판단심리학,null,2,3,3,null
5,20,397,10104, 응용통계입문,null,1,3,3,null
5,20,397,10104, 응용통계입문,null,2,3,3,null
5,20,397,11336, 인공지능과인간,null,1,3,3,null
5,20,397,11336, 인공지능과인간,null,2,3,3,null
5,20,397,11261, 인공지능시대의정보산업이해,null,1,3,3,null
5,20,397,11261, 인공지능시대의정보산업이해,null,2,3,3,null
5,20,397,10559, 인류문명과환경과학,null,1,3,3,null
5,20,397,10559, 인류문명과환경과학,null,2,3,3,null
5,20,397,11156," 자연과의대화,환경생태",null,1,3,3,null
5,20,397,11156," 자연과의대화,환경생태",null,2,3,3,null
5,20,397,11160, 정보기술과미래사회,null,1,3,3,null
5,20,397,11160, 정보기술과미래사회,null,2,3,3,null
5,20,397,10123, 정보사회와인터넷윤리,null,1,3,3,null
5,20,397,10123, 정보사회와인터넷윤리,null,2,3,3,null
5,20,397,11096, 정보화사회와통계,null,1,3,3,null
5,20,397,11096, 정보화사회와통계,null,2,3,3,null
5,20,397,10135, 지구의역사,null,1,3,3,null
5,20,397,10135, 지구의역사,null,2,3,3,null
5,20,397,11042, 컴퓨터와마음,null,1,3,3,null
5,20,397,11042, 컴퓨터와마음,null,2,3,3,null
5,20,397,11152, 콘텐츠컴퓨팅,null,1,3,3,null
5,20,397,11152, 콘텐츠컴퓨팅,null,2,3,3,null
5,20,397,11145, 크리에이티브컴퓨팅,null,1,3,3,null
5,20,397,11145, 크리에이티브컴퓨팅,null,2,3,3,null
5,20,397,10164, 현대물리학과인간사고의변혁,null,1,3,3,null
5,20,397,10164, 현대물리학과인간사고의변혁,null,2,3,3,null
5,20,397,11157, 환경재난과국제협력,null,1,3,3,null
5,20,397,11157, 환경재난과국제협력,null,2,3,3,null
5,20,397,11262, 생활속의미생물,null,1,3,3,null
5,20,397,11262, 생활속의미생물,null,2,3,3,null
5,20,397,11264, 세계의자연유산과지오투어리즘,null,1,3,3,null
5,20,397,11264, 세계의자연유산과지오투어리즘,null,2,3,3,null
5,20,397,11043, 현대사회의기록과정보,null,1,3,3,null
5,20,397,11043, 현대사회의기록과정보,null,2,3,3,null
5,20,397,11187, 빅데이터사회와정보활용,null,1,3,3,null
5,20,397,11187, 빅데이터사회와정보활용,null,2,3,3,null
5,20,397,11098, 주거로보는건축문화,null,1,3,3,null
5,20,397,11098, 주거로보는건축문화,null,2,3,3,null
5,21,399,10023, 기독교와세계,1,1,3,3,null
5,21,399,10023, 기독교와세계,1,2,3,3,null
5,21,400,11352, 통합적사고와글쓰기,1,1,3,2,null
5,21,400,11352, 통합적사고와글쓰기,1,2,3,2,null
5,21,402,10099, Advanced English,1,1,3,3,null
5,21,402,10099, Advanced English,1,2,3,3,null
5,21,403,10563,기본중국어,1,1,3,3,null
5,21,403,10563,기본중국어,1,2,3,3,null
5,21,403,10133,중급중국어,1,1,3,3,null
5,21,403,10133,중급중국어,1,2,3,3,null
5,21,403,10564,기본프랑스어,1,1,3,3,null
5,21,403,10564,기본프랑스어,1,2,3,3,null
5,21,403,10565,중급프랑스어,1,1,3,3,null
5,21,403,10565,중급프랑스어,1,2,3,3,null
5,21,403,10566,기본독일어,1,1,3,3,null
5,21,403,10566,기본독일어,1,2,3,3,null
5,21,403,10130,중급독일어,1,1,3,3,null
5,21,403,10130,중급독일어,1,2,3,3,null
5,21,403,10570,기본일본어,1,1,3,3,null
5,21,403,10570,기본일본어,1,2,3,3,null
5,21,403,10132,중급일본어,1,1,3,3,null
5,21,403,10132,중급일본어,1,2,3,3,null
5,21,403,10571,기본스페인어,1,1,3,3,null
5,21,403,10571,기본스페인어,1,2,3,3,null
5,21,403,10665,중급스페인어,1,1,3,3,null
5,21,403,10665,중급스페인어,1,2,3,3,null
5,21,403,10572,기본러시아어,1,1,3,3,null
5,21,403,10572,기본러시아어,1,2,3,3,null
5,21,401,11208, IT융합설계개론,null,1,3,3,null
5,21,401,11208, IT융합설계개론,null,2,3,3,null
5,21,401,11206, 계산의기초와융합적문제해결,null,1,3,3,null
5,21,401,11206, 계산의기초와융합적문제해결,null,2,3,3,null
5,21,401,11204, 논리와컴퓨터,null,1,3,3,null
5,21,401,11204, 논리와컴퓨터,null,2,3,3,null
5,21,401,11357, 데이터컨버전스와법,null,1,3,3,null
5,21,401,11357, 데이터컨버전스와법,null,2,3,3,null
5,21,401,11373, 데이터컴퓨팅,null,1,3,3,null
5,21,401,11373, 데이터컴퓨팅,null,2,3,3,null
5,21,401,11356, 리눅스와시스템적사고,null,1,3,3,null
5,21,401,11356, 리눅스와시스템적사고,null,2,3,3,null
5,21,401,11309, 문제해결과SW프로그래밍,null,1,3,3,null
5,21,401,11309, 문제해결과SW프로그래밍,null,2,3,3,null
5,21,401,11365, 빅데이터와젠더,null,1,3,3,null
5,21,401,11365, 빅데이터와젠더,null,2,3,3,null
5,21,401,11367, 사회문제해결을위한R프로그래밍기초,null,1,3,3,null
5,21,401,11367, 사회문제해결을위한R프로그래밍기초,null,2,3,3,null
5,21,401,11233, 음악테크놀로지와프로그래밍,null,1,3,3,null
5,21,401,11233, 음악테크놀로지와프로그래밍,null,2,3,3,null
5,21,401,11368, 정보와인공지능의수리적이해,null,1,3,3,null
5,21,401,11368, 정보와인공지능의수리적이해,null,2,3,3,null
5,21,401,11205, 컴퓨터과학적인식과문제해결,null,1,3,3,null
5,21,401,11205, 컴퓨터과학적인식과문제해결,null,2,3,3,null
5,21,401,11374, 컴퓨터보안과윈도우포렌식,null,1,3,3,null
5,21,401,11374, 컴퓨터보안과윈도우포렌식,null,2,3,3,null
5,21,401,11362, 컴퓨터속의우주,null,1,3,3,null
5,21,401,11362, 컴퓨터속의우주,null,2,3,3,null
5,21,401,11369, 컴퓨터식문제해결기법,null,1,3,3,null
5,21,401,11369, 컴퓨터식문제해결기법,null,2,3,3,null
5,21,401,11232, 컴퓨터적사고와이해,null,1,3,3,null
5,21,401,11232, 컴퓨터적사고와이해,null,2,3,3,null
5,21,401,11234, 컴퓨터적사고와조형적활용,null,1,3,3,null
5,21,401,11234, 컴퓨터적사고와조형적활용,null,2,3,3,null
5,21,401,11211, 컴퓨팅적사고와프로그래밍,null,1,3,3,null
5,21,401,11211, 컴퓨팅적사고와프로그래밍,null,2,3,3,null
5,21,401,11364, 푸드테크시대의음식과디자인,null,1,3,3,null
5,21,401,11364, 푸드테크시대의음식과디자인,null,2,3,3,null
5,21,401,11207, 프로그래밍과통계적사고,null,1,3,3,null
5,21,401,11207, 프로그래밍과통계적사고,null,2,3,3,null
5,21,401,11361, 프로그래밍을위한컴퓨팅적사고,null,1,3,3,null
5,21,401,11361, 프로그래밍을위한컴퓨팅적사고,null,2,3,3,null
5,21,404,11053, 21세기사회와문학의대화,null,1,3,3,null
5,21,404,11053, 21세기사회와문학의대화,null,2,3,3,null
5,21,404,11334, Critical and Creative Textual Studies,null,1,3,3,null
5,21,404,11334, Critical and Creative Textual Studies,null,2,3,3,null
5,21,404,11183, The Story of Human Language,null,1,3,3,null
5,21,404,11183, The Story of Human Language,null,2,3,3,null
5,21,404,11165, Topics in Multiethnic American Literature,null,1,3,3,null
5,21,404,11165, Topics in Multiethnic American Literature,null,2,3,3,null
5,21,404,11112, 다매체시대의비교문학,null,1,3,3,null
5,21,404,11112, 다매체시대의비교문학,null,2,3,3,null
5,21,404,11108, 동아시아문학으로문화읽기,null,1,3,3,null
5,21,404,11108, 동아시아문학으로문화읽기,null,2,3,3,null
5,21,404,11038, 디지털미디어시대의동아시아문자,null,1,3,3,null
5,21,404,11038, 디지털미디어시대의동아시아문자,null,2,3,3,null
5,21,404,10041, 문학과삶,null,1,3,3,null
5,21,404,10041, 문학과삶,null,2,3,3,null
5,21,404,10654, 문학과영화,null,1,3,3,null
5,21,404,10654, 문학과영화,null,2,3,3,null
5,21,404,11148, 문학으로보는사랑의역사,null,1,3,3,null
5,21,404,11148, 문학으로보는사랑의역사,null,2,3,3,null
5,21,404,11184, 문학으로함께배우는매체/이야기,null,1,3,3,null
5,21,404,11184, 문학으로함께배우는매체/이야기,null,2,3,3,null
5,21,404,11146, 문화로읽는현대시의세계,null,1,3,3,null
5,21,404,11146, 문화로읽는현대시의세계,null,1,3,3,null
5,21,404,11147, 사이언스픽션의이해,null,1,3,3,null
5,21,404,11147, 사이언스픽션의이해,null,2,3,3,null
5,21,404,11297, 생태와문학,null,1,3,3,null
5,21,404,11297, 생태와문학,null,2,3,3,null
5,21,404,10768, 신화·상상력·문화,null,1,3,3,null
5,21,404,10768, 신화·상상력·문화,null,2,3,3,null
5,21,404,11109, 여행문학과세계인식,null,1,3,3,null
5,21,404,11109, 여행문학과세계인식,null,2,3,3,null
5,21,404,10882, 인간과언어,null,1,3,3,null
5,21,404,10882, 인간과언어,null,2,3,3,null
5,21,404,11258, 자연과문학,null,1,3,3,null
5,21,404,11258, 자연과문학,null,2,3,3,null
5,21,404,10543, 한국현대시와삶읽기,null,1,3,3,null
5,21,404,10543, 한국현대시와삶읽기,null,2,3,3,null
5,21,404,11134, 현대영어권문학의동향,null,1,3,3,null
5,21,404,11134, 현대영어권문학의동향,null,2,3,3,null
5,21,404,10896, 환상문학의세계,null,1,3,3,null
5,21,404,10896, 환상문학의세계,null,2,3,3,null
5,21,404,10950, 디지털스토리텔링의이해,null,1,3,3,null
5,21,404,10950, 디지털스토리텔링의이해,null,2,3,3,null
5,21,405,11107, 21세기의예술과인간,null,1,3,3,null
5,21,405,11107, 21세기의예술과인간,null,2,3,3,null
5,21,405,11164, Contemporary Photography,null,1,3,3,null
5,21,405,11164, Contemporary Photography,null,2,3,3,null
5,21,405,10033, 동양미술의이해,null,1,3,3,null
5,21,405,10033, 동양미술의이해,null,2,3,3,null
5,21,405,10778, 디지털매체와예술,null,1,3,3,null
5,21,405,10778, 디지털매체와예술,null,2,3,3,null
5,21,405,10576, 무용의이해,null,1,3,3,null
5,21,405,10576, 무용의이해,null,2,3,3,null
5,21,405,11153, 문화콘텐츠기획의이해,null,1,3,3,null
5,21,405,11153, 문화콘텐츠기획의이해,null,2,3,3,null
5,21,405,11328, 미술로치유하는마음,null,1,3,3,null
5,21,405,11328, 미술로치유하는마음,null,2,3,3,null
5,21,405,11083, 미학과미술,null,1,3,3,null
5,21,405,11083, 미학과미술,null,2,3,3,null
5,21,405,10072, 서양미술의이해,null,1,3,3,null
5,21,405,10072, 서양미술의이해,null,2,3,3,null
5,21,405,10073, 서양음악의이해,null,1,3,3,null
5,21,405,10073, 서양음악의이해,null,2,3,3,null
5,21,405,11084, 시각문화로서미술작품읽기,null,1,3,3,null
5,21,405,11084, 시각문화로서미술작품읽기,null,2,3,3,null
5,21,405,11209, 시각적사고를통한일상의문화와트랜드,null,1,3,3,null
5,21,405,11209, 시각적사고를통한일상의문화와트랜드,null,2,3,3,null
5,21,405,10090, 여성과예술,null,1,3,3,null
5,21,405,10090, 여성과예술,null,2,3,3,null
5,21,405,11113, 여성의몸과창조적움직임,null,1,3,3,null
5,21,405,11113, 여성의몸과창조적움직임,null,2,3,3,null
5,21,405,10097, 연극의이론과실제,null,1,3,3,null
5,21,405,10097, 연극의이론과실제,null,2,3,3,null
5,21,405,11110, 예술가와그의시대,null,1,3,3,null
5,21,405,11110, 예술가와그의시대,null,2,3,3,null
5,21,405,10100, 예술과사상,null,1,3,3,null
5,21,405,10100, 예술과사상,null,2,3,3,null
5,21,405,11055, 옛시와그림의만남,null,1,3,3,null
5,21,405,11055, 옛시와그림의만남,null,2,3,3,null
5,21,405,11265, 음악과건강,null,1,3,3,null
5,21,405,11265, 음악과건강,null,2,3,3,null
5,21,405,11075, 창조와상상의기술,null,1,3,3,null
5,21,405,11075, 창조와상상의기술,null,2,3,3,null
5,21,405,11035," 퍼포먼스인문학:제의,놀이,연극",null,1,3,3,null
5,21,405,11035," 퍼포먼스인문학:제의,놀이,연극",null,2,3,3,null
5,21,405,10892," 표현,예술,그리고시대정신",null,1,3,3,null
5,21,405,10892," 표현,예술,그리고시대정신",null,2,3,3,null
5,21,405,10152, 한국미술의이해,null,1,3,3,null
5,21,405,10152, 한국미술의이해,null,2,3,3,null
5,21,405,11333," 한국사와상상력,스토리텔링",null,1,3,3,null
5,21,405,11333," 한국사와상상력,스토리텔링",null,2,3,3,null
5,21,405,10883, 한국의문화공간과예술,null,1,3,3,null
5,21,405,10883, 한국의문화공간과예술,null,2,3,3,null
5,21,405,10165, 현대미술사,null,1,3,3,null
5,21,405,10165, 현대미술사,null,2,3,3,null
5,21,405,11330, Reading American Popular Culture in the Digital Age,null,1,3,3,null
5,21,405,11330, Reading American Popular Culture in the Digital Age,null,2,3,3,null
5,21,405,10018, 국악의이해,null,1,3,3,null
5,21,405,10018, 국악의이해,null,2,3,3,null
5,21,405,11329, 색채의이해,null,1,3,3,null
5,21,405,11329, 색채의이해,null,2,3,3,null
5,21,405,11263, 예술과기술,null,1,3,3,null
5,21,405,11263, 예술과기술,null,2,3,3,null
5,21,405,11116, Introduction to World Music and Culture,null,1,3,3,null
5,21,405,11116, Introduction to World Music and Culture,null,2,3,3,null
5,21,405,11135, 사물과예술,null,1,3,3,null
5,21,405,11135, 사물과예술,null,2,3,3,null
5,21,406,11190, The Art of Thinking,null,1,3,3,null
5,21,406,11190, The Art of Thinking,null,2,3,3,null
5,21,406,10545, 근대일본과동아시아,null,1,3,3,null
5,21,406,10545, 근대일본과동아시아,null,2,3,3,null
5,21,406,11046, 동서양의인간이해,null,1,3,3,null
5,21,406,11046, 동서양의인간이해,null,2,3,3,null
5,21,406,10034, 동양철학의이해,null,1,3,3,null
5,21,406,10034, 동양철학의이해,null,2,3,3,null
5,21,406,10769, 모던/포스트모던문화읽기,null,1,3,3,null
5,21,406,10769, 모던/포스트모던문화읽기,null,2,3,3,null
5,21,406,11056, 문화로읽는한국사,null,1,3,3,null
5,21,406,11056, 문화로읽는한국사,null,2,3,3,null
5,21,406,11185, 문화와예술을통해본르네상스역사,null,1,3,3,null
5,21,406,11185, 문화와예술을통해본르네상스역사,null,2,3,3,null
5,21,406,10772, 여성과사회정의,null,1,3,3,null
5,21,406,10772, 여성과사회정의,null,2,3,3,null
5,21,406,11054, 연어프로젝트:한국여성나의뿌리를찾아서 ,null,1,3,3,null
5,21,406,11054, 연어프로젝트:한국여성나의뿌리를찾아서 ,null,2,3,3,null
5,21,406,10108, 인간과종교,null,1,3,3,null
5,21,406,10108, 인간과종교,null,2,3,3,null
5,21,406,11041, 인간과철학적사유,null,1,3,3,null
5,21,406,11041, 인간과철학적사유,null,2,3,3,null
5,21,406,11293, 인물로본중국의역사,null,1,3,3,null
5,21,406,11293, 인물로본중국의역사,null,2,3,3,null
5,21,406,10581, 인물로본한국사,null,1,3,3,null
5,21,406,10581, 인물로본한국사,null,2,3,3,null
5,21,406,11078, 젠더와역사,null,1,3,3,null
5,21,406,11078, 젠더와역사,null,2,3,3,null
5,21,406,10767, 종교와문화,null,1,3,3,null
5,21,406,10767, 종교와문화,null,2,3,3,null
5,21,406,11057, 주제로살펴보는서양근현대사,null,1,3,3,null
5,21,406,11057, 주제로살펴보는서양근현대사,null,2,3,3,null
5,21,406,10544, 중국의역사와문화,null,1,3,3,null
5,21,406,10544, 중국의역사와문화,null,2,3,3,null
5,21,406,11297, 질병치료와백신의역사,null,1,3,3,null
5,21,406,11297, 질병치료와백신의역사,null,2,3,3,null
5,21,406,11189, 철학의은유들,null,1,3,3,null
5,21,406,11189, 철학의은유들,null,2,3,3,null
5,21,406,11045, 패러다임전환과비판이론,null,1,3,3,null
5,21,406,11045, 패러다임전환과비판이론,null,2,3,3,null
5,21,406,10149, 한국근현대사 ,null,1,3,3,null
5,21,406,10149, 한국근현대사 ,null,2,3,3,null
5,21,406,11058, 한국사의새로운이해,null,1,3,3,null
5,21,406,11058, 한국사의새로운이해,null,2,3,3,null
5,21,406,11366, 한국의문화유산역사여행,null,1,3,3,null
5,21,406,11366, 한국의문화유산역사여행,null,2,3,3,null
5,21,406,11186, Evolutionary Origin of Humans,null,1,3,3,null
5,21,406,11186, Evolutionary Origin of Humans,null,2,3,3,null
5,21,406,11295, 인공지능시대의과학과종교,null,1,3,3,null
5,21,406,11295, 인공지능시대의과학과종교,null,2,3,3,null
5,21,407,11360, ICT융복합복지와법,null,1,3,3,null
5,21,407,11360, ICT융복합복지와법,null,2,3,3,null
5,21,407,11259, SDGs시대글로벌보건협력:개발도상국의보건의료현황과국제사회의지원 ,null,1,3,3,null
5,21,407,11259, SDGs시대글로벌보건협력:개발도상국의보건의료현황과국제사회의지원 ,null,2,3,3,null
5,21,407,10011, 가족건강과간호,null,1,3,3,null
5,21,407,10011, 가족건강과간호,null,2,3,3,null
5,21,407,10932, 건축으로읽는사회문화사,null,1,3,3,null
5,21,407,10932, 건축으로읽는사회문화사,null,2,3,3,null
5,21,407,10013, 경영과사회,null,1,3,3,null
5,21,407,10013, 경영과사회,null,2,3,3,null
5,21,407,11210, 교육커뮤니케이션의이해와실제,null,1,3,3,null
5,21,407,11210, 교육커뮤니케이션의이해와실제,null,2,3,3,null
5,21,407,10949, 국제구호와개발협력,null,1,3,3,null
5,21,407,10949, 국제구호와개발협력,null,2,3,3,null
5,21,407,10913, 글로벌시대의다문화사회,null,1,3,3,null
5,21,407,10913, 글로벌시대의다문화사회,null,2,3,3,null
5,21,407,10914, 글로벌시대의아시아여성,null,1,3,3,null
5,21,407,10914, 글로벌시대의아시아여성,null,2,3,3,null
5,21,407,11260, 기업과정신과혁신,null,1,3,3,null
5,21,407,11260, 기업과정신과혁신,null,2,3,3,null
5,21,407,10091, 노동과젠더,null,1,3,3,null
5,21,407,10091, 노동과젠더,null,2,3,3,null
5,21,407,11332, 도시공간문화로읽는한국사,null,1,3,3,null
5,21,407,11332, 도시공간문화로읽는한국사,null,2,3,3,null
5,21,407,10886, 동양고전의현대적이해,null,1,3,3,null
5,21,407,10886, 동양고전의현대적이해,null,2,3,3,null
5,21,407,11292, 모방과인간,null,1,3,3,null
5,21,407,11292, 모방과인간,null,2,3,3,null
5,21,407,11193, 법과젠더,null,1,3,3,null
5,21,407,11193, 법과젠더,null,2,3,3,null
5,21,407,10549, 북한정치의이해,null,1,3,3,null
5,21,407,10549, 북한정치의이해,null,2,3,3,null
5,21,407,10548, 북한주민의문화와생활,null,1,3,3,null
5,21,407,10548, 북한주민의문화와생활,null,2,3,3,null
5,21,407,10929, 브레인스펙트럼,null,1,3,3,null
5,21,407,10929, 브레인스펙트럼,null,2,3,3,null
5,21,407,10573, 생명윤리와법,null,1,3,3,null
5,21,407,10573, 생명윤리와법,null,2,3,3,null
5,21,407,10074, 성문화연구,null,1,3,3,null
5,21,407,10074, 성문화연구,null,2,3,3,null
5,21,407,10081, 시민생활과법,null,1,3,3,null
5,21,407,10081, 시민생활과법,null,2,3,3,null
5,21,407,10094, 여성학,null,1,3,3,null
5,21,407,10094, 여성학,null,2,3,3,null
5,21,407,11089, 여행과지리:글로벌화의지역탐색,null,1,3,3,null
5,21,407,11089, 여행과지리:글로벌화의지역탐색,null,2,3,3,null
5,21,407,10908, 영상이미지와젠더,null,1,3,3,null
5,21,407,10908, 영상이미지와젠더,null,2,3,3,null
5,21,407,10904, 우리사회의문제와쟁점찾기,null,1,3,3,null
5,21,407,10904, 우리사회의문제와쟁점찾기,null,2,3,3,null
5,21,407,11358, 인간관계심리,null,1,3,3,null
5,21,407,11358, 인간관계심리,null,2,3,3,null
5,21,407,10109, 인간발달과가족,null,1,3,3,null
5,21,407,10109, 인간발달과가족,null,2,3,3,null
5,21,407,10903, 인간발달과문화의다양성,null,1,3,3,null
5,21,407,10903, 인간발달과문화의다양성,null,2,3,3,null
5,21,407,11114, 인간은왜춤을추는가,null,1,3,3,null
5,21,407,11114, 인간은왜춤을추는가,null,2,3,3,null
5,21,407,11103, 인터넷과법,null,1,3,3,null
5,21,407,11103, 인터넷과법,null,2,3,3,null
5,21,407,11359, 정신건강과행복,null,1,3,3,null
5,21,407,11359, 정신건강과행복,null,2,3,3,null
5,21,407,11104, 죄와벌,null,1,3,3,null
5,21,407,11104, 죄와벌,null,2,3,3,null
5,21,407,10905, 지구촌의사회복지,null,1,3,3,null
5,21,407,10905, 지구촌의사회복지,null,2,3,3,null
5,21,407,11105, 직업세계와법,null,1,3,3,null
5,21,407,11105, 직업세계와법,null,2,3,3,null
5,21,407,11039, 키워드로읽는중국문화,null,1,3,3,null
5,21,407,11039, 키워드로읽는중국문화,null,2,3,3,null
5,21,407,11215, 통합적분쟁이해와조정,null,1,3,3,null
5,21,407,11215, 통합적분쟁이해와조정,null,2,3,3,null
5,21,407,10887, 현대중국의이해,null,1,3,3,null
5,21,407,10887, 현대중국의이해,null,2,3,3,null
5,21,407,11162, Middle Eastern Political Theology: Religious Sources,null,1,3,3,null
5,21,407,11162, Middle Eastern Political Theology: Religious Sources,null,2,3,3,null
5,21,407,11079, 장애와사회,null,1,3,3,null
5,21,407,11079, 장애와사회,null,2,3,3,null
5,21,407,11296, 청춘의아픔과치유:행복인문학,null,1,3,3,null
5,21,407,11296, 청춘의아픔과치유:행복인문학,null,2,3,3,null
5,21,407,10181, 환경과인간,null,1,3,3,null
5,21,407,10181, 환경과인간,null,2,3,3,null
5,21,407,11188, Introduction to Ethnic Conflict and Management,null,1,3,3,null
5,21,407,11188, Introduction to Ethnic Conflict and Management,null,2,3,3,null
5,21,407,11106, 글로벌시민의이해와리더십,null,1,3,3,null
5,21,407,11106, 글로벌시민의이해와리더십,null,2,3,3,null
5,21,407,10933, 대학생의성건강,null,1,3,3,null
5,21,407,10933, 대학생의성건강,null,2,3,3,null
5,21,407,11308, 데이터로고전읽기,null,1,3,3,null
5,21,407,11308, 데이터로고전읽기,null,2,3,3,null
5,21,407,11351, 삶을위한멘탈코칭,null,1,3,3,null
5,21,407,11351, 삶을위한멘탈코칭,null,1,3,3,null
5,21,408,10556, 4차산업혁명과창의융합SW,null,1,3,3,null
5,21,408,10556, 4차산업혁명과창의융합SW,null,2,3,3,null
5,21,408,10930, Behavior of Animals,null,1,3,3,null
5,21,408,10930, Behavior of Animals,null,2,3,3,null
5,21,408,11111, SF영화로배우는철학,null,1,3,3,null
5,21,408,11111, SF영화로배우는철학,null,2,3,3,null
5,21,408,11213, 과학과몸의역사,null,1,3,3,null
5,21,408,11213, 과학과몸의역사,null,2,3,3,null
5,21,408,11155, 과학과허구,null,1,3,3,null
5,21,408,11155, 과학과허구,null,2,3,3,null
5,21,408,11101, 과학문화와커뮤니케이션,null,1,3,3,null
5,21,408,11101, 과학문화와커뮤니케이션,null,2,3,3,null
5,21,408,10776, 글로벌시민을위한과학소양,null,1,3,3,null
5,21,408,10776, 글로벌시민을위한과학소양,null,2,3,3,null
5,21,408,11154, 사물인터넷개론,null,1,3,3,null
5,21,408,11154, 사물인터넷개론,null,2,3,3,null
5,21,408,10052, 약과건강,null,1,3,3,null
5,21,408,10052, 약과건강,null,2,3,3,null
5,21,408,11102," 에너지의이해,이용,실천",null,1,3,3,null
5,21,408,11102," 에너지의이해,이용,실천",null,2,3,3,null
5,21,408,11257, 에피소드로보는과학철학,null,1,3,3,null
5,21,408,11257, 에피소드로보는과학철학,null,2,3,3,null
5,21,408,10910, 위험판단심리학,null,1,3,3,null
5,21,408,10910, 위험판단심리학,null,2,3,3,null
5,21,408,10104, 응용통계입문,null,1,3,3,null
5,21,408,10104, 응용통계입문,null,2,3,3,null
5,21,408,11336, 인공지능과인간,null,1,3,3,null
5,21,408,11336, 인공지능과인간,null,2,3,3,null
5,21,408,11261, 인공지능시대의정보산업이해,null,1,3,3,null
5,21,408,11261, 인공지능시대의정보산업이해,null,2,3,3,null
5,21,408,10559, 인류문명과환경과학,null,1,3,3,null
5,21,408,10559, 인류문명과환경과학,null,2,3,3,null
5,21,408,11156," 자연과의대화,환경생태",null,1,3,3,null
5,21,408,11156," 자연과의대화,환경생태",null,2,3,3,null
5,21,408,11160, 정보기술과미래사회,null,1,3,3,null
5,21,408,11160, 정보기술과미래사회,null,2,3,3,null
5,21,408,10123, 정보사회와인터넷윤리,null,1,3,3,null
5,21,408,10123, 정보사회와인터넷윤리,null,2,3,3,null
5,21,408,11096, 정보화사회와통계,null,1,3,3,null
5,21,408,11096, 정보화사회와통계,null,2,3,3,null
5,21,408,10135, 지구의역사,null,1,3,3,null
5,21,408,10135, 지구의역사,null,2,3,3,null
5,21,408,11042, 컴퓨터와마음,null,1,3,3,null
5,21,408,11042, 컴퓨터와마음,null,2,3,3,null
5,21,408,11152, 콘텐츠컴퓨팅,null,1,3,3,null
5,21,408,11152, 콘텐츠컴퓨팅,null,2,3,3,null
5,21,408,11145, 크리에이티브컴퓨팅,null,1,3,3,null
5,21,408,11145, 크리에이티브컴퓨팅,null,2,3,3,null
5,21,408,10164, 현대물리학과인간사고의변혁,null,1,3,3,null
5,21,408,10164, 현대물리학과인간사고의변혁,null,2,3,3,null
5,21,408,11157, 환경재난과국제협력,null,1,3,3,null
5,21,408,11157, 환경재난과국제협력,null,2,3,3,null
5,21,408,11262, 생활속의미생물,null,1,3,3,null
5,21,408,11262, 생활속의미생물,null,2,3,3,null
5,21,408,11264, 세계의자연유산과지오투어리즘,null,1,3,3,null
5,21,408,11264, 세계의자연유산과지오투어리즘,null,2,3,3,null
5,21,408,11043, 현대사회의기록과정보,null,1,3,3,null
5,21,408,11043, 현대사회의기록과정보,null,2,3,3,null
5,21,408,11187, 빅데이터사회와정보활용,null,1,3,3,null
5,21,408,11187, 빅데이터사회와정보활용,null,2,3,3,null
5,21,408,11098, 주거로보는건축문화,null,1,3,3,null
5,21,408,11098, 주거로보는건축문화,null,2,3,3,null
5,20,398,33981,독문법연습,1,1,3,3,null
5,20,398,37307,독일어권문학의이해,1,1,3,3,null
5,20,398,35250,독일어회화1,1,1,3,3,null
5,20,398,38102,독일어구문연습,1,2,3,3,null
5,20,398,35253,독일어회화2,1,2,3,3,null
5,20,398,36830,독일어권예술과문화의흐름,2,1,3,3,null
5,20,398,38105,독일어작문,2,1,3,3,null
5,20,398,38301,독일어청취연습,2,1,3,3,null
5,20,398,36832,문학텍스트분석의기초,2,1,3,3,null
5,20,398,35258,독일드라마,2,2,3,3,null
5,20,398,38103,독일어문장구조의이해,2,2,3,3,null
5,20,398,38104,독일텍스트읽기,2,2,3,3,null
5,20,398,33547,유럽속의독일문화,2,2,3,3,null
5,20,398,38111,독문전공설계심화1,3,1,null,3,null
5,20,398,38112,독문전공설계심화2,3,1,null,3,null
5,20,398,38111,독문전공설계심화1,3,2,null,3,null
5,20,398,38112,독문전공설계심화2,3,2,null,3,null
5,20,398,38107,독일고전영화,3,1,3,3,null
5,20,398,38304,독일도시와인문학,3,1,3,3,null
5,20,398,38303,독일문학과사회,3,1,3,3,null
5,20,398,35249,독일소설읽기,3,1,3,3,null
5,20,398,38302,독일언어학의기초,3,1,3,3,null
5,20,398,38108,독일현대영화,3,1,3,3,null
5,20,398,38305,문화번역의실제,3,1,3,3,null
5,20,398,36833,독일고전문학,3,2,3,3,null
5,20,398,38287,독일어권공연예술이론,3,2,3,3,null
5,20,398,38306,독일어권음악기행,3,2,3,3,null
5,20,398,37200,독일언어와문화,3,2,3,3,null
5,20,398,38288,독일지역학번역연습,3,2,3,3,null
5,20,398,36834,독일현대문학,3,2,3,3,null
5,20,398,37725,독문인턴십1,4,1,null,1,null
5,20,398,37726,독문인턴십2,4,1,null,2,null
5,20,398,37727,독문인턴십3,4,1,null,3,null
5,20,398,37725,독문인턴십1,4,2,null,1,null
5,20,398,37726,독문인턴십2,4,2,null,2,null
5,20,398,37727,독문인턴십3,4,2,null,3,null
5,20,398,36141,독일문학특수주제연구,4,1,3,3,null
5,20,398,35266,독일문화비평,4,1,3,3,null
5,20,398,38307,독일문화특수주제연구,4,1,3,3,null
5,20,398,38308,문화콘텐츠와독일어프리젠테이션,4,1,3,3,null
5,20,398,38114,영독번역연습,4,1,3,3,null
5,20,398,33649,현대독일미학,4,1,3,3,null
5,20,398,35320,독일문화와여성,4,2,3,3,null
5,20,398,38295,독일어권매체문화학,4,2,3,3,null
5,20,398,38289,독일어권미디어와언어,4,2,3,3,null
5,20,398,38309,세기전환기독일어권문학과예술,4,2,3,3,null
5,20,398,38310,지역학기반영독통역연습캡스톤디자인,4,2,3,3,null
5,20,398,37203,한독비교문학연구,4,2,3,3,null
5,21,409,33981,독문법연습,1,1,3,3,null
5,21,409,37307,독일어권문학의이해,1,1,3,3,null
5,21,409,35250,독일어회화1,1,1,3,3,null
5,21,409,38102,독일어구문연습,1,2,3,3,null
5,21,409,35253,독일어회화2,1,2,3,3,null
5,21,409,36830,독일어권예술과문화의흐름,2,1,3,3,null
5,21,409,38105,독일어작문,2,1,3,3,null
5,21,409,38301,독일어청취연습,2,1,3,3,null
5,21,409,36832,문학텍스트분석의기초,2,1,3,3,null
5,21,409,35258,독일드라마,2,2,3,3,null
5,21,409,38103,독일어문장구조의이해,2,2,3,3,null
5,21,409,38104,독일텍스트읽기,2,2,3,3,null
5,21,409,33547,유럽속의독일문화,2,2,3,3,null
5,21,409,38111,독문전공설계심화1,3,1,null,3,null
5,21,409,38112,독문전공설계심화2,3,1,null,3,null
5,21,409,38111,독문전공설계심화1,3,2,null,3,null
5,21,409,38112,독문전공설계심화2,3,2,null,3,null
5,21,409,38107,독일고전영화,3,1,3,3,null
5,21,409,38304,독일도시와인문학,3,1,3,3,null
5,21,409,38303,독일문학과사회,3,1,3,3,null
5,21,409,35249,독일소설읽기,3,1,3,3,null
5,21,409,38302,독일언어학의기초,3,1,3,3,null
5,21,409,38108,독일현대영화,3,1,3,3,null
5,21,409,38305,문화번역의실제,3,1,3,3,null
5,21,409,36833,독일고전문학,3,2,3,3,null
5,21,409,38287,독일어권공연예술이론,3,2,3,3,null
5,21,409,38306,독일어권음악기행,3,2,3,3,null
5,21,409,37200,독일언어와문화,3,2,3,3,null
5,21,409,38288,독일지역학번역연습,3,2,3,3,null
5,21,409,36834,독일현대문학,3,2,3,3,null
5,21,409,37725,독문인턴십1,4,1,null,1,null
5,21,409,37726,독문인턴십2,4,1,null,2,null
5,21,409,37727,독문인턴십3,4,1,null,3,null
5,21,409,37725,독문인턴십1,4,2,null,1,null
5,21,409,37726,독문인턴십2,4,2,null,2,null
5,21,409,37727,독문인턴십3,4,2,null,3,null
5,21,409,36141,독일문학특수주제연구,4,1,3,3,null
5,21,409,35266,독일문화비평,4,1,3,3,null
5,21,409,38307,독일문화특수주제연구,4,1,3,3,null
5,21,409,38308,문화콘텐츠와독일어프리젠테이션,4,1,3,3,null
5,21,409,38114,영독번역연습,4,1,3,3,null
5,21,409,33649,현대독일미학,4,1,3,3,null
5,21,409,35320,독일문화와여성,4,2,3,3,null
5,21,409,38295,독일어권매체문화학,4,2,3,3,null
5,21,409,38289,독일어권미디어와언어,4,2,3,3,null
5,21,409,38309,세기전환기독일어권문학과예술,4,2,3,3,null
5,21,409,38310,지역학기반영독통역연습캡스톤디자인,4,2,3,3,null
5,21,409,37203,한독비교문학연구,4,2,3,3,null
6,20,410,10023, 기독교와세계,1,1,3,3,null
6,20,410,10023, 기독교와세계,1,2,3,3,null
6,20,411,11352, 통합적사고와글쓰기,1,1,3,2,null
6,20,411,11352, 통합적사고와글쓰기,1,2,3,2,null
6,20,413,10099, Advanced English,1,1,3,3,null
6,20,413,10099, Advanced English,1,2,3,3,null
6,20,414,10563,기본중국어,1,1,3,3,null
6,20,414,10563,기본중국어,1,2,3,3,null
6,20,414,10133,중급중국어,1,1,3,3,null
6,20,414,10133,중급중국어,1,2,3,3,null
6,20,414,10564,기본프랑스어,1,1,3,3,null
6,20,414,10564,기본프랑스어,1,2,3,3,null
6,20,414,10565,중급프랑스어,1,1,3,3,null
6,20,414,10565,중급프랑스어,1,2,3,3,null
6,20,414,10566,기본독일어,1,1,3,3,null
6,20,414,10566,기본독일어,1,2,3,3,null
6,20,414,10130,중급독일어,1,1,3,3,null
6,20,414,10130,중급독일어,1,2,3,3,null
6,20,414,10570,기본일본어,1,1,3,3,null
6,20,414,10570,기본일본어,1,2,3,3,null
6,20,414,10132,중급일본어,1,1,3,3,null
6,20,414,10132,중급일본어,1,2,3,3,null
6,20,414,10571,기본스페인어,1,1,3,3,null
6,20,414,10571,기본스페인어,1,2,3,3,null
6,20,414,10665,중급스페인어,1,1,3,3,null
6,20,414,10665,중급스페인어,1,2,3,3,null
6,20,414,10572,기본러시아어,1,1,3,3,null
6,20,414,10572,기본러시아어,1,2,3,3,null
6,20,412,11208, IT융합설계개론,null,1,3,3,null
6,20,412,11208, IT융합설계개론,null,2,3,3,null
6,20,412,11206, 계산의기초와융합적문제해결,null,1,3,3,null
6,20,412,11206, 계산의기초와융합적문제해결,null,2,3,3,null
6,20,412,11204, 논리와컴퓨터,null,1,3,3,null
6,20,412,11204, 논리와컴퓨터,null,2,3,3,null
6,20,412,11357, 데이터컨버전스와법,null,1,3,3,null
6,20,412,11357, 데이터컨버전스와법,null,2,3,3,null
6,20,412,11373, 데이터컴퓨팅,null,1,3,3,null
6,20,412,11373, 데이터컴퓨팅,null,2,3,3,null
6,20,412,11356, 리눅스와시스템적사고,null,1,3,3,null
6,20,412,11356, 리눅스와시스템적사고,null,2,3,3,null
6,20,412,11309, 문제해결과SW프로그래밍,null,1,3,3,null
6,20,412,11309, 문제해결과SW프로그래밍,null,2,3,3,null
6,20,412,11365, 빅데이터와젠더,null,1,3,3,null
6,20,412,11365, 빅데이터와젠더,null,2,3,3,null
6,20,412,11367, 사회문제해결을위한R프로그래밍기초,null,1,3,3,null
6,20,412,11367, 사회문제해결을위한R프로그래밍기초,null,2,3,3,null
6,20,412,11233, 음악테크놀로지와프로그래밍,null,1,3,3,null
6,20,412,11233, 음악테크놀로지와프로그래밍,null,2,3,3,null
6,20,412,11368, 정보와인공지능의수리적이해,null,1,3,3,null
6,20,412,11368, 정보와인공지능의수리적이해,null,2,3,3,null
6,20,412,11205, 컴퓨터과학적인식과문제해결,null,1,3,3,null
6,20,412,11205, 컴퓨터과학적인식과문제해결,null,2,3,3,null
6,20,412,11374, 컴퓨터보안과윈도우포렌식,null,1,3,3,null
6,20,412,11374, 컴퓨터보안과윈도우포렌식,null,2,3,3,null
6,20,412,11362, 컴퓨터속의우주,null,1,3,3,null
6,20,412,11362, 컴퓨터속의우주,null,2,3,3,null
6,20,412,11369, 컴퓨터식문제해결기법,null,1,3,3,null
6,20,412,11369, 컴퓨터식문제해결기법,null,2,3,3,null
6,20,412,11232, 컴퓨터적사고와이해,null,1,3,3,null
6,20,412,11232, 컴퓨터적사고와이해,null,2,3,3,null
6,20,412,11234, 컴퓨터적사고와조형적활용,null,1,3,3,null
6,20,412,11234, 컴퓨터적사고와조형적활용,null,2,3,3,null
6,20,412,11211, 컴퓨팅적사고와프로그래밍,null,1,3,3,null
6,20,412,11211, 컴퓨팅적사고와프로그래밍,null,2,3,3,null
6,20,412,11364, 푸드테크시대의음식과디자인,null,1,3,3,null
6,20,412,11364, 푸드테크시대의음식과디자인,null,2,3,3,null
6,20,412,11207, 프로그래밍과통계적사고,null,1,3,3,null
6,20,412,11207, 프로그래밍과통계적사고,null,2,3,3,null
6,20,412,11361, 프로그래밍을위한컴퓨팅적사고,null,1,3,3,null
6,20,412,11361, 프로그래밍을위한컴퓨팅적사고,null,2,3,3,null
6,20,415,11053, 21세기사회와문학의대화,null,1,3,3,null
6,20,415,11053, 21세기사회와문학의대화,null,2,3,3,null
6,20,415,11334, Critical and Creative Textual Studies,null,1,3,3,null
6,20,415,11334, Critical and Creative Textual Studies,null,2,3,3,null
6,20,415,11183, The Story of Human Language,null,1,3,3,null
6,20,415,11183, The Story of Human Language,null,2,3,3,null
6,20,415,11165, Topics in Multiethnic American Literature,null,1,3,3,null
6,20,415,11165, Topics in Multiethnic American Literature,null,2,3,3,null
6,20,415,11112, 다매체시대의비교문학,null,1,3,3,null
6,20,415,11112, 다매체시대의비교문학,null,2,3,3,null
6,20,415,11108, 동아시아문학으로문화읽기,null,1,3,3,null
6,20,415,11108, 동아시아문학으로문화읽기,null,2,3,3,null
6,20,415,11038, 디지털미디어시대의동아시아문자,null,1,3,3,null
6,20,415,11038, 디지털미디어시대의동아시아문자,null,2,3,3,null
6,20,415,10041, 문학과삶,null,1,3,3,null
6,20,415,10041, 문학과삶,null,2,3,3,null
6,20,415,10654, 문학과영화,null,1,3,3,null
6,20,415,10654, 문학과영화,null,2,3,3,null
6,20,415,11148, 문학으로보는사랑의역사,null,1,3,3,null
6,20,415,11148, 문학으로보는사랑의역사,null,2,3,3,null
6,20,415,11184, 문학으로함께배우는매체/이야기,null,1,3,3,null
6,20,415,11184, 문학으로함께배우는매체/이야기,null,2,3,3,null
6,20,415,11146, 문화로읽는현대시의세계,null,1,3,3,null
6,20,415,11146, 문화로읽는현대시의세계,null,1,3,3,null
6,20,415,11147, 사이언스픽션의이해,null,1,3,3,null
6,20,415,11147, 사이언스픽션의이해,null,2,3,3,null
6,20,415,11297, 생태와문학,null,1,3,3,null
6,20,415,11297, 생태와문학,null,2,3,3,null
6,20,415,10768, 신화·상상력·문화,null,1,3,3,null
6,20,415,10768, 신화·상상력·문화,null,2,3,3,null
6,20,415,11109, 여행문학과세계인식,null,1,3,3,null
6,20,415,11109, 여행문학과세계인식,null,2,3,3,null
6,20,415,10882, 인간과언어,null,1,3,3,null
6,20,415,10882, 인간과언어,null,2,3,3,null
6,20,415,11258, 자연과문학,null,1,3,3,null
6,20,415,11258, 자연과문학,null,2,3,3,null
6,20,415,10543, 한국현대시와삶읽기,null,1,3,3,null
6,20,415,10543, 한국현대시와삶읽기,null,2,3,3,null
6,20,415,11134, 현대영어권문학의동향,null,1,3,3,null
6,20,415,11134, 현대영어권문학의동향,null,2,3,3,null
6,20,415,10896, 환상문학의세계,null,1,3,3,null
6,20,415,10896, 환상문학의세계,null,2,3,3,null
6,20,415,10950, 디지털스토리텔링의이해,null,1,3,3,null
6,20,415,10950, 디지털스토리텔링의이해,null,2,3,3,null
6,20,416,11107, 21세기의예술과인간,null,1,3,3,null
6,20,416,11107, 21세기의예술과인간,null,2,3,3,null
6,20,416,11164, Contemporary Photography,null,1,3,3,null
6,20,416,11164, Contemporary Photography,null,2,3,3,null
6,20,416,10033, 동양미술의이해,null,1,3,3,null
6,20,416,10033, 동양미술의이해,null,2,3,3,null
6,20,416,10778, 디지털매체와예술,null,1,3,3,null
6,20,416,10778, 디지털매체와예술,null,2,3,3,null
6,20,416,10576, 무용의이해,null,1,3,3,null
6,20,416,10576, 무용의이해,null,2,3,3,null
6,20,416,11153, 문화콘텐츠기획의이해,null,1,3,3,null
6,20,416,11153, 문화콘텐츠기획의이해,null,2,3,3,null
6,20,416,11328, 미술로치유하는마음,null,1,3,3,null
6,20,416,11328, 미술로치유하는마음,null,2,3,3,null
6,20,416,11083, 미학과미술,null,1,3,3,null
6,20,416,11083, 미학과미술,null,2,3,3,null
6,20,416,10072, 서양미술의이해,null,1,3,3,null
6,20,416,10072, 서양미술의이해,null,2,3,3,null
6,20,416,10073, 서양음악의이해,null,1,3,3,null
6,20,416,10073, 서양음악의이해,null,2,3,3,null
6,20,416,11084, 시각문화로서미술작품읽기,null,1,3,3,null
6,20,416,11084, 시각문화로서미술작품읽기,null,2,3,3,null
6,20,416,11209, 시각적사고를통한일상의문화와트랜드,null,1,3,3,null
6,20,416,11209, 시각적사고를통한일상의문화와트랜드,null,2,3,3,null
6,20,416,10090, 여성과예술,null,1,3,3,null
6,20,416,10090, 여성과예술,null,2,3,3,null
6,20,416,11113, 여성의몸과창조적움직임,null,1,3,3,null
6,20,416,11113, 여성의몸과창조적움직임,null,2,3,3,null
6,20,416,10097, 연극의이론과실제,null,1,3,3,null
6,20,416,10097, 연극의이론과실제,null,2,3,3,null
6,20,416,11110, 예술가와그의시대,null,1,3,3,null
6,20,416,11110, 예술가와그의시대,null,2,3,3,null
6,20,416,10100, 예술과사상,null,1,3,3,null
6,20,416,10100, 예술과사상,null,2,3,3,null
6,20,416,11055, 옛시와그림의만남,null,1,3,3,null
6,20,416,11055, 옛시와그림의만남,null,2,3,3,null
6,20,416,11265, 음악과건강,null,1,3,3,null
6,20,416,11265, 음악과건강,null,2,3,3,null
6,20,416,11075, 창조와상상의기술,null,1,3,3,null
6,20,416,11075, 창조와상상의기술,null,2,3,3,null
6,20,416,11035," 퍼포먼스인문학:제의,놀이,연극",null,1,3,3,null
6,20,416,11035," 퍼포먼스인문학:제의,놀이,연극",null,2,3,3,null
6,20,416,10892," 표현,예술,그리고시대정신",null,1,3,3,null
6,20,416,10892," 표현,예술,그리고시대정신",null,2,3,3,null
6,20,416,10152, 한국미술의이해,null,1,3,3,null
6,20,416,10152, 한국미술의이해,null,2,3,3,null
6,20,416,11333," 한국사와상상력,스토리텔링",null,1,3,3,null
6,20,416,11333," 한국사와상상력,스토리텔링",null,2,3,3,null
6,20,416,10883, 한국의문화공간과예술,null,1,3,3,null
6,20,416,10883, 한국의문화공간과예술,null,2,3,3,null
6,20,416,10165, 현대미술사,null,1,3,3,null
6,20,416,10165, 현대미술사,null,2,3,3,null
6,20,416,11330, Reading American Popular Culture in the Digital Age,null,1,3,3,null
6,20,416,11330, Reading American Popular Culture in the Digital Age,null,2,3,3,null
6,20,416,10018, 국악의이해,null,1,3,3,null
6,20,416,10018, 국악의이해,null,2,3,3,null
6,20,416,11329, 색채의이해,null,1,3,3,null
6,20,416,11329, 색채의이해,null,2,3,3,null
6,20,416,11263, 예술과기술,null,1,3,3,null
6,20,416,11263, 예술과기술,null,2,3,3,null
6,20,416,11116, Introduction to World Music and Culture,null,1,3,3,null
6,20,416,11116, Introduction to World Music and Culture,null,2,3,3,null
6,20,416,11135, 사물과예술,null,1,3,3,null
6,20,416,11135, 사물과예술,null,2,3,3,null
6,20,417,11190, The Art of Thinking,null,1,3,3,null
6,20,417,11190, The Art of Thinking,null,2,3,3,null
6,20,417,10545, 근대일본과동아시아,null,1,3,3,null
6,20,417,10545, 근대일본과동아시아,null,2,3,3,null
6,20,417,11046, 동서양의인간이해,null,1,3,3,null
6,20,417,11046, 동서양의인간이해,null,2,3,3,null
6,20,417,10034, 동양철학의이해,null,1,3,3,null
6,20,417,10034, 동양철학의이해,null,2,3,3,null
6,20,417,10769, 모던/포스트모던문화읽기,null,1,3,3,null
6,20,417,10769, 모던/포스트모던문화읽기,null,2,3,3,null
6,20,417,11056, 문화로읽는한국사,null,1,3,3,null
6,20,417,11056, 문화로읽는한국사,null,2,3,3,null
6,20,417,11185, 문화와예술을통해본르네상스역사,null,1,3,3,null
6,20,417,11185, 문화와예술을통해본르네상스역사,null,2,3,3,null
6,20,417,10772, 여성과사회정의,null,1,3,3,null
6,20,417,10772, 여성과사회정의,null,2,3,3,null
6,20,417,11054, 연어프로젝트:한국여성나의뿌리를찾아서 ,null,1,3,3,null
6,20,417,11054, 연어프로젝트:한국여성나의뿌리를찾아서 ,null,2,3,3,null
6,20,417,10108, 인간과종교,null,1,3,3,null
6,20,417,10108, 인간과종교,null,2,3,3,null
6,20,417,11041, 인간과철학적사유,null,1,3,3,null
6,20,417,11041, 인간과철학적사유,null,2,3,3,null
6,20,417,11293, 인물로본중국의역사,null,1,3,3,null
6,20,417,11293, 인물로본중국의역사,null,2,3,3,null
6,20,417,10581, 인물로본한국사,null,1,3,3,null
6,20,417,10581, 인물로본한국사,null,2,3,3,null
6,20,417,11078, 젠더와역사,null,1,3,3,null
6,20,417,11078, 젠더와역사,null,2,3,3,null
6,20,417,10767, 종교와문화,null,1,3,3,null
6,20,417,10767, 종교와문화,null,2,3,3,null
6,20,417,11057, 주제로살펴보는서양근현대사,null,1,3,3,null
6,20,417,11057, 주제로살펴보는서양근현대사,null,2,3,3,null
6,20,417,10544, 중국의역사와문화,null,1,3,3,null
6,20,417,10544, 중국의역사와문화,null,2,3,3,null
6,20,417,11297, 질병치료와백신의역사,null,1,3,3,null
6,20,417,11297, 질병치료와백신의역사,null,2,3,3,null
6,20,417,11189, 철학의은유들,null,1,3,3,null
6,20,417,11189, 철학의은유들,null,2,3,3,null
6,20,417,11045, 패러다임전환과비판이론,null,1,3,3,null
6,20,417,11045, 패러다임전환과비판이론,null,2,3,3,null
6,20,417,10149, 한국근현대사 ,null,1,3,3,null
6,20,417,10149, 한국근현대사 ,null,2,3,3,null
6,20,417,11058, 한국사의새로운이해,null,1,3,3,null
6,20,417,11058, 한국사의새로운이해,null,2,3,3,null
6,20,417,11366, 한국의문화유산역사여행,null,1,3,3,null
6,20,417,11366, 한국의문화유산역사여행,null,2,3,3,null
6,20,417,11186, Evolutionary Origin of Humans,null,1,3,3,null
6,20,417,11186, Evolutionary Origin of Humans,null,2,3,3,null
6,20,417,11295, 인공지능시대의과학과종교,null,1,3,3,null
6,20,417,11295, 인공지능시대의과학과종교,null,2,3,3,null
6,20,418,11360, ICT융복합복지와법,null,1,3,3,null
6,20,418,11360, ICT융복합복지와법,null,2,3,3,null
6,20,418,11259, SDGs시대글로벌보건협력:개발도상국의보건의료현황과국제사회의지원 ,null,1,3,3,null
6,20,418,11259, SDGs시대글로벌보건협력:개발도상국의보건의료현황과국제사회의지원 ,null,2,3,3,null
6,20,418,10011, 가족건강과간호,null,1,3,3,null
6,20,418,10011, 가족건강과간호,null,2,3,3,null
6,20,418,10932, 건축으로읽는사회문화사,null,1,3,3,null
6,20,418,10932, 건축으로읽는사회문화사,null,2,3,3,null
6,20,418,10013, 경영과사회,null,1,3,3,null
6,20,418,10013, 경영과사회,null,2,3,3,null
6,20,418,11210, 교육커뮤니케이션의이해와실제,null,1,3,3,null
6,20,418,11210, 교육커뮤니케이션의이해와실제,null,2,3,3,null
6,20,418,10949, 국제구호와개발협력,null,1,3,3,null
6,20,418,10949, 국제구호와개발협력,null,2,3,3,null
6,20,418,10913, 글로벌시대의다문화사회,null,1,3,3,null
6,20,418,10913, 글로벌시대의다문화사회,null,2,3,3,null
6,20,418,10914, 글로벌시대의아시아여성,null,1,3,3,null
6,20,418,10914, 글로벌시대의아시아여성,null,2,3,3,null
6,20,418,11260, 기업과정신과혁신,null,1,3,3,null
6,20,418,11260, 기업과정신과혁신,null,2,3,3,null
6,20,418,10091, 노동과젠더,null,1,3,3,null
6,20,418,10091, 노동과젠더,null,2,3,3,null
6,20,418,11332, 도시공간문화로읽는한국사,null,1,3,3,null
6,20,418,11332, 도시공간문화로읽는한국사,null,2,3,3,null
6,20,418,10886, 동양고전의현대적이해,null,1,3,3,null
6,20,418,10886, 동양고전의현대적이해,null,2,3,3,null
6,20,418,11292, 모방과인간,null,1,3,3,null
6,20,418,11292, 모방과인간,null,2,3,3,null
6,20,418,11193, 법과젠더,null,1,3,3,null
6,20,418,11193, 법과젠더,null,2,3,3,null
6,20,418,10549, 북한정치의이해,null,1,3,3,null
6,20,418,10549, 북한정치의이해,null,2,3,3,null
6,20,418,10548, 북한주민의문화와생활,null,1,3,3,null
6,20,418,10548, 북한주민의문화와생활,null,2,3,3,null
6,20,418,10929, 브레인스펙트럼,null,1,3,3,null
6,20,418,10929, 브레인스펙트럼,null,2,3,3,null
6,20,418,10573, 생명윤리와법,null,1,3,3,null
6,20,418,10573, 생명윤리와법,null,2,3,3,null
6,20,418,10074, 성문화연구,null,1,3,3,null
6,20,418,10074, 성문화연구,null,2,3,3,null
6,20,418,10081, 시민생활과법,null,1,3,3,null
6,20,418,10081, 시민생활과법,null,2,3,3,null
6,20,418,10094, 여성학,null,1,3,3,null
6,20,418,10094, 여성학,null,2,3,3,null
6,20,418,11089, 여행과지리:글로벌화의지역탐색,null,1,3,3,null
6,20,418,11089, 여행과지리:글로벌화의지역탐색,null,2,3,3,null
6,20,418,10908, 영상이미지와젠더,null,1,3,3,null
6,20,418,10908, 영상이미지와젠더,null,2,3,3,null
6,20,418,10904, 우리사회의문제와쟁점찾기,null,1,3,3,null
6,20,418,10904, 우리사회의문제와쟁점찾기,null,2,3,3,null
6,20,418,11358, 인간관계심리,null,1,3,3,null
6,20,418,11358, 인간관계심리,null,2,3,3,null
6,20,418,10109, 인간발달과가족,null,1,3,3,null
6,20,418,10109, 인간발달과가족,null,2,3,3,null
6,20,418,10903, 인간발달과문화의다양성,null,1,3,3,null
6,20,418,10903, 인간발달과문화의다양성,null,2,3,3,null
6,20,418,11114, 인간은왜춤을추는가,null,1,3,3,null
6,20,418,11114, 인간은왜춤을추는가,null,2,3,3,null
6,20,418,11103, 인터넷과법,null,1,3,3,null
6,20,418,11103, 인터넷과법,null,2,3,3,null
6,20,418,11359, 정신건강과행복,null,1,3,3,null
6,20,418,11359, 정신건강과행복,null,2,3,3,null
6,20,418,11104, 죄와벌,null,1,3,3,null
6,20,418,11104, 죄와벌,null,2,3,3,null
6,20,418,10905, 지구촌의사회복지,null,1,3,3,null
6,20,418,10905, 지구촌의사회복지,null,2,3,3,null
6,20,418,11105, 직업세계와법,null,1,3,3,null
6,20,418,11105, 직업세계와법,null,2,3,3,null
6,20,418,11039, 키워드로읽는중국문화,null,1,3,3,null
6,20,418,11039, 키워드로읽는중국문화,null,2,3,3,null
6,20,418,11215, 통합적분쟁이해와조정,null,1,3,3,null
6,20,418,11215, 통합적분쟁이해와조정,null,2,3,3,null
6,20,418,10887, 현대중국의이해,null,1,3,3,null
6,20,418,10887, 현대중국의이해,null,2,3,3,null
6,20,418,11162, Middle Eastern Political Theology: Religious Sources,null,1,3,3,null
6,20,418,11162, Middle Eastern Political Theology: Religious Sources,null,2,3,3,null
6,20,418,11079, 장애와사회,null,1,3,3,null
6,20,418,11079, 장애와사회,null,2,3,3,null
6,20,418,11296, 청춘의아픔과치유:행복인문학,null,1,3,3,null
6,20,418,11296, 청춘의아픔과치유:행복인문학,null,2,3,3,null
6,20,418,10181, 환경과인간,null,1,3,3,null
6,20,418,10181, 환경과인간,null,2,3,3,null
6,20,418,11188, Introduction to Ethnic Conflict and Management,null,1,3,3,null
6,20,418,11188, Introduction to Ethnic Conflict and Management,null,2,3,3,null
6,20,418,11106, 글로벌시민의이해와리더십,null,1,3,3,null
6,20,418,11106, 글로벌시민의이해와리더십,null,2,3,3,null
6,20,418,10933, 대학생의성건강,null,1,3,3,null
6,20,418,10933, 대학생의성건강,null,2,3,3,null
6,20,418,11308, 데이터로고전읽기,null,1,3,3,null
6,20,418,11308, 데이터로고전읽기,null,2,3,3,null
6,20,418,11351, 삶을위한멘탈코칭,null,1,3,3,null
6,20,418,11351, 삶을위한멘탈코칭,null,1,3,3,null
6,20,419,10556, 4차산업혁명과창의융합SW,null,1,3,3,null
6,20,419,10556, 4차산업혁명과창의융합SW,null,2,3,3,null
6,20,419,10930, Behavior of Animals,null,1,3,3,null
6,20,419,10930, Behavior of Animals,null,2,3,3,null
6,20,419,11111, SF영화로배우는철학,null,1,3,3,null
6,20,419,11111, SF영화로배우는철학,null,2,3,3,null
6,20,419,11213, 과학과몸의역사,null,1,3,3,null
6,20,419,11213, 과학과몸의역사,null,2,3,3,null
6,20,419,11155, 과학과허구,null,1,3,3,null
6,20,419,11155, 과학과허구,null,2,3,3,null
6,20,419,11101, 과학문화와커뮤니케이션,null,1,3,3,null
6,20,419,11101, 과학문화와커뮤니케이션,null,2,3,3,null
6,20,419,10776, 글로벌시민을위한과학소양,null,1,3,3,null
6,20,419,10776, 글로벌시민을위한과학소양,null,2,3,3,null
6,20,419,11154, 사물인터넷개론,null,1,3,3,null
6,20,419,11154, 사물인터넷개론,null,2,3,3,null
6,20,419,10052, 약과건강,null,1,3,3,null
6,20,419,10052, 약과건강,null,2,3,3,null
6,20,419,11102," 에너지의이해,이용,실천",null,1,3,3,null
6,20,419,11102," 에너지의이해,이용,실천",null,2,3,3,null
6,20,419,11257, 에피소드로보는과학철학,null,1,3,3,null
6,20,419,11257, 에피소드로보는과학철학,null,2,3,3,null
6,20,419,10910, 위험판단심리학,null,1,3,3,null
6,20,419,10910, 위험판단심리학,null,2,3,3,null
6,20,419,10104, 응용통계입문,null,1,3,3,null
6,20,419,10104, 응용통계입문,null,2,3,3,null
6,20,419,11336, 인공지능과인간,null,1,3,3,null
6,20,419,11336, 인공지능과인간,null,2,3,3,null
6,20,419,11261, 인공지능시대의정보산업이해,null,1,3,3,null
6,20,419,11261, 인공지능시대의정보산업이해,null,2,3,3,null
6,20,419,10559, 인류문명과환경과학,null,1,3,3,null
6,20,419,10559, 인류문명과환경과학,null,2,3,3,null
6,20,419,11156," 자연과의대화,환경생태",null,1,3,3,null
6,20,419,11156," 자연과의대화,환경생태",null,2,3,3,null
6,20,419,11160, 정보기술과미래사회,null,1,3,3,null
6,20,419,11160, 정보기술과미래사회,null,2,3,3,null
6,20,419,10123, 정보사회와인터넷윤리,null,1,3,3,null
6,20,419,10123, 정보사회와인터넷윤리,null,2,3,3,null
6,20,419,11096, 정보화사회와통계,null,1,3,3,null
6,20,419,11096, 정보화사회와통계,null,2,3,3,null
6,20,419,10135, 지구의역사,null,1,3,3,null
6,20,419,10135, 지구의역사,null,2,3,3,null
6,20,419,11042, 컴퓨터와마음,null,1,3,3,null
6,20,419,11042, 컴퓨터와마음,null,2,3,3,null
6,20,419,11152, 콘텐츠컴퓨팅,null,1,3,3,null
6,20,419,11152, 콘텐츠컴퓨팅,null,2,3,3,null
6,20,419,11145, 크리에이티브컴퓨팅,null,1,3,3,null
6,20,419,11145, 크리에이티브컴퓨팅,null,2,3,3,null
6,20,419,10164, 현대물리학과인간사고의변혁,null,1,3,3,null
6,20,419,10164, 현대물리학과인간사고의변혁,null,2,3,3,null
6,20,419,11157, 환경재난과국제협력,null,1,3,3,null
6,20,419,11157, 환경재난과국제협력,null,2,3,3,null
6,20,419,11262, 생활속의미생물,null,1,3,3,null
6,20,419,11262, 생활속의미생물,null,2,3,3,null
6,20,419,11264, 세계의자연유산과지오투어리즘,null,1,3,3,null
6,20,419,11264, 세계의자연유산과지오투어리즘,null,2,3,3,null
6,20,419,11043, 현대사회의기록과정보,null,1,3,3,null
6,20,419,11043, 현대사회의기록과정보,null,2,3,3,null
6,20,419,11187, 빅데이터사회와정보활용,null,1,3,3,null
6,20,419,11187, 빅데이터사회와정보활용,null,2,3,3,null
6,20,419,11098, 주거로보는건축문화,null,1,3,3,null
6,20,419,11098, 주거로보는건축문화,null,2,3,3,null
6,21,421,10023, 기독교와세계,1,1,3,3,null
6,21,421,10023, 기독교와세계,1,2,3,3,null
6,21,422,11352, 통합적사고와글쓰기,1,1,3,2,null
6,21,422,11352, 통합적사고와글쓰기,1,2,3,2,null
6,21,424,10099, Advanced English,1,1,3,3,null
6,21,424,10099, Advanced English,1,2,3,3,null
6,21,425,10563,기본중국어,1,1,3,3,null
6,21,425,10563,기본중국어,1,2,3,3,null
6,21,425,10133,중급중국어,1,1,3,3,null
6,21,425,10133,중급중국어,1,2,3,3,null
6,21,425,10564,기본프랑스어,1,1,3,3,null
6,21,425,10564,기본프랑스어,1,2,3,3,null
6,21,425,10565,중급프랑스어,1,1,3,3,null
6,21,425,10565,중급프랑스어,1,2,3,3,null
6,21,425,10566,기본독일어,1,1,3,3,null
6,21,425,10566,기본독일어,1,2,3,3,null
6,21,425,10130,중급독일어,1,1,3,3,null
6,21,425,10130,중급독일어,1,2,3,3,null
6,21,425,10570,기본일본어,1,1,3,3,null
6,21,425,10570,기본일본어,1,2,3,3,null
6,21,425,10132,중급일본어,1,1,3,3,null
6,21,425,10132,중급일본어,1,2,3,3,null
6,21,425,10571,기본스페인어,1,1,3,3,null
6,21,425,10571,기본스페인어,1,2,3,3,null
6,21,425,10665,중급스페인어,1,1,3,3,null
6,21,425,10665,중급스페인어,1,2,3,3,null
6,21,425,10572,기본러시아어,1,1,3,3,null
6,21,425,10572,기본러시아어,1,2,3,3,null
6,21,423,11208, IT융합설계개론,null,1,3,3,null
6,21,423,11208, IT융합설계개론,null,2,3,3,null
6,21,423,11206, 계산의기초와융합적문제해결,null,1,3,3,null
6,21,423,11206, 계산의기초와융합적문제해결,null,2,3,3,null
6,21,423,11204, 논리와컴퓨터,null,1,3,3,null
6,21,423,11204, 논리와컴퓨터,null,2,3,3,null
6,21,423,11357, 데이터컨버전스와법,null,1,3,3,null
6,21,423,11357, 데이터컨버전스와법,null,2,3,3,null
6,21,423,11373, 데이터컴퓨팅,null,1,3,3,null
6,21,423,11373, 데이터컴퓨팅,null,2,3,3,null
6,21,423,11356, 리눅스와시스템적사고,null,1,3,3,null
6,21,423,11356, 리눅스와시스템적사고,null,2,3,3,null
6,21,423,11309, 문제해결과SW프로그래밍,null,1,3,3,null
6,21,423,11309, 문제해결과SW프로그래밍,null,2,3,3,null
6,21,423,11365, 빅데이터와젠더,null,1,3,3,null
6,21,423,11365, 빅데이터와젠더,null,2,3,3,null
6,21,423,11367, 사회문제해결을위한R프로그래밍기초,null,1,3,3,null
6,21,423,11367, 사회문제해결을위한R프로그래밍기초,null,2,3,3,null
6,21,423,11233, 음악테크놀로지와프로그래밍,null,1,3,3,null
6,21,423,11233, 음악테크놀로지와프로그래밍,null,2,3,3,null
6,21,423,11368, 정보와인공지능의수리적이해,null,1,3,3,null
6,21,423,11368, 정보와인공지능의수리적이해,null,2,3,3,null
6,21,423,11205, 컴퓨터과학적인식과문제해결,null,1,3,3,null
6,21,423,11205, 컴퓨터과학적인식과문제해결,null,2,3,3,null
6,21,423,11374, 컴퓨터보안과윈도우포렌식,null,1,3,3,null
6,21,423,11374, 컴퓨터보안과윈도우포렌식,null,2,3,3,null
6,21,423,11362, 컴퓨터속의우주,null,1,3,3,null
6,21,423,11362, 컴퓨터속의우주,null,2,3,3,null
6,21,423,11369, 컴퓨터식문제해결기법,null,1,3,3,null
6,21,423,11369, 컴퓨터식문제해결기법,null,2,3,3,null
6,21,423,11232, 컴퓨터적사고와이해,null,1,3,3,null
6,21,423,11232, 컴퓨터적사고와이해,null,2,3,3,null
6,21,423,11234, 컴퓨터적사고와조형적활용,null,1,3,3,null
6,21,423,11234, 컴퓨터적사고와조형적활용,null,2,3,3,null
6,21,423,11211, 컴퓨팅적사고와프로그래밍,null,1,3,3,null
6,21,423,11211, 컴퓨팅적사고와프로그래밍,null,2,3,3,null
6,21,423,11364, 푸드테크시대의음식과디자인,null,1,3,3,null
6,21,423,11364, 푸드테크시대의음식과디자인,null,2,3,3,null
6,21,423,11207, 프로그래밍과통계적사고,null,1,3,3,null
6,21,423,11207, 프로그래밍과통계적사고,null,2,3,3,null
6,21,423,11361, 프로그래밍을위한컴퓨팅적사고,null,1,3,3,null
6,21,423,11361, 프로그래밍을위한컴퓨팅적사고,null,2,3,3,null
6,21,426,11053, 21세기사회와문학의대화,null,1,3,3,null
6,21,426,11053, 21세기사회와문학의대화,null,2,3,3,null
6,21,426,11334, Critical and Creative Textual Studies,null,1,3,3,null
6,21,426,11334, Critical and Creative Textual Studies,null,2,3,3,null
6,21,426,11183, The Story of Human Language,null,1,3,3,null
6,21,426,11183, The Story of Human Language,null,2,3,3,null
6,21,426,11165, Topics in Multiethnic American Literature,null,1,3,3,null
6,21,426,11165, Topics in Multiethnic American Literature,null,2,3,3,null
6,21,426,11112, 다매체시대의비교문학,null,1,3,3,null
6,21,426,11112, 다매체시대의비교문학,null,2,3,3,null
6,21,426,11108, 동아시아문학으로문화읽기,null,1,3,3,null
6,21,426,11108, 동아시아문학으로문화읽기,null,2,3,3,null
6,21,426,11038, 디지털미디어시대의동아시아문자,null,1,3,3,null
6,21,426,11038, 디지털미디어시대의동아시아문자,null,2,3,3,null
6,21,426,10041, 문학과삶,null,1,3,3,null
6,21,426,10041, 문학과삶,null,2,3,3,null
6,21,426,10654, 문학과영화,null,1,3,3,null
6,21,426,10654, 문학과영화,null,2,3,3,null
6,21,426,11148, 문학으로보는사랑의역사,null,1,3,3,null
6,21,426,11148, 문학으로보는사랑의역사,null,2,3,3,null
6,21,426,11184, 문학으로함께배우는매체/이야기,null,1,3,3,null
6,21,426,11184, 문학으로함께배우는매체/이야기,null,2,3,3,null
6,21,426,11146, 문화로읽는현대시의세계,null,1,3,3,null
6,21,426,11146, 문화로읽는현대시의세계,null,1,3,3,null
6,21,426,11147, 사이언스픽션의이해,null,1,3,3,null
6,21,426,11147, 사이언스픽션의이해,null,2,3,3,null
6,21,426,11297, 생태와문학,null,1,3,3,null
6,21,426,11297, 생태와문학,null,2,3,3,null
6,21,426,10768, 신화·상상력·문화,null,1,3,3,null
6,21,426,10768, 신화·상상력·문화,null,2,3,3,null
6,21,426,11109, 여행문학과세계인식,null,1,3,3,null
6,21,426,11109, 여행문학과세계인식,null,2,3,3,null
6,21,426,10882, 인간과언어,null,1,3,3,null
6,21,426,10882, 인간과언어,null,2,3,3,null
6,21,426,11258, 자연과문학,null,1,3,3,null
6,21,426,11258, 자연과문학,null,2,3,3,null
6,21,426,10543, 한국현대시와삶읽기,null,1,3,3,null
6,21,426,10543, 한국현대시와삶읽기,null,2,3,3,null
6,21,426,11134, 현대영어권문학의동향,null,1,3,3,null
6,21,426,11134, 현대영어권문학의동향,null,2,3,3,null
6,21,426,10896, 환상문학의세계,null,1,3,3,null
6,21,426,10896, 환상문학의세계,null,2,3,3,null
6,21,426,10950, 디지털스토리텔링의이해,null,1,3,3,null
6,21,426,10950, 디지털스토리텔링의이해,null,2,3,3,null
6,21,427,11107, 21세기의예술과인간,null,1,3,3,null
6,21,427,11107, 21세기의예술과인간,null,2,3,3,null
6,21,427,11164, Contemporary Photography,null,1,3,3,null
6,21,427,11164, Contemporary Photography,null,2,3,3,null
6,21,427,10033, 동양미술의이해,null,1,3,3,null
6,21,427,10033, 동양미술의이해,null,2,3,3,null
6,21,427,10778, 디지털매체와예술,null,1,3,3,null
6,21,427,10778, 디지털매체와예술,null,2,3,3,null
6,21,427,10576, 무용의이해,null,1,3,3,null
6,21,427,10576, 무용의이해,null,2,3,3,null
6,21,427,11153, 문화콘텐츠기획의이해,null,1,3,3,null
6,21,427,11153, 문화콘텐츠기획의이해,null,2,3,3,null
6,21,427,11328, 미술로치유하는마음,null,1,3,3,null
6,21,427,11328, 미술로치유하는마음,null,2,3,3,null
6,21,427,11083, 미학과미술,null,1,3,3,null
6,21,427,11083, 미학과미술,null,2,3,3,null
6,21,427,10072, 서양미술의이해,null,1,3,3,null
6,21,427,10072, 서양미술의이해,null,2,3,3,null
6,21,427,10073, 서양음악의이해,null,1,3,3,null
6,21,427,10073, 서양음악의이해,null,2,3,3,null
6,21,427,11084, 시각문화로서미술작품읽기,null,1,3,3,null
6,21,427,11084, 시각문화로서미술작품읽기,null,2,3,3,null
6,21,427,11209, 시각적사고를통한일상의문화와트랜드,null,1,3,3,null
6,21,427,11209, 시각적사고를통한일상의문화와트랜드,null,2,3,3,null
6,21,427,10090, 여성과예술,null,1,3,3,null
6,21,427,10090, 여성과예술,null,2,3,3,null
6,21,427,11113, 여성의몸과창조적움직임,null,1,3,3,null
6,21,427,11113, 여성의몸과창조적움직임,null,2,3,3,null
6,21,427,10097, 연극의이론과실제,null,1,3,3,null
6,21,427,10097, 연극의이론과실제,null,2,3,3,null
6,21,427,11110, 예술가와그의시대,null,1,3,3,null
6,21,427,11110, 예술가와그의시대,null,2,3,3,null
6,21,427,10100, 예술과사상,null,1,3,3,null
6,21,427,10100, 예술과사상,null,2,3,3,null
6,21,427,11055, 옛시와그림의만남,null,1,3,3,null
6,21,427,11055, 옛시와그림의만남,null,2,3,3,null
6,21,427,11265, 음악과건강,null,1,3,3,null
6,21,427,11265, 음악과건강,null,2,3,3,null
6,21,427,11075, 창조와상상의기술,null,1,3,3,null
6,21,427,11075, 창조와상상의기술,null,2,3,3,null
6,21,427,11035," 퍼포먼스인문학:제의,놀이,연극",null,1,3,3,null
6,21,427,11035," 퍼포먼스인문학:제의,놀이,연극",null,2,3,3,null
6,21,427,10892," 표현,예술,그리고시대정신",null,1,3,3,null
6,21,427,10892," 표현,예술,그리고시대정신",null,2,3,3,null
6,21,427,10152, 한국미술의이해,null,1,3,3,null
6,21,427,10152, 한국미술의이해,null,2,3,3,null
6,21,427,11333," 한국사와상상력,스토리텔링",null,1,3,3,null
6,21,427,11333," 한국사와상상력,스토리텔링",null,2,3,3,null
6,21,427,10883, 한국의문화공간과예술,null,1,3,3,null
6,21,427,10883, 한국의문화공간과예술,null,2,3,3,null
6,21,427,10165, 현대미술사,null,1,3,3,null
6,21,427,10165, 현대미술사,null,2,3,3,null
6,21,427,11330, Reading American Popular Culture in the Digital Age,null,1,3,3,null
6,21,427,11330, Reading American Popular Culture in the Digital Age,null,2,3,3,null
6,21,427,10018, 국악의이해,null,1,3,3,null
6,21,427,10018, 국악의이해,null,2,3,3,null
6,21,427,11329, 색채의이해,null,1,3,3,null
6,21,427,11329, 색채의이해,null,2,3,3,null
6,21,427,11263, 예술과기술,null,1,3,3,null
6,21,427,11263, 예술과기술,null,2,3,3,null
6,21,427,11116, Introduction to World Music and Culture,null,1,3,3,null
6,21,427,11116, Introduction to World Music and Culture,null,2,3,3,null
6,21,427,11135, 사물과예술,null,1,3,3,null
6,21,427,11135, 사물과예술,null,2,3,3,null
6,21,428,11190, The Art of Thinking,null,1,3,3,null
6,21,428,11190, The Art of Thinking,null,2,3,3,null
6,21,428,10545, 근대일본과동아시아,null,1,3,3,null
6,21,428,10545, 근대일본과동아시아,null,2,3,3,null
6,21,428,11046, 동서양의인간이해,null,1,3,3,null
6,21,428,11046, 동서양의인간이해,null,2,3,3,null
6,21,428,10034, 동양철학의이해,null,1,3,3,null
6,21,428,10034, 동양철학의이해,null,2,3,3,null
6,21,428,10769, 모던/포스트모던문화읽기,null,1,3,3,null
6,21,428,10769, 모던/포스트모던문화읽기,null,2,3,3,null
6,21,428,11056, 문화로읽는한국사,null,1,3,3,null
6,21,428,11056, 문화로읽는한국사,null,2,3,3,null
6,21,428,11185, 문화와예술을통해본르네상스역사,null,1,3,3,null
6,21,428,11185, 문화와예술을통해본르네상스역사,null,2,3,3,null
6,21,428,10772, 여성과사회정의,null,1,3,3,null
6,21,428,10772, 여성과사회정의,null,2,3,3,null
6,21,428,11054, 연어프로젝트:한국여성나의뿌리를찾아서 ,null,1,3,3,null
6,21,428,11054, 연어프로젝트:한국여성나의뿌리를찾아서 ,null,2,3,3,null
6,21,428,10108, 인간과종교,null,1,3,3,null
6,21,428,10108, 인간과종교,null,2,3,3,null
6,21,428,11041, 인간과철학적사유,null,1,3,3,null
6,21,428,11041, 인간과철학적사유,null,2,3,3,null
6,21,428,11293, 인물로본중국의역사,null,1,3,3,null
6,21,428,11293, 인물로본중국의역사,null,2,3,3,null
6,21,428,10581, 인물로본한국사,null,1,3,3,null
6,21,428,10581, 인물로본한국사,null,2,3,3,null
6,21,428,11078, 젠더와역사,null,1,3,3,null
6,21,428,11078, 젠더와역사,null,2,3,3,null
6,21,428,10767, 종교와문화,null,1,3,3,null
6,21,428,10767, 종교와문화,null,2,3,3,null
6,21,428,11057, 주제로살펴보는서양근현대사,null,1,3,3,null
6,21,428,11057, 주제로살펴보는서양근현대사,null,2,3,3,null
6,21,428,10544, 중국의역사와문화,null,1,3,3,null
6,21,428,10544, 중국의역사와문화,null,2,3,3,null
6,21,428,11297, 질병치료와백신의역사,null,1,3,3,null
6,21,428,11297, 질병치료와백신의역사,null,2,3,3,null
6,21,428,11189, 철학의은유들,null,1,3,3,null
6,21,428,11189, 철학의은유들,null,2,3,3,null
6,21,428,11045, 패러다임전환과비판이론,null,1,3,3,null
6,21,428,11045, 패러다임전환과비판이론,null,2,3,3,null
6,21,428,10149, 한국근현대사 ,null,1,3,3,null
6,21,428,10149, 한국근현대사 ,null,2,3,3,null
6,21,428,11058, 한국사의새로운이해,null,1,3,3,null
6,21,428,11058, 한국사의새로운이해,null,2,3,3,null
6,21,428,11366, 한국의문화유산역사여행,null,1,3,3,null
6,21,428,11366, 한국의문화유산역사여행,null,2,3,3,null
6,21,428,11186, Evolutionary Origin of Humans,null,1,3,3,null
6,21,428,11186, Evolutionary Origin of Humans,null,2,3,3,null
6,21,428,11295, 인공지능시대의과학과종교,null,1,3,3,null
6,21,428,11295, 인공지능시대의과학과종교,null,2,3,3,null
6,21,429,11360, ICT융복합복지와법,null,1,3,3,null
6,21,429,11360, ICT융복합복지와법,null,2,3,3,null
6,21,429,11259, SDGs시대글로벌보건협력:개발도상국의보건의료현황과국제사회의지원 ,null,1,3,3,null
6,21,429,11259, SDGs시대글로벌보건협력:개발도상국의보건의료현황과국제사회의지원 ,null,2,3,3,null
6,21,429,10011, 가족건강과간호,null,1,3,3,null
6,21,429,10011, 가족건강과간호,null,2,3,3,null
6,21,429,10932, 건축으로읽는사회문화사,null,1,3,3,null
6,21,429,10932, 건축으로읽는사회문화사,null,2,3,3,null
6,21,429,10013, 경영과사회,null,1,3,3,null
6,21,429,10013, 경영과사회,null,2,3,3,null
6,21,429,11210, 교육커뮤니케이션의이해와실제,null,1,3,3,null
6,21,429,11210, 교육커뮤니케이션의이해와실제,null,2,3,3,null
6,21,429,10949, 국제구호와개발협력,null,1,3,3,null
6,21,429,10949, 국제구호와개발협력,null,2,3,3,null
6,21,429,10913, 글로벌시대의다문화사회,null,1,3,3,null
6,21,429,10913, 글로벌시대의다문화사회,null,2,3,3,null
6,21,429,10914, 글로벌시대의아시아여성,null,1,3,3,null
6,21,429,10914, 글로벌시대의아시아여성,null,2,3,3,null
6,21,429,11260, 기업과정신과혁신,null,1,3,3,null
6,21,429,11260, 기업과정신과혁신,null,2,3,3,null
6,21,429,10091, 노동과젠더,null,1,3,3,null
6,21,429,10091, 노동과젠더,null,2,3,3,null
6,21,429,11332, 도시공간문화로읽는한국사,null,1,3,3,null
6,21,429,11332, 도시공간문화로읽는한국사,null,2,3,3,null
6,21,429,10886, 동양고전의현대적이해,null,1,3,3,null
6,21,429,10886, 동양고전의현대적이해,null,2,3,3,null
6,21,429,11292, 모방과인간,null,1,3,3,null
6,21,429,11292, 모방과인간,null,2,3,3,null
6,21,429,11193, 법과젠더,null,1,3,3,null
6,21,429,11193, 법과젠더,null,2,3,3,null
6,21,429,10549, 북한정치의이해,null,1,3,3,null
6,21,429,10549, 북한정치의이해,null,2,3,3,null
6,21,429,10548, 북한주민의문화와생활,null,1,3,3,null
6,21,429,10548, 북한주민의문화와생활,null,2,3,3,null
6,21,429,10929, 브레인스펙트럼,null,1,3,3,null
6,21,429,10929, 브레인스펙트럼,null,2,3,3,null
6,21,429,10573, 생명윤리와법,null,1,3,3,null
6,21,429,10573, 생명윤리와법,null,2,3,3,null
6,21,429,10074, 성문화연구,null,1,3,3,null
6,21,429,10074, 성문화연구,null,2,3,3,null
6,21,429,10081, 시민생활과법,null,1,3,3,null
6,21,429,10081, 시민생활과법,null,2,3,3,null
6,21,429,10094, 여성학,null,1,3,3,null
6,21,429,10094, 여성학,null,2,3,3,null
6,21,429,11089, 여행과지리:글로벌화의지역탐색,null,1,3,3,null
6,21,429,11089, 여행과지리:글로벌화의지역탐색,null,2,3,3,null
6,21,429,10908, 영상이미지와젠더,null,1,3,3,null
6,21,429,10908, 영상이미지와젠더,null,2,3,3,null
6,21,429,10904, 우리사회의문제와쟁점찾기,null,1,3,3,null
6,21,429,10904, 우리사회의문제와쟁점찾기,null,2,3,3,null
6,21,429,11358, 인간관계심리,null,1,3,3,null
6,21,429,11358, 인간관계심리,null,2,3,3,null
6,21,429,10109, 인간발달과가족,null,1,3,3,null
6,21,429,10109, 인간발달과가족,null,2,3,3,null
6,21,429,10903, 인간발달과문화의다양성,null,1,3,3,null
6,21,429,10903, 인간발달과문화의다양성,null,2,3,3,null
6,21,429,11114, 인간은왜춤을추는가,null,1,3,3,null
6,21,429,11114, 인간은왜춤을추는가,null,2,3,3,null
6,21,429,11103, 인터넷과법,null,1,3,3,null
6,21,429,11103, 인터넷과법,null,2,3,3,null
6,21,429,11359, 정신건강과행복,null,1,3,3,null
6,21,429,11359, 정신건강과행복,null,2,3,3,null
6,21,429,11104, 죄와벌,null,1,3,3,null
6,21,429,11104, 죄와벌,null,2,3,3,null
6,21,429,10905, 지구촌의사회복지,null,1,3,3,null
6,21,429,10905, 지구촌의사회복지,null,2,3,3,null
6,21,429,11105, 직업세계와법,null,1,3,3,null
6,21,429,11105, 직업세계와법,null,2,3,3,null
6,21,429,11039, 키워드로읽는중국문화,null,1,3,3,null
6,21,429,11039, 키워드로읽는중국문화,null,2,3,3,null
6,21,429,11215, 통합적분쟁이해와조정,null,1,3,3,null
6,21,429,11215, 통합적분쟁이해와조정,null,2,3,3,null
6,21,429,10887, 현대중국의이해,null,1,3,3,null
6,21,429,10887, 현대중국의이해,null,2,3,3,null
6,21,429,11162, Middle Eastern Political Theology: Religious Sources,null,1,3,3,null
6,21,429,11162, Middle Eastern Political Theology: Religious Sources,null,2,3,3,null
6,21,429,11079, 장애와사회,null,1,3,3,null
6,21,429,11079, 장애와사회,null,2,3,3,null
6,21,429,11296, 청춘의아픔과치유:행복인문학,null,1,3,3,null
6,21,429,11296, 청춘의아픔과치유:행복인문학,null,2,3,3,null
6,21,429,10181, 환경과인간,null,1,3,3,null
6,21,429,10181, 환경과인간,null,2,3,3,null
6,21,429,11188, Introduction to Ethnic Conflict and Management,null,1,3,3,null
6,21,429,11188, Introduction to Ethnic Conflict and Management,null,2,3,3,null
6,21,429,11106, 글로벌시민의이해와리더십,null,1,3,3,null
6,21,429,11106, 글로벌시민의이해와리더십,null,2,3,3,null
6,21,429,10933, 대학생의성건강,null,1,3,3,null
6,21,429,10933, 대학생의성건강,null,2,3,3,null
6,21,429,11308, 데이터로고전읽기,null,1,3,3,null
6,21,429,11308, 데이터로고전읽기,null,2,3,3,null
6,21,429,11351, 삶을위한멘탈코칭,null,1,3,3,null
6,21,429,11351, 삶을위한멘탈코칭,null,1,3,3,null
6,21,430,10556, 4차산업혁명과창의융합SW,null,1,3,3,null
6,21,430,10556, 4차산업혁명과창의융합SW,null,2,3,3,null
6,21,430,10930, Behavior of Animals,null,1,3,3,null
6,21,430,10930, Behavior of Animals,null,2,3,3,null
6,21,430,11111, SF영화로배우는철학,null,1,3,3,null
6,21,430,11111, SF영화로배우는철학,null,2,3,3,null
6,21,430,11213, 과학과몸의역사,null,1,3,3,null
6,21,430,11213, 과학과몸의역사,null,2,3,3,null
6,21,430,11155, 과학과허구,null,1,3,3,null
6,21,430,11155, 과학과허구,null,2,3,3,null
6,21,430,11101, 과학문화와커뮤니케이션,null,1,3,3,null
6,21,430,11101, 과학문화와커뮤니케이션,null,2,3,3,null
6,21,430,10776, 글로벌시민을위한과학소양,null,1,3,3,null
6,21,430,10776, 글로벌시민을위한과학소양,null,2,3,3,null
6,21,430,11154, 사물인터넷개론,null,1,3,3,null
6,21,430,11154, 사물인터넷개론,null,2,3,3,null
6,21,430,10052, 약과건강,null,1,3,3,null
6,21,430,10052, 약과건강,null,2,3,3,null
6,21,430,11102," 에너지의이해,이용,실천",null,1,3,3,null
6,21,430,11102," 에너지의이해,이용,실천",null,2,3,3,null
6,21,430,11257, 에피소드로보는과학철학,null,1,3,3,null
6,21,430,11257, 에피소드로보는과학철학,null,2,3,3,null
6,21,430,10910, 위험판단심리학,null,1,3,3,null
6,21,430,10910, 위험판단심리학,null,2,3,3,null
6,21,430,10104, 응용통계입문,null,1,3,3,null
6,21,430,10104, 응용통계입문,null,2,3,3,null
6,21,430,11336, 인공지능과인간,null,1,3,3,null
6,21,430,11336, 인공지능과인간,null,2,3,3,null
6,21,430,11261, 인공지능시대의정보산업이해,null,1,3,3,null
6,21,430,11261, 인공지능시대의정보산업이해,null,2,3,3,null
6,21,430,10559, 인류문명과환경과학,null,1,3,3,null
6,21,430,10559, 인류문명과환경과학,null,2,3,3,null
6,21,430,11156," 자연과의대화,환경생태",null,1,3,3,null
6,21,430,11156," 자연과의대화,환경생태",null,2,3,3,null
6,21,430,11160, 정보기술과미래사회,null,1,3,3,null
6,21,430,11160, 정보기술과미래사회,null,2,3,3,null
6,21,430,10123, 정보사회와인터넷윤리,null,1,3,3,null
6,21,430,10123, 정보사회와인터넷윤리,null,2,3,3,null
6,21,430,11096, 정보화사회와통계,null,1,3,3,null
6,21,430,11096, 정보화사회와통계,null,2,3,3,null
6,21,430,10135, 지구의역사,null,1,3,3,null
6,21,430,10135, 지구의역사,null,2,3,3,null
6,21,430,11042, 컴퓨터와마음,null,1,3,3,null
6,21,430,11042, 컴퓨터와마음,null,2,3,3,null
6,21,430,11152, 콘텐츠컴퓨팅,null,1,3,3,null
6,21,430,11152, 콘텐츠컴퓨팅,null,2,3,3,null
6,21,430,11145, 크리에이티브컴퓨팅,null,1,3,3,null
6,21,430,11145, 크리에이티브컴퓨팅,null,2,3,3,null
6,21,430,10164, 현대물리학과인간사고의변혁,null,1,3,3,null
6,21,430,10164, 현대물리학과인간사고의변혁,null,2,3,3,null
6,21,430,11157, 환경재난과국제협력,null,1,3,3,null
6,21,430,11157, 환경재난과국제협력,null,2,3,3,null
6,21,430,11262, 생활속의미생물,null,1,3,3,null
6,21,430,11262, 생활속의미생물,null,2,3,3,null
6,21,430,11264, 세계의자연유산과지오투어리즘,null,1,3,3,null
6,21,430,11264, 세계의자연유산과지오투어리즘,null,2,3,3,null
6,21,430,11043, 현대사회의기록과정보,null,1,3,3,null
6,21,430,11043, 현대사회의기록과정보,null,2,3,3,null
6,21,430,11187, 빅데이터사회와정보활용,null,1,3,3,null
6,21,430,11187, 빅데이터사회와정보활용,null,2,3,3,null
6,21,430,11098, 주거로보는건축문화,null,1,3,3,null
6,21,430,11098, 주거로보는건축문화,null,2,3,3,null
6,20,420,35136,서양의역사와문화,1,1,3,3,null
6,20,420,35138,동아시아의역사와문화,1,2,3,3,null
6,20,420,35137,한국의역사와문화,1,2,3,3,null
6,20,420,35140,근대중국의개혁과혁명,2,1,3,3,null
6,20,420,30922,역사학의이해,2,1,3,3,null
6,20,420,35139,한국근대사의전개,2,1,3,3,null
6,20,420,35141,고대지중해세계,2,2,3,3,null
6,20,420,38119,사료로보는서양사,2,2,3,3,null
6,20,420,35152,중국근세의사회와문화,2,2,3,3,null
6,20,420,35142,한국고대사회와문화,2,2,3,3,null
6,20,420,38121,사학전공설계심화2,3,1,null,3,null
6,20,420,38120,사학전공설계심화1,3,1,null,3,null
6,20,420,38121,사학전공설계심화2,3,2,null,3,null
6,20,420,38120,사학전공설계심화1,3,2,null,3,null
6,20,420,32833,일본사,3,1,3,3,null
6,20,420,35143,중국문명의성립과전개,3,1,3,3,null
6,20,420,35153,중세유럽문명,3,1,3,3,null
6,20,420,35150,한국여성생활문화사,3,1,3,3,null
6,20,420,35149,한국의전통과민속문화,3,1,3,3,null
6,20,420,35145,한국중세사회와문화,3,1,3,3,null
6,20,420,38124,사회주의의역사,3,2,3,3,null
6,20,420,35147,서양근대사회의형성,3,2,3,3,null
6,20,420,20243,자본주의의역사,3,2,3,3,null
6,20,420,38123,중국경제사,3,2,3,3,null
6,20,420,30199,중국현대사의흐름,3,2,3,3,null
6,20,420,35151,한국근세사회와문화,3,2,3,3,null
6,20,420,38127,역사문화와현장학습1,4,1,null,1,null
6,20,420,38128,역사문화와현장학습2,4,1,null,1,null
6,20,420,38129,역사문화와현장학습3,4,1,null,1,null
6,20,420,38127,역사문화와현장학습1,4,2,null,1,null
6,20,420,38128,역사문화와현장학습2,4,2,null,1,null
6,20,420,38129,역사문화와현장학습3,4,2,null,1,null
6,20,420,20237,동서문화교류사,4,1,3,3,null
6,20,420,38130,사료로보는한국사,4,1,3,3,null
6,20,420,38126,서양문명과과학기술,4,1,3,3,null
6,20,420,35144,서양현대사의흐름과세계,4,1,3,3,null
6,20,420,38125,중국의가족과사회,4,1,3,3,null
6,20,420,35157,한국인의삶과사상,4,1,3,3,null
6,20,420,20246,냉전과탈식민화의역사,4,2,3,3,null
6,20,420,37204,역사와문화콘텐츠(캡스톤디자인),4,2,3,3,null
6,20,420,38131,일본근대의흐름과쟁점,4,2,3,3,null
6,20,420,36835,일본사회문화사,4,2,3,3,null
6,20,420,35156,한국의문화와국제교류,4,2,3,3,null
6,20,420,35154,한국현대사의전개,4,2,3,3,null
6,21,431,35136,서양의역사와문화,1,1,3,3,null
6,21,431,35138,동아시아의역사와문화,1,2,3,3,null
6,21,431,35137,한국의역사와문화,1,2,3,3,null
6,21,431,35140,근대중국의개혁과혁명,2,1,3,3,null
6,21,431,30922,역사학의이해,2,1,3,3,null
6,21,431,35139,한국근대사의전개,2,1,3,3,null
6,21,431,35141,고대지중해세계,2,2,3,3,null
6,21,431,38119,사료로보는서양사,2,2,3,3,null
6,21,431,35152,중국근세의사회와문화,2,2,3,3,null
6,21,431,35142,한국고대사회와문화,2,2,3,3,null
6,21,431,38121,사학전공설계심화2,3,1,null,3,null
6,21,431,38120,사학전공설계심화1,3,1,null,3,null
6,21,431,38121,사학전공설계심화2,3,2,null,3,null
6,21,431,38120,사학전공설계심화1,3,2,null,3,null
6,21,431,32833,일본사,3,1,3,3,null
6,21,431,35143,중국문명의성립과전개,3,1,3,3,null
6,21,431,35153,중세유럽문명,3,1,3,3,null
6,21,431,35150,한국여성생활문화사,3,1,3,3,null
6,21,431,35149,한국의전통과민속문화,3,1,3,3,null
6,21,431,35145,한국중세사회와문화,3,1,3,3,null
6,21,431,38124,사회주의의역사,3,2,3,3,null
6,21,431,35147,서양근대사회의형성,3,2,3,3,null
6,21,431,20243,자본주의의역사,3,2,3,3,null
6,21,431,38123,중국경제사,3,2,3,3,null
6,21,431,30199,중국현대사의흐름,3,2,3,3,null
6,21,431,35151,한국근세사회와문화,3,2,3,3,null
6,21,431,38127,역사문화와현장학습1,4,1,null,1,null
6,21,431,38128,역사문화와현장학습2,4,1,null,1,null
6,21,431,38129,역사문화와현장학습3,4,1,null,1,null
6,21,431,38127,역사문화와현장학습1,4,2,null,1,null
6,21,431,38128,역사문화와현장학습2,4,2,null,1,null
6,21,431,38129,역사문화와현장학습3,4,2,null,1,null
6,21,431,20237,동서문화교류사,4,1,3,3,null
6,21,431,38130,사료로보는한국사,4,1,3,3,null
6,21,431,38126,서양문명과과학기술,4,1,3,3,null
6,21,431,35144,서양현대사의흐름과세계,4,1,3,3,null
6,21,431,38125,중국의가족과사회,4,1,3,3,null
6,21,431,35157,한국인의삶과사상,4,1,3,3,null
6,21,431,20246,냉전과탈식민화의역사,4,2,3,3,null
6,21,431,37204,역사와문화콘텐츠(캡스톤디자인),4,2,3,3,null
6,21,431,38131,일본근대의흐름과쟁점,4,2,3,3,null
6,21,431,36835,일본사회문화사,4,2,3,3,null
6,21,431,35156,한국의문화와국제교류,4,2,3,3,null
6,21,431,35154,한국현대사의전개,4,2,3,3,null
7,20,432,10023, 기독교와세계,1,1,3,3,null
7,20,432,10023, 기독교와세계,1,2,3,3,null
7,20,433,11352, 통합적사고와글쓰기,1,1,3,2,null
7,20,433,11352, 통합적사고와글쓰기,1,2,3,2,null
7,20,435,10099, Advanced English,1,1,3,3,null
7,20,435,10099, Advanced English,1,2,3,3,null
7,20,436,10563,기본중국어,1,1,3,3,null
7,20,436,10563,기본중국어,1,2,3,3,null
7,20,436,10133,중급중국어,1,1,3,3,null
7,20,436,10133,중급중국어,1,2,3,3,null
7,20,436,10564,기본프랑스어,1,1,3,3,null
7,20,436,10564,기본프랑스어,1,2,3,3,null
7,20,436,10565,중급프랑스어,1,1,3,3,null
7,20,436,10565,중급프랑스어,1,2,3,3,null
7,20,436,10566,기본독일어,1,1,3,3,null
7,20,436,10566,기본독일어,1,2,3,3,null
7,20,436,10130,중급독일어,1,1,3,3,null
7,20,436,10130,중급독일어,1,2,3,3,null
7,20,436,10570,기본일본어,1,1,3,3,null
7,20,436,10570,기본일본어,1,2,3,3,null
7,20,436,10132,중급일본어,1,1,3,3,null
7,20,436,10132,중급일본어,1,2,3,3,null
7,20,436,10571,기본스페인어,1,1,3,3,null
7,20,436,10571,기본스페인어,1,2,3,3,null
7,20,436,10665,중급스페인어,1,1,3,3,null
7,20,436,10665,중급스페인어,1,2,3,3,null
7,20,436,10572,기본러시아어,1,1,3,3,null
7,20,436,10572,기본러시아어,1,2,3,3,null
7,20,434,11208, IT융합설계개론,null,1,3,3,null
7,20,434,11208, IT융합설계개론,null,2,3,3,null
7,20,434,11206, 계산의기초와융합적문제해결,null,1,3,3,null
7,20,434,11206, 계산의기초와융합적문제해결,null,2,3,3,null
7,20,434,11204, 논리와컴퓨터,null,1,3,3,null
7,20,434,11204, 논리와컴퓨터,null,2,3,3,null
7,20,434,11357, 데이터컨버전스와법,null,1,3,3,null
7,20,434,11357, 데이터컨버전스와법,null,2,3,3,null
7,20,434,11373, 데이터컴퓨팅,null,1,3,3,null
7,20,434,11373, 데이터컴퓨팅,null,2,3,3,null
7,20,434,11356, 리눅스와시스템적사고,null,1,3,3,null
7,20,434,11356, 리눅스와시스템적사고,null,2,3,3,null
7,20,434,11309, 문제해결과SW프로그래밍,null,1,3,3,null
7,20,434,11309, 문제해결과SW프로그래밍,null,2,3,3,null
7,20,434,11365, 빅데이터와젠더,null,1,3,3,null
7,20,434,11365, 빅데이터와젠더,null,2,3,3,null
7,20,434,11367, 사회문제해결을위한R프로그래밍기초,null,1,3,3,null
7,20,434,11367, 사회문제해결을위한R프로그래밍기초,null,2,3,3,null
7,20,434,11233, 음악테크놀로지와프로그래밍,null,1,3,3,null
7,20,434,11233, 음악테크놀로지와프로그래밍,null,2,3,3,null
7,20,434,11368, 정보와인공지능의수리적이해,null,1,3,3,null
7,20,434,11368, 정보와인공지능의수리적이해,null,2,3,3,null
7,20,434,11205, 컴퓨터과학적인식과문제해결,null,1,3,3,null
7,20,434,11205, 컴퓨터과학적인식과문제해결,null,2,3,3,null
7,20,434,11374, 컴퓨터보안과윈도우포렌식,null,1,3,3,null
7,20,434,11374, 컴퓨터보안과윈도우포렌식,null,2,3,3,null
7,20,434,11362, 컴퓨터속의우주,null,1,3,3,null
7,20,434,11362, 컴퓨터속의우주,null,2,3,3,null
7,20,434,11369, 컴퓨터식문제해결기법,null,1,3,3,null
7,20,434,11369, 컴퓨터식문제해결기법,null,2,3,3,null
7,20,434,11232, 컴퓨터적사고와이해,null,1,3,3,null
7,20,434,11232, 컴퓨터적사고와이해,null,2,3,3,null
7,20,434,11234, 컴퓨터적사고와조형적활용,null,1,3,3,null
7,20,434,11234, 컴퓨터적사고와조형적활용,null,2,3,3,null
7,20,434,11211, 컴퓨팅적사고와프로그래밍,null,1,3,3,null
7,20,434,11211, 컴퓨팅적사고와프로그래밍,null,2,3,3,null
7,20,434,11364, 푸드테크시대의음식과디자인,null,1,3,3,null
7,20,434,11364, 푸드테크시대의음식과디자인,null,2,3,3,null
7,20,434,11207, 프로그래밍과통계적사고,null,1,3,3,null
7,20,434,11207, 프로그래밍과통계적사고,null,2,3,3,null
7,20,434,11361, 프로그래밍을위한컴퓨팅적사고,null,1,3,3,null
7,20,434,11361, 프로그래밍을위한컴퓨팅적사고,null,2,3,3,null
7,20,437,11053, 21세기사회와문학의대화,null,1,3,3,null
7,20,437,11053, 21세기사회와문학의대화,null,2,3,3,null
7,20,437,11334, Critical and Creative Textual Studies,null,1,3,3,null
7,20,437,11334, Critical and Creative Textual Studies,null,2,3,3,null
7,20,437,11183, The Story of Human Language,null,1,3,3,null
7,20,437,11183, The Story of Human Language,null,2,3,3,null
7,20,437,11165, Topics in Multiethnic American Literature,null,1,3,3,null
7,20,437,11165, Topics in Multiethnic American Literature,null,2,3,3,null
7,20,437,11112, 다매체시대의비교문학,null,1,3,3,null
7,20,437,11112, 다매체시대의비교문학,null,2,3,3,null
7,20,437,11108, 동아시아문학으로문화읽기,null,1,3,3,null
7,20,437,11108, 동아시아문학으로문화읽기,null,2,3,3,null
7,20,437,11038, 디지털미디어시대의동아시아문자,null,1,3,3,null
7,20,437,11038, 디지털미디어시대의동아시아문자,null,2,3,3,null
7,20,437,10041, 문학과삶,null,1,3,3,null
7,20,437,10041, 문학과삶,null,2,3,3,null
7,20,437,10654, 문학과영화,null,1,3,3,null
7,20,437,10654, 문학과영화,null,2,3,3,null
7,20,437,11148, 문학으로보는사랑의역사,null,1,3,3,null
7,20,437,11148, 문학으로보는사랑의역사,null,2,3,3,null
7,20,437,11184, 문학으로함께배우는매체/이야기,null,1,3,3,null
7,20,437,11184, 문학으로함께배우는매체/이야기,null,2,3,3,null
7,20,437,11146, 문화로읽는현대시의세계,null,1,3,3,null
7,20,437,11146, 문화로읽는현대시의세계,null,1,3,3,null
7,20,437,11147, 사이언스픽션의이해,null,1,3,3,null
7,20,437,11147, 사이언스픽션의이해,null,2,3,3,null
7,20,437,11297, 생태와문학,null,1,3,3,null
7,20,437,11297, 생태와문학,null,2,3,3,null
7,20,437,10768, 신화·상상력·문화,null,1,3,3,null
7,20,437,10768, 신화·상상력·문화,null,2,3,3,null
7,20,437,11109, 여행문학과세계인식,null,1,3,3,null
7,20,437,11109, 여행문학과세계인식,null,2,3,3,null
7,20,437,10882, 인간과언어,null,1,3,3,null
7,20,437,10882, 인간과언어,null,2,3,3,null
7,20,437,11258, 자연과문학,null,1,3,3,null
7,20,437,11258, 자연과문학,null,2,3,3,null
7,20,437,10543, 한국현대시와삶읽기,null,1,3,3,null
7,20,437,10543, 한국현대시와삶읽기,null,2,3,3,null
7,20,437,11134, 현대영어권문학의동향,null,1,3,3,null
7,20,437,11134, 현대영어권문학의동향,null,2,3,3,null
7,20,437,10896, 환상문학의세계,null,1,3,3,null
7,20,437,10896, 환상문학의세계,null,2,3,3,null
7,20,437,10950, 디지털스토리텔링의이해,null,1,3,3,null
7,20,437,10950, 디지털스토리텔링의이해,null,2,3,3,null
7,20,438,11107, 21세기의예술과인간,null,1,3,3,null
7,20,438,11107, 21세기의예술과인간,null,2,3,3,null
7,20,438,11164, Contemporary Photography,null,1,3,3,null
7,20,438,11164, Contemporary Photography,null,2,3,3,null
7,20,438,10033, 동양미술의이해,null,1,3,3,null
7,20,438,10033, 동양미술의이해,null,2,3,3,null
7,20,438,10778, 디지털매체와예술,null,1,3,3,null
7,20,438,10778, 디지털매체와예술,null,2,3,3,null
7,20,438,10576, 무용의이해,null,1,3,3,null
7,20,438,10576, 무용의이해,null,2,3,3,null
7,20,438,11153, 문화콘텐츠기획의이해,null,1,3,3,null
7,20,438,11153, 문화콘텐츠기획의이해,null,2,3,3,null
7,20,438,11328, 미술로치유하는마음,null,1,3,3,null
7,20,438,11328, 미술로치유하는마음,null,2,3,3,null
7,20,438,11083, 미학과미술,null,1,3,3,null
7,20,438,11083, 미학과미술,null,2,3,3,null
7,20,438,10072, 서양미술의이해,null,1,3,3,null
7,20,438,10072, 서양미술의이해,null,2,3,3,null
7,20,438,10073, 서양음악의이해,null,1,3,3,null
7,20,438,10073, 서양음악의이해,null,2,3,3,null
7,20,438,11084, 시각문화로서미술작품읽기,null,1,3,3,null
7,20,438,11084, 시각문화로서미술작품읽기,null,2,3,3,null
7,20,438,11209, 시각적사고를통한일상의문화와트랜드,null,1,3,3,null
7,20,438,11209, 시각적사고를통한일상의문화와트랜드,null,2,3,3,null
7,20,438,10090, 여성과예술,null,1,3,3,null
7,20,438,10090, 여성과예술,null,2,3,3,null
7,20,438,11113, 여성의몸과창조적움직임,null,1,3,3,null
7,20,438,11113, 여성의몸과창조적움직임,null,2,3,3,null
7,20,438,10097, 연극의이론과실제,null,1,3,3,null
7,20,438,10097, 연극의이론과실제,null,2,3,3,null
7,20,438,11110, 예술가와그의시대,null,1,3,3,null
7,20,438,11110, 예술가와그의시대,null,2,3,3,null
7,20,438,10100, 예술과사상,null,1,3,3,null
7,20,438,10100, 예술과사상,null,2,3,3,null
7,20,438,11055, 옛시와그림의만남,null,1,3,3,null
7,20,438,11055, 옛시와그림의만남,null,2,3,3,null
7,20,438,11265, 음악과건강,null,1,3,3,null
7,20,438,11265, 음악과건강,null,2,3,3,null
7,20,438,11075, 창조와상상의기술,null,1,3,3,null
7,20,438,11075, 창조와상상의기술,null,2,3,3,null
7,20,438,11035," 퍼포먼스인문학:제의,놀이,연극",null,1,3,3,null
7,20,438,11035," 퍼포먼스인문학:제의,놀이,연극",null,2,3,3,null
7,20,438,10892," 표현,예술,그리고시대정신",null,1,3,3,null
7,20,438,10892," 표현,예술,그리고시대정신",null,2,3,3,null
7,20,438,10152, 한국미술의이해,null,1,3,3,null
7,20,438,10152, 한국미술의이해,null,2,3,3,null
7,20,438,11333," 한국사와상상력,스토리텔링",null,1,3,3,null
7,20,438,11333," 한국사와상상력,스토리텔링",null,2,3,3,null
7,20,438,10883, 한국의문화공간과예술,null,1,3,3,null
7,20,438,10883, 한국의문화공간과예술,null,2,3,3,null
7,20,438,10165, 현대미술사,null,1,3,3,null
7,20,438,10165, 현대미술사,null,2,3,3,null
7,20,438,11330, Reading American Popular Culture in the Digital Age,null,1,3,3,null
7,20,438,11330, Reading American Popular Culture in the Digital Age,null,2,3,3,null
7,20,438,10018, 국악의이해,null,1,3,3,null
7,20,438,10018, 국악의이해,null,2,3,3,null
7,20,438,11329, 색채의이해,null,1,3,3,null
7,20,438,11329, 색채의이해,null,2,3,3,null
7,20,438,11263, 예술과기술,null,1,3,3,null
7,20,438,11263, 예술과기술,null,2,3,3,null
7,20,438,11116, Introduction to World Music and Culture,null,1,3,3,null
7,20,438,11116, Introduction to World Music and Culture,null,2,3,3,null
7,20,438,11135, 사물과예술,null,1,3,3,null
7,20,438,11135, 사물과예술,null,2,3,3,null
7,20,439,11190, The Art of Thinking,null,1,3,3,null
7,20,439,11190, The Art of Thinking,null,2,3,3,null
7,20,439,10545, 근대일본과동아시아,null,1,3,3,null
7,20,439,10545, 근대일본과동아시아,null,2,3,3,null
7,20,439,11046, 동서양의인간이해,null,1,3,3,null
7,20,439,11046, 동서양의인간이해,null,2,3,3,null
7,20,439,10034, 동양철학의이해,null,1,3,3,null
7,20,439,10034, 동양철학의이해,null,2,3,3,null
7,20,439,10769, 모던/포스트모던문화읽기,null,1,3,3,null
7,20,439,10769, 모던/포스트모던문화읽기,null,2,3,3,null
7,20,439,11056, 문화로읽는한국사,null,1,3,3,null
7,20,439,11056, 문화로읽는한국사,null,2,3,3,null
7,20,439,11185, 문화와예술을통해본르네상스역사,null,1,3,3,null
7,20,439,11185, 문화와예술을통해본르네상스역사,null,2,3,3,null
7,20,439,10772, 여성과사회정의,null,1,3,3,null
7,20,439,10772, 여성과사회정의,null,2,3,3,null
7,20,439,11054, 연어프로젝트:한국여성나의뿌리를찾아서 ,null,1,3,3,null
7,20,439,11054, 연어프로젝트:한국여성나의뿌리를찾아서 ,null,2,3,3,null
7,20,439,10108, 인간과종교,null,1,3,3,null
7,20,439,10108, 인간과종교,null,2,3,3,null
7,20,439,11041, 인간과철학적사유,null,1,3,3,null
7,20,439,11041, 인간과철학적사유,null,2,3,3,null
7,20,439,11293, 인물로본중국의역사,null,1,3,3,null
7,20,439,11293, 인물로본중국의역사,null,2,3,3,null
7,20,439,10581, 인물로본한국사,null,1,3,3,null
7,20,439,10581, 인물로본한국사,null,2,3,3,null
7,20,439,11078, 젠더와역사,null,1,3,3,null
7,20,439,11078, 젠더와역사,null,2,3,3,null
7,20,439,10767, 종교와문화,null,1,3,3,null
7,20,439,10767, 종교와문화,null,2,3,3,null
7,20,439,11057, 주제로살펴보는서양근현대사,null,1,3,3,null
7,20,439,11057, 주제로살펴보는서양근현대사,null,2,3,3,null
7,20,439,10544, 중국의역사와문화,null,1,3,3,null
7,20,439,10544, 중국의역사와문화,null,2,3,3,null
7,20,439,11297, 질병치료와백신의역사,null,1,3,3,null
7,20,439,11297, 질병치료와백신의역사,null,2,3,3,null
7,20,439,11189, 철학의은유들,null,1,3,3,null
7,20,439,11189, 철학의은유들,null,2,3,3,null
7,20,439,11045, 패러다임전환과비판이론,null,1,3,3,null
7,20,439,11045, 패러다임전환과비판이론,null,2,3,3,null
7,20,439,10149, 한국근현대사 ,null,1,3,3,null
7,20,439,10149, 한국근현대사 ,null,2,3,3,null
7,20,439,11058, 한국사의새로운이해,null,1,3,3,null
7,20,439,11058, 한국사의새로운이해,null,2,3,3,null
7,20,439,11366, 한국의문화유산역사여행,null,1,3,3,null
7,20,439,11366, 한국의문화유산역사여행,null,2,3,3,null
7,20,439,11186, Evolutionary Origin of Humans,null,1,3,3,null
7,20,439,11186, Evolutionary Origin of Humans,null,2,3,3,null
7,20,439,11295, 인공지능시대의과학과종교,null,1,3,3,null
7,20,439,11295, 인공지능시대의과학과종교,null,2,3,3,null
7,20,440,11360, ICT융복합복지와법,null,1,3,3,null
7,20,440,11360, ICT융복합복지와법,null,2,3,3,null
7,20,440,11259, SDGs시대글로벌보건협력:개발도상국의보건의료현황과국제사회의지원 ,null,1,3,3,null
7,20,440,11259, SDGs시대글로벌보건협력:개발도상국의보건의료현황과국제사회의지원 ,null,2,3,3,null
7,20,440,10011, 가족건강과간호,null,1,3,3,null
7,20,440,10011, 가족건강과간호,null,2,3,3,null
7,20,440,10932, 건축으로읽는사회문화사,null,1,3,3,null
7,20,440,10932, 건축으로읽는사회문화사,null,2,3,3,null
7,20,440,10013, 경영과사회,null,1,3,3,null
7,20,440,10013, 경영과사회,null,2,3,3,null
7,20,440,11210, 교육커뮤니케이션의이해와실제,null,1,3,3,null
7,20,440,11210, 교육커뮤니케이션의이해와실제,null,2,3,3,null
7,20,440,10949, 국제구호와개발협력,null,1,3,3,null
7,20,440,10949, 국제구호와개발협력,null,2,3,3,null
7,20,440,10913, 글로벌시대의다문화사회,null,1,3,3,null
7,20,440,10913, 글로벌시대의다문화사회,null,2,3,3,null
7,20,440,10914, 글로벌시대의아시아여성,null,1,3,3,null
7,20,440,10914, 글로벌시대의아시아여성,null,2,3,3,null
7,20,440,11260, 기업과정신과혁신,null,1,3,3,null
7,20,440,11260, 기업과정신과혁신,null,2,3,3,null
7,20,440,10091, 노동과젠더,null,1,3,3,null
7,20,440,10091, 노동과젠더,null,2,3,3,null
7,20,440,11332, 도시공간문화로읽는한국사,null,1,3,3,null
7,20,440,11332, 도시공간문화로읽는한국사,null,2,3,3,null
7,20,440,10886, 동양고전의현대적이해,null,1,3,3,null
7,20,440,10886, 동양고전의현대적이해,null,2,3,3,null
7,20,440,11292, 모방과인간,null,1,3,3,null
7,20,440,11292, 모방과인간,null,2,3,3,null
7,20,440,11193, 법과젠더,null,1,3,3,null
7,20,440,11193, 법과젠더,null,2,3,3,null
7,20,440,10549, 북한정치의이해,null,1,3,3,null
7,20,440,10549, 북한정치의이해,null,2,3,3,null
7,20,440,10548, 북한주민의문화와생활,null,1,3,3,null
7,20,440,10548, 북한주민의문화와생활,null,2,3,3,null
7,20,440,10929, 브레인스펙트럼,null,1,3,3,null
7,20,440,10929, 브레인스펙트럼,null,2,3,3,null
7,20,440,10573, 생명윤리와법,null,1,3,3,null
7,20,440,10573, 생명윤리와법,null,2,3,3,null
7,20,440,10074, 성문화연구,null,1,3,3,null
7,20,440,10074, 성문화연구,null,2,3,3,null
7,20,440,10081, 시민생활과법,null,1,3,3,null
7,20,440,10081, 시민생활과법,null,2,3,3,null
7,20,440,10094, 여성학,null,1,3,3,null
7,20,440,10094, 여성학,null,2,3,3,null
7,20,440,11089, 여행과지리:글로벌화의지역탐색,null,1,3,3,null
7,20,440,11089, 여행과지리:글로벌화의지역탐색,null,2,3,3,null
7,20,440,10908, 영상이미지와젠더,null,1,3,3,null
7,20,440,10908, 영상이미지와젠더,null,2,3,3,null
7,20,440,10904, 우리사회의문제와쟁점찾기,null,1,3,3,null
7,20,440,10904, 우리사회의문제와쟁점찾기,null,2,3,3,null
7,20,440,11358, 인간관계심리,null,1,3,3,null
7,20,440,11358, 인간관계심리,null,2,3,3,null
7,20,440,10109, 인간발달과가족,null,1,3,3,null
7,20,440,10109, 인간발달과가족,null,2,3,3,null
7,20,440,10903, 인간발달과문화의다양성,null,1,3,3,null
7,20,440,10903, 인간발달과문화의다양성,null,2,3,3,null
7,20,440,11114, 인간은왜춤을추는가,null,1,3,3,null
7,20,440,11114, 인간은왜춤을추는가,null,2,3,3,null
7,20,440,11103, 인터넷과법,null,1,3,3,null
7,20,440,11103, 인터넷과법,null,2,3,3,null
7,20,440,11359, 정신건강과행복,null,1,3,3,null
7,20,440,11359, 정신건강과행복,null,2,3,3,null
7,20,440,11104, 죄와벌,null,1,3,3,null
7,20,440,11104, 죄와벌,null,2,3,3,null
7,20,440,10905, 지구촌의사회복지,null,1,3,3,null
7,20,440,10905, 지구촌의사회복지,null,2,3,3,null
7,20,440,11105, 직업세계와법,null,1,3,3,null
7,20,440,11105, 직업세계와법,null,2,3,3,null
7,20,440,11039, 키워드로읽는중국문화,null,1,3,3,null
7,20,440,11039, 키워드로읽는중국문화,null,2,3,3,null
7,20,440,11215, 통합적분쟁이해와조정,null,1,3,3,null
7,20,440,11215, 통합적분쟁이해와조정,null,2,3,3,null
7,20,440,10887, 현대중국의이해,null,1,3,3,null
7,20,440,10887, 현대중국의이해,null,2,3,3,null
7,20,440,11162, Middle Eastern Political Theology: Religious Sources,null,1,3,3,null
7,20,440,11162, Middle Eastern Political Theology: Religious Sources,null,2,3,3,null
7,20,440,11079, 장애와사회,null,1,3,3,null
7,20,440,11079, 장애와사회,null,2,3,3,null
7,20,440,11296, 청춘의아픔과치유:행복인문학,null,1,3,3,null
7,20,440,11296, 청춘의아픔과치유:행복인문학,null,2,3,3,null
7,20,440,10181, 환경과인간,null,1,3,3,null
7,20,440,10181, 환경과인간,null,2,3,3,null
7,20,440,11188, Introduction to Ethnic Conflict and Management,null,1,3,3,null
7,20,440,11188, Introduction to Ethnic Conflict and Management,null,2,3,3,null
7,20,440,11106, 글로벌시민의이해와리더십,null,1,3,3,null
7,20,440,11106, 글로벌시민의이해와리더십,null,2,3,3,null
7,20,440,10933, 대학생의성건강,null,1,3,3,null
7,20,440,10933, 대학생의성건강,null,2,3,3,null
7,20,440,11308, 데이터로고전읽기,null,1,3,3,null
7,20,440,11308, 데이터로고전읽기,null,2,3,3,null
7,20,440,11351, 삶을위한멘탈코칭,null,1,3,3,null
7,20,440,11351, 삶을위한멘탈코칭,null,1,3,3,null
7,20,441,10556, 4차산업혁명과창의융합SW,null,1,3,3,null
7,20,441,10556, 4차산업혁명과창의융합SW,null,2,3,3,null
7,20,441,10930, Behavior of Animals,null,1,3,3,null
7,20,441,10930, Behavior of Animals,null,2,3,3,null
7,20,441,11111, SF영화로배우는철학,null,1,3,3,null
7,20,441,11111, SF영화로배우는철학,null,2,3,3,null
7,20,441,11213, 과학과몸의역사,null,1,3,3,null
7,20,441,11213, 과학과몸의역사,null,2,3,3,null
7,20,441,11155, 과학과허구,null,1,3,3,null
7,20,441,11155, 과학과허구,null,2,3,3,null
7,20,441,11101, 과학문화와커뮤니케이션,null,1,3,3,null
7,20,441,11101, 과학문화와커뮤니케이션,null,2,3,3,null
7,20,441,10776, 글로벌시민을위한과학소양,null,1,3,3,null
7,20,441,10776, 글로벌시민을위한과학소양,null,2,3,3,null
7,20,441,11154, 사물인터넷개론,null,1,3,3,null
7,20,441,11154, 사물인터넷개론,null,2,3,3,null
7,20,441,10052, 약과건강,null,1,3,3,null
7,20,441,10052, 약과건강,null,2,3,3,null
7,20,441,11102," 에너지의이해,이용,실천",null,1,3,3,null
7,20,441,11102," 에너지의이해,이용,실천",null,2,3,3,null
7,20,441,11257, 에피소드로보는과학철학,null,1,3,3,null
7,20,441,11257, 에피소드로보는과학철학,null,2,3,3,null
7,20,441,10910, 위험판단심리학,null,1,3,3,null
7,20,441,10910, 위험판단심리학,null,2,3,3,null
7,20,441,10104, 응용통계입문,null,1,3,3,null
7,20,441,10104, 응용통계입문,null,2,3,3,null
7,20,441,11336, 인공지능과인간,null,1,3,3,null
7,20,441,11336, 인공지능과인간,null,2,3,3,null
7,20,441,11261, 인공지능시대의정보산업이해,null,1,3,3,null
7,20,441,11261, 인공지능시대의정보산업이해,null,2,3,3,null
7,20,441,10559, 인류문명과환경과학,null,1,3,3,null
7,20,441,10559, 인류문명과환경과학,null,2,3,3,null
7,20,441,11156," 자연과의대화,환경생태",null,1,3,3,null
7,20,441,11156," 자연과의대화,환경생태",null,2,3,3,null
7,20,441,11160, 정보기술과미래사회,null,1,3,3,null
7,20,441,11160, 정보기술과미래사회,null,2,3,3,null
7,20,441,10123, 정보사회와인터넷윤리,null,1,3,3,null
7,20,441,10123, 정보사회와인터넷윤리,null,2,3,3,null
7,20,441,11096, 정보화사회와통계,null,1,3,3,null
7,20,441,11096, 정보화사회와통계,null,2,3,3,null
7,20,441,10135, 지구의역사,null,1,3,3,null
7,20,441,10135, 지구의역사,null,2,3,3,null
7,20,441,11042, 컴퓨터와마음,null,1,3,3,null
7,20,441,11042, 컴퓨터와마음,null,2,3,3,null
7,20,441,11152, 콘텐츠컴퓨팅,null,1,3,3,null
7,20,441,11152, 콘텐츠컴퓨팅,null,2,3,3,null
7,20,441,11145, 크리에이티브컴퓨팅,null,1,3,3,null
7,20,441,11145, 크리에이티브컴퓨팅,null,2,3,3,null
7,20,441,10164, 현대물리학과인간사고의변혁,null,1,3,3,null
7,20,441,10164, 현대물리학과인간사고의변혁,null,2,3,3,null
7,20,441,11157, 환경재난과국제협력,null,1,3,3,null
7,20,441,11157, 환경재난과국제협력,null,2,3,3,null
7,20,441,11262, 생활속의미생물,null,1,3,3,null
7,20,441,11262, 생활속의미생물,null,2,3,3,null
7,20,441,11264, 세계의자연유산과지오투어리즘,null,1,3,3,null
7,20,441,11264, 세계의자연유산과지오투어리즘,null,2,3,3,null
7,20,441,11043, 현대사회의기록과정보,null,1,3,3,null
7,20,441,11043, 현대사회의기록과정보,null,2,3,3,null
7,20,441,11187, 빅데이터사회와정보활용,null,1,3,3,null
7,20,441,11187, 빅데이터사회와정보활용,null,2,3,3,null
7,20,441,11098, 주거로보는건축문화,null,1,3,3,null
7,20,441,11098, 주거로보는건축문화,null,2,3,3,null
7,21,443,10023, 기독교와세계,1,1,3,3,null
7,21,443,10023, 기독교와세계,1,2,3,3,null
7,21,444,11352, 통합적사고와글쓰기,1,1,3,2,null
7,21,444,11352, 통합적사고와글쓰기,1,2,3,2,null
7,21,446,10099, Advanced English,1,1,3,3,null
7,21,446,10099, Advanced English,1,2,3,3,null
7,21,447,10563,기본중국어,1,1,3,3,null
7,21,447,10563,기본중국어,1,2,3,3,null
7,21,447,10133,중급중국어,1,1,3,3,null
7,21,447,10133,중급중국어,1,2,3,3,null
7,21,447,10564,기본프랑스어,1,1,3,3,null
7,21,447,10564,기본프랑스어,1,2,3,3,null
7,21,447,10565,중급프랑스어,1,1,3,3,null
7,21,447,10565,중급프랑스어,1,2,3,3,null
7,21,447,10566,기본독일어,1,1,3,3,null
7,21,447,10566,기본독일어,1,2,3,3,null
7,21,447,10130,중급독일어,1,1,3,3,null
7,21,447,10130,중급독일어,1,2,3,3,null
7,21,447,10570,기본일본어,1,1,3,3,null
7,21,447,10570,기본일본어,1,2,3,3,null
7,21,447,10132,중급일본어,1,1,3,3,null
7,21,447,10132,중급일본어,1,2,3,3,null
7,21,447,10571,기본스페인어,1,1,3,3,null
7,21,447,10571,기본스페인어,1,2,3,3,null
7,21,447,10665,중급스페인어,1,1,3,3,null
7,21,447,10665,중급스페인어,1,2,3,3,null
7,21,447,10572,기본러시아어,1,1,3,3,null
7,21,447,10572,기본러시아어,1,2,3,3,null
7,21,445,11208, IT융합설계개론,null,1,3,3,null
7,21,445,11208, IT융합설계개론,null,2,3,3,null
7,21,445,11206, 계산의기초와융합적문제해결,null,1,3,3,null
7,21,445,11206, 계산의기초와융합적문제해결,null,2,3,3,null
7,21,445,11204, 논리와컴퓨터,null,1,3,3,null
7,21,445,11204, 논리와컴퓨터,null,2,3,3,null
7,21,445,11357, 데이터컨버전스와법,null,1,3,3,null
7,21,445,11357, 데이터컨버전스와법,null,2,3,3,null
7,21,445,11373, 데이터컴퓨팅,null,1,3,3,null
7,21,445,11373, 데이터컴퓨팅,null,2,3,3,null
7,21,445,11356, 리눅스와시스템적사고,null,1,3,3,null
7,21,445,11356, 리눅스와시스템적사고,null,2,3,3,null
7,21,445,11309, 문제해결과SW프로그래밍,null,1,3,3,null
7,21,445,11309, 문제해결과SW프로그래밍,null,2,3,3,null
7,21,445,11365, 빅데이터와젠더,null,1,3,3,null
7,21,445,11365, 빅데이터와젠더,null,2,3,3,null
7,21,445,11367, 사회문제해결을위한R프로그래밍기초,null,1,3,3,null
7,21,445,11367, 사회문제해결을위한R프로그래밍기초,null,2,3,3,null
7,21,445,11233, 음악테크놀로지와프로그래밍,null,1,3,3,null
7,21,445,11233, 음악테크놀로지와프로그래밍,null,2,3,3,null
7,21,445,11368, 정보와인공지능의수리적이해,null,1,3,3,null
7,21,445,11368, 정보와인공지능의수리적이해,null,2,3,3,null
7,21,445,11205, 컴퓨터과학적인식과문제해결,null,1,3,3,null
7,21,445,11205, 컴퓨터과학적인식과문제해결,null,2,3,3,null
7,21,445,11374, 컴퓨터보안과윈도우포렌식,null,1,3,3,null
7,21,445,11374, 컴퓨터보안과윈도우포렌식,null,2,3,3,null
7,21,445,11362, 컴퓨터속의우주,null,1,3,3,null
7,21,445,11362, 컴퓨터속의우주,null,2,3,3,null
7,21,445,11369, 컴퓨터식문제해결기법,null,1,3,3,null
7,21,445,11369, 컴퓨터식문제해결기법,null,2,3,3,null
7,21,445,11232, 컴퓨터적사고와이해,null,1,3,3,null
7,21,445,11232, 컴퓨터적사고와이해,null,2,3,3,null
7,21,445,11234, 컴퓨터적사고와조형적활용,null,1,3,3,null
7,21,445,11234, 컴퓨터적사고와조형적활용,null,2,3,3,null
7,21,445,11211, 컴퓨팅적사고와프로그래밍,null,1,3,3,null
7,21,445,11211, 컴퓨팅적사고와프로그래밍,null,2,3,3,null
7,21,445,11364, 푸드테크시대의음식과디자인,null,1,3,3,null
7,21,445,11364, 푸드테크시대의음식과디자인,null,2,3,3,null
7,21,445,11207, 프로그래밍과통계적사고,null,1,3,3,null
7,21,445,11207, 프로그래밍과통계적사고,null,2,3,3,null
7,21,445,11361, 프로그래밍을위한컴퓨팅적사고,null,1,3,3,null
7,21,445,11361, 프로그래밍을위한컴퓨팅적사고,null,2,3,3,null
7,21,448,11053, 21세기사회와문학의대화,null,1,3,3,null
7,21,448,11053, 21세기사회와문학의대화,null,2,3,3,null
7,21,448,11334, Critical and Creative Textual Studies,null,1,3,3,null
7,21,448,11334, Critical and Creative Textual Studies,null,2,3,3,null
7,21,448,11183, The Story of Human Language,null,1,3,3,null
7,21,448,11183, The Story of Human Language,null,2,3,3,null
7,21,448,11165, Topics in Multiethnic American Literature,null,1,3,3,null
7,21,448,11165, Topics in Multiethnic American Literature,null,2,3,3,null
7,21,448,11112, 다매체시대의비교문학,null,1,3,3,null
7,21,448,11112, 다매체시대의비교문학,null,2,3,3,null
7,21,448,11108, 동아시아문학으로문화읽기,null,1,3,3,null
7,21,448,11108, 동아시아문학으로문화읽기,null,2,3,3,null
7,21,448,11038, 디지털미디어시대의동아시아문자,null,1,3,3,null
7,21,448,11038, 디지털미디어시대의동아시아문자,null,2,3,3,null
7,21,448,10041, 문학과삶,null,1,3,3,null
7,21,448,10041, 문학과삶,null,2,3,3,null
7,21,448,10654, 문학과영화,null,1,3,3,null
7,21,448,10654, 문학과영화,null,2,3,3,null
7,21,448,11148, 문학으로보는사랑의역사,null,1,3,3,null
7,21,448,11148, 문학으로보는사랑의역사,null,2,3,3,null
7,21,448,11184, 문학으로함께배우는매체/이야기,null,1,3,3,null
7,21,448,11184, 문학으로함께배우는매체/이야기,null,2,3,3,null
7,21,448,11146, 문화로읽는현대시의세계,null,1,3,3,null
7,21,448,11146, 문화로읽는현대시의세계,null,1,3,3,null
7,21,448,11147, 사이언스픽션의이해,null,1,3,3,null
7,21,448,11147, 사이언스픽션의이해,null,2,3,3,null
7,21,448,11297, 생태와문학,null,1,3,3,null
7,21,448,11297, 생태와문학,null,2,3,3,null
7,21,448,10768, 신화·상상력·문화,null,1,3,3,null
7,21,448,10768, 신화·상상력·문화,null,2,3,3,null
7,21,448,11109, 여행문학과세계인식,null,1,3,3,null
7,21,448,11109, 여행문학과세계인식,null,2,3,3,null
7,21,448,10882, 인간과언어,null,1,3,3,null
7,21,448,10882, 인간과언어,null,2,3,3,null
7,21,448,11258, 자연과문학,null,1,3,3,null
7,21,448,11258, 자연과문학,null,2,3,3,null
7,21,448,10543, 한국현대시와삶읽기,null,1,3,3,null
7,21,448,10543, 한국현대시와삶읽기,null,2,3,3,null
7,21,448,11134, 현대영어권문학의동향,null,1,3,3,null
7,21,448,11134, 현대영어권문학의동향,null,2,3,3,null
7,21,448,10896, 환상문학의세계,null,1,3,3,null
7,21,448,10896, 환상문학의세계,null,2,3,3,null
7,21,448,10950, 디지털스토리텔링의이해,null,1,3,3,null
7,21,448,10950, 디지털스토리텔링의이해,null,2,3,3,null
7,21,449,11107, 21세기의예술과인간,null,1,3,3,null
7,21,449,11107, 21세기의예술과인간,null,2,3,3,null
7,21,449,11164, Contemporary Photography,null,1,3,3,null
7,21,449,11164, Contemporary Photography,null,2,3,3,null
7,21,449,10033, 동양미술의이해,null,1,3,3,null
7,21,449,10033, 동양미술의이해,null,2,3,3,null
7,21,449,10778, 디지털매체와예술,null,1,3,3,null
7,21,449,10778, 디지털매체와예술,null,2,3,3,null
7,21,449,10576, 무용의이해,null,1,3,3,null
7,21,449,10576, 무용의이해,null,2,3,3,null
7,21,449,11153, 문화콘텐츠기획의이해,null,1,3,3,null
7,21,449,11153, 문화콘텐츠기획의이해,null,2,3,3,null
7,21,449,11328, 미술로치유하는마음,null,1,3,3,null
7,21,449,11328, 미술로치유하는마음,null,2,3,3,null
7,21,449,11083, 미학과미술,null,1,3,3,null
7,21,449,11083, 미학과미술,null,2,3,3,null
7,21,449,10072, 서양미술의이해,null,1,3,3,null
7,21,449,10072, 서양미술의이해,null,2,3,3,null
7,21,449,10073, 서양음악의이해,null,1,3,3,null
7,21,449,10073, 서양음악의이해,null,2,3,3,null
7,21,449,11084, 시각문화로서미술작품읽기,null,1,3,3,null
7,21,449,11084, 시각문화로서미술작품읽기,null,2,3,3,null
7,21,449,11209, 시각적사고를통한일상의문화와트랜드,null,1,3,3,null
7,21,449,11209, 시각적사고를통한일상의문화와트랜드,null,2,3,3,null
7,21,449,10090, 여성과예술,null,1,3,3,null
7,21,449,10090, 여성과예술,null,2,3,3,null
7,21,449,11113, 여성의몸과창조적움직임,null,1,3,3,null
7,21,449,11113, 여성의몸과창조적움직임,null,2,3,3,null
7,21,449,10097, 연극의이론과실제,null,1,3,3,null
7,21,449,10097, 연극의이론과실제,null,2,3,3,null
7,21,449,11110, 예술가와그의시대,null,1,3,3,null
7,21,449,11110, 예술가와그의시대,null,2,3,3,null
7,21,449,10100, 예술과사상,null,1,3,3,null
7,21,449,10100, 예술과사상,null,2,3,3,null
7,21,449,11055, 옛시와그림의만남,null,1,3,3,null
7,21,449,11055, 옛시와그림의만남,null,2,3,3,null
7,21,449,11265, 음악과건강,null,1,3,3,null
7,21,449,11265, 음악과건강,null,2,3,3,null
7,21,449,11075, 창조와상상의기술,null,1,3,3,null
7,21,449,11075, 창조와상상의기술,null,2,3,3,null
7,21,449,11035," 퍼포먼스인문학:제의,놀이,연극",null,1,3,3,null
7,21,449,11035," 퍼포먼스인문학:제의,놀이,연극",null,2,3,3,null
7,21,449,10892," 표현,예술,그리고시대정신",null,1,3,3,null
7,21,449,10892," 표현,예술,그리고시대정신",null,2,3,3,null
7,21,449,10152, 한국미술의이해,null,1,3,3,null
7,21,449,10152, 한국미술의이해,null,2,3,3,null
7,21,449,11333," 한국사와상상력,스토리텔링",null,1,3,3,null
7,21,449,11333," 한국사와상상력,스토리텔링",null,2,3,3,null
7,21,449,10883, 한국의문화공간과예술,null,1,3,3,null
7,21,449,10883, 한국의문화공간과예술,null,2,3,3,null
7,21,449,10165, 현대미술사,null,1,3,3,null
7,21,449,10165, 현대미술사,null,2,3,3,null
7,21,449,11330, Reading American Popular Culture in the Digital Age,null,1,3,3,null
7,21,449,11330, Reading American Popular Culture in the Digital Age,null,2,3,3,null
7,21,449,10018, 국악의이해,null,1,3,3,null
7,21,449,10018, 국악의이해,null,2,3,3,null
7,21,449,11329, 색채의이해,null,1,3,3,null
7,21,449,11329, 색채의이해,null,2,3,3,null
7,21,449,11263, 예술과기술,null,1,3,3,null
7,21,449,11263, 예술과기술,null,2,3,3,null
7,21,449,11116, Introduction to World Music and Culture,null,1,3,3,null
7,21,449,11116, Introduction to World Music and Culture,null,2,3,3,null
7,21,449,11135, 사물과예술,null,1,3,3,null
7,21,449,11135, 사물과예술,null,2,3,3,null
7,21,450,11190, The Art of Thinking,null,1,3,3,null
7,21,450,11190, The Art of Thinking,null,2,3,3,null
7,21,450,10545, 근대일본과동아시아,null,1,3,3,null
7,21,450,10545, 근대일본과동아시아,null,2,3,3,null
7,21,450,11046, 동서양의인간이해,null,1,3,3,null
7,21,450,11046, 동서양의인간이해,null,2,3,3,null
7,21,450,10034, 동양철학의이해,null,1,3,3,null
7,21,450,10034, 동양철학의이해,null,2,3,3,null
7,21,450,10769, 모던/포스트모던문화읽기,null,1,3,3,null
7,21,450,10769, 모던/포스트모던문화읽기,null,2,3,3,null
7,21,450,11056, 문화로읽는한국사,null,1,3,3,null
7,21,450,11056, 문화로읽는한국사,null,2,3,3,null
7,21,450,11185, 문화와예술을통해본르네상스역사,null,1,3,3,null
7,21,450,11185, 문화와예술을통해본르네상스역사,null,2,3,3,null
7,21,450,10772, 여성과사회정의,null,1,3,3,null
7,21,450,10772, 여성과사회정의,null,2,3,3,null
7,21,450,11054, 연어프로젝트:한국여성나의뿌리를찾아서 ,null,1,3,3,null
7,21,450,11054, 연어프로젝트:한국여성나의뿌리를찾아서 ,null,2,3,3,null
7,21,450,10108, 인간과종교,null,1,3,3,null
7,21,450,10108, 인간과종교,null,2,3,3,null
7,21,450,11041, 인간과철학적사유,null,1,3,3,null
7,21,450,11041, 인간과철학적사유,null,2,3,3,null
7,21,450,11293, 인물로본중국의역사,null,1,3,3,null
7,21,450,11293, 인물로본중국의역사,null,2,3,3,null
7,21,450,10581, 인물로본한국사,null,1,3,3,null
7,21,450,10581, 인물로본한국사,null,2,3,3,null
7,21,450,11078, 젠더와역사,null,1,3,3,null
7,21,450,11078, 젠더와역사,null,2,3,3,null
7,21,450,10767, 종교와문화,null,1,3,3,null
7,21,450,10767, 종교와문화,null,2,3,3,null
7,21,450,11057, 주제로살펴보는서양근현대사,null,1,3,3,null
7,21,450,11057, 주제로살펴보는서양근현대사,null,2,3,3,null
7,21,450,10544, 중국의역사와문화,null,1,3,3,null
7,21,450,10544, 중국의역사와문화,null,2,3,3,null
7,21,450,11297, 질병치료와백신의역사,null,1,3,3,null
7,21,450,11297, 질병치료와백신의역사,null,2,3,3,null
7,21,450,11189, 철학의은유들,null,1,3,3,null
7,21,450,11189, 철학의은유들,null,2,3,3,null
7,21,450,11045, 패러다임전환과비판이론,null,1,3,3,null
7,21,450,11045, 패러다임전환과비판이론,null,2,3,3,null
7,21,450,10149, 한국근현대사 ,null,1,3,3,null
7,21,450,10149, 한국근현대사 ,null,2,3,3,null
7,21,450,11058, 한국사의새로운이해,null,1,3,3,null
7,21,450,11058, 한국사의새로운이해,null,2,3,3,null
7,21,450,11366, 한국의문화유산역사여행,null,1,3,3,null
7,21,450,11366, 한국의문화유산역사여행,null,2,3,3,null
7,21,450,11186, Evolutionary Origin of Humans,null,1,3,3,null
7,21,450,11186, Evolutionary Origin of Humans,null,2,3,3,null
7,21,450,11295, 인공지능시대의과학과종교,null,1,3,3,null
7,21,450,11295, 인공지능시대의과학과종교,null,2,3,3,null
7,21,451,11360, ICT융복합복지와법,null,1,3,3,null
7,21,451,11360, ICT융복합복지와법,null,2,3,3,null
7,21,451,11259, SDGs시대글로벌보건협력:개발도상국의보건의료현황과국제사회의지원 ,null,1,3,3,null
7,21,451,11259, SDGs시대글로벌보건협력:개발도상국의보건의료현황과국제사회의지원 ,null,2,3,3,null
7,21,451,10011, 가족건강과간호,null,1,3,3,null
7,21,451,10011, 가족건강과간호,null,2,3,3,null
7,21,451,10932, 건축으로읽는사회문화사,null,1,3,3,null
7,21,451,10932, 건축으로읽는사회문화사,null,2,3,3,null
7,21,451,10013, 경영과사회,null,1,3,3,null
7,21,451,10013, 경영과사회,null,2,3,3,null
7,21,451,11210, 교육커뮤니케이션의이해와실제,null,1,3,3,null
7,21,451,11210, 교육커뮤니케이션의이해와실제,null,2,3,3,null
7,21,451,10949, 국제구호와개발협력,null,1,3,3,null
7,21,451,10949, 국제구호와개발협력,null,2,3,3,null
7,21,451,10913, 글로벌시대의다문화사회,null,1,3,3,null
7,21,451,10913, 글로벌시대의다문화사회,null,2,3,3,null
7,21,451,10914, 글로벌시대의아시아여성,null,1,3,3,null
7,21,451,10914, 글로벌시대의아시아여성,null,2,3,3,null
7,21,451,11260, 기업과정신과혁신,null,1,3,3,null
7,21,451,11260, 기업과정신과혁신,null,2,3,3,null
7,21,451,10091, 노동과젠더,null,1,3,3,null
7,21,451,10091, 노동과젠더,null,2,3,3,null
7,21,451,11332, 도시공간문화로읽는한국사,null,1,3,3,null
7,21,451,11332, 도시공간문화로읽는한국사,null,2,3,3,null
7,21,451,10886, 동양고전의현대적이해,null,1,3,3,null
7,21,451,10886, 동양고전의현대적이해,null,2,3,3,null
7,21,451,11292, 모방과인간,null,1,3,3,null
7,21,451,11292, 모방과인간,null,2,3,3,null
7,21,451,11193, 법과젠더,null,1,3,3,null
7,21,451,11193, 법과젠더,null,2,3,3,null
7,21,451,10549, 북한정치의이해,null,1,3,3,null
7,21,451,10549, 북한정치의이해,null,2,3,3,null
7,21,451,10548, 북한주민의문화와생활,null,1,3,3,null
7,21,451,10548, 북한주민의문화와생활,null,2,3,3,null
7,21,451,10929, 브레인스펙트럼,null,1,3,3,null
7,21,451,10929, 브레인스펙트럼,null,2,3,3,null
7,21,451,10573, 생명윤리와법,null,1,3,3,null
7,21,451,10573, 생명윤리와법,null,2,3,3,null
7,21,451,10074, 성문화연구,null,1,3,3,null
7,21,451,10074, 성문화연구,null,2,3,3,null
7,21,451,10081, 시민생활과법,null,1,3,3,null
7,21,451,10081, 시민생활과법,null,2,3,3,null
7,21,451,10094, 여성학,null,1,3,3,null
7,21,451,10094, 여성학,null,2,3,3,null
7,21,451,11089, 여행과지리:글로벌화의지역탐색,null,1,3,3,null
7,21,451,11089, 여행과지리:글로벌화의지역탐색,null,2,3,3,null
7,21,451,10908, 영상이미지와젠더,null,1,3,3,null
7,21,451,10908, 영상이미지와젠더,null,2,3,3,null
7,21,451,10904, 우리사회의문제와쟁점찾기,null,1,3,3,null
7,21,451,10904, 우리사회의문제와쟁점찾기,null,2,3,3,null
7,21,451,11358, 인간관계심리,null,1,3,3,null
7,21,451,11358, 인간관계심리,null,2,3,3,null
7,21,451,10109, 인간발달과가족,null,1,3,3,null
7,21,451,10109, 인간발달과가족,null,2,3,3,null
7,21,451,10903, 인간발달과문화의다양성,null,1,3,3,null
7,21,451,10903, 인간발달과문화의다양성,null,2,3,3,null
7,21,451,11114, 인간은왜춤을추는가,null,1,3,3,null
7,21,451,11114, 인간은왜춤을추는가,null,2,3,3,null
7,21,451,11103, 인터넷과법,null,1,3,3,null
7,21,451,11103, 인터넷과법,null,2,3,3,null
7,21,451,11359, 정신건강과행복,null,1,3,3,null
7,21,451,11359, 정신건강과행복,null,2,3,3,null
7,21,451,11104, 죄와벌,null,1,3,3,null
7,21,451,11104, 죄와벌,null,2,3,3,null
7,21,451,10905, 지구촌의사회복지,null,1,3,3,null
7,21,451,10905, 지구촌의사회복지,null,2,3,3,null
7,21,451,11105, 직업세계와법,null,1,3,3,null
7,21,451,11105, 직업세계와법,null,2,3,3,null
7,21,451,11039, 키워드로읽는중국문화,null,1,3,3,null
7,21,451,11039, 키워드로읽는중국문화,null,2,3,3,null
7,21,451,11215, 통합적분쟁이해와조정,null,1,3,3,null
7,21,451,11215, 통합적분쟁이해와조정,null,2,3,3,null
7,21,451,10887, 현대중국의이해,null,1,3,3,null
7,21,451,10887, 현대중국의이해,null,2,3,3,null
7,21,451,11162, Middle Eastern Political Theology: Religious Sources,null,1,3,3,null
7,21,451,11162, Middle Eastern Political Theology: Religious Sources,null,2,3,3,null
7,21,451,11079, 장애와사회,null,1,3,3,null
7,21,451,11079, 장애와사회,null,2,3,3,null
7,21,451,11296, 청춘의아픔과치유:행복인문학,null,1,3,3,null
7,21,451,11296, 청춘의아픔과치유:행복인문학,null,2,3,3,null
7,21,451,10181, 환경과인간,null,1,3,3,null
7,21,451,10181, 환경과인간,null,2,3,3,null
7,21,451,11188, Introduction to Ethnic Conflict and Management,null,1,3,3,null
7,21,451,11188, Introduction to Ethnic Conflict and Management,null,2,3,3,null
7,21,451,11106, 글로벌시민의이해와리더십,null,1,3,3,null
7,21,451,11106, 글로벌시민의이해와리더십,null,2,3,3,null
7,21,451,10933, 대학생의성건강,null,1,3,3,null
7,21,451,10933, 대학생의성건강,null,2,3,3,null
7,21,451,11308, 데이터로고전읽기,null,1,3,3,null
7,21,451,11308, 데이터로고전읽기,null,2,3,3,null
7,21,451,11351, 삶을위한멘탈코칭,null,1,3,3,null
7,21,451,11351, 삶을위한멘탈코칭,null,1,3,3,null
7,21,452,10556, 4차산업혁명과창의융합SW,null,1,3,3,null
7,21,452,10556, 4차산업혁명과창의융합SW,null,2,3,3,null
7,21,452,10930, Behavior of Animals,null,1,3,3,null
7,21,452,10930, Behavior of Animals,null,2,3,3,null
7,21,452,11111, SF영화로배우는철학,null,1,3,3,null
7,21,452,11111, SF영화로배우는철학,null,2,3,3,null
7,21,452,11213, 과학과몸의역사,null,1,3,3,null
7,21,452,11213, 과학과몸의역사,null,2,3,3,null
7,21,452,11155, 과학과허구,null,1,3,3,null
7,21,452,11155, 과학과허구,null,2,3,3,null
7,21,452,11101, 과학문화와커뮤니케이션,null,1,3,3,null
7,21,452,11101, 과학문화와커뮤니케이션,null,2,3,3,null
7,21,452,10776, 글로벌시민을위한과학소양,null,1,3,3,null
7,21,452,10776, 글로벌시민을위한과학소양,null,2,3,3,null
7,21,452,11154, 사물인터넷개론,null,1,3,3,null
7,21,452,11154, 사물인터넷개론,null,2,3,3,null
7,21,452,10052, 약과건강,null,1,3,3,null
7,21,452,10052, 약과건강,null,2,3,3,null
7,21,452,11102," 에너지의이해,이용,실천",null,1,3,3,null
7,21,452,11102," 에너지의이해,이용,실천",null,2,3,3,null
7,21,452,11257, 에피소드로보는과학철학,null,1,3,3,null
7,21,452,11257, 에피소드로보는과학철학,null,2,3,3,null
7,21,452,10910, 위험판단심리학,null,1,3,3,null
7,21,452,10910, 위험판단심리학,null,2,3,3,null
7,21,452,10104, 응용통계입문,null,1,3,3,null
7,21,452,10104, 응용통계입문,null,2,3,3,null
7,21,452,11336, 인공지능과인간,null,1,3,3,null
7,21,452,11336, 인공지능과인간,null,2,3,3,null
7,21,452,11261, 인공지능시대의정보산업이해,null,1,3,3,null
7,21,452,11261, 인공지능시대의정보산업이해,null,2,3,3,null
7,21,452,10559, 인류문명과환경과학,null,1,3,3,null
7,21,452,10559, 인류문명과환경과학,null,2,3,3,null
7,21,452,11156," 자연과의대화,환경생태",null,1,3,3,null
7,21,452,11156," 자연과의대화,환경생태",null,2,3,3,null
7,21,452,11160, 정보기술과미래사회,null,1,3,3,null
7,21,452,11160, 정보기술과미래사회,null,2,3,3,null
7,21,452,10123, 정보사회와인터넷윤리,null,1,3,3,null
7,21,452,10123, 정보사회와인터넷윤리,null,2,3,3,null
7,21,452,11096, 정보화사회와통계,null,1,3,3,null
7,21,452,11096, 정보화사회와통계,null,2,3,3,null
7,21,452,10135, 지구의역사,null,1,3,3,null
7,21,452,10135, 지구의역사,null,2,3,3,null
7,21,452,11042, 컴퓨터와마음,null,1,3,3,null
7,21,452,11042, 컴퓨터와마음,null,2,3,3,null
7,21,452,11152, 콘텐츠컴퓨팅,null,1,3,3,null
7,21,452,11152, 콘텐츠컴퓨팅,null,2,3,3,null
7,21,452,11145, 크리에이티브컴퓨팅,null,1,3,3,null
7,21,452,11145, 크리에이티브컴퓨팅,null,2,3,3,null
7,21,452,10164, 현대물리학과인간사고의변혁,null,1,3,3,null
7,21,452,10164, 현대물리학과인간사고의변혁,null,2,3,3,null
7,21,452,11157, 환경재난과국제협력,null,1,3,3,null
7,21,452,11157, 환경재난과국제협력,null,2,3,3,null
7,21,452,11262, 생활속의미생물,null,1,3,3,null
7,21,452,11262, 생활속의미생물,null,2,3,3,null
7,21,452,11264, 세계의자연유산과지오투어리즘,null,1,3,3,null
7,21,452,11264, 세계의자연유산과지오투어리즘,null,2,3,3,null
7,21,452,11043, 현대사회의기록과정보,null,1,3,3,null
7,21,452,11043, 현대사회의기록과정보,null,2,3,3,null
7,21,452,11187, 빅데이터사회와정보활용,null,1,3,3,null
7,21,452,11187, 빅데이터사회와정보활용,null,2,3,3,null
7,21,452,11098, 주거로보는건축문화,null,1,3,3,null
7,21,452,11098, 주거로보는건축문화,null,2,3,3,null
7,20,442,35073,서양철학입문,1,1,3,3,null
7,20,442,33264,동양철학입문,1,2,3,3,null
7,20,442,34376,서양고대철학,1,2,3,3,null
7,20,442,33669,논리학,2,1,3,3,null
7,20,442,33269,문화철학,2,1,3,3,null
7,20,442,20208,서양근세철학,2,1,3,3,null
7,20,442,34368,유가철학,2,1,3,3,null
7,20,442,20198,윤리학,2,1,3,3,null
7,20,442,20235,형이상학,2,1,3,3,null
7,20,442,34370,도가철학,2,2,3,3,null
7,20,442,38794,동양고중세철학,2,2,3,3,null
7,20,442,20215,예술철학,2,2,3,3,null
7,20,442,35078,인식론,2,2,3,3,null
7,20,442,35076,철학교육(캡스톤디자인),2,2,3,3,null
7,20,442,30195,현대영미철학,2,2,3,3,null
7,20,442,38132,철학전공설계심화1,3,1,null,3,null
7,20,442,38133,철학전공설계심화2,3,1,null,3,null
7,20,442,38132,철학전공설계심화1,3,2,null,3,null
7,20,442,38133,철학전공설계심화2,3,2,null,3,null
7,20,442,20233,동양근세철학,3,1,3,3,null
7,20,442,20211,실존철학,3,1,3,3,null
7,20,442,20213,언어철학,3,1,3,3,null
7,20,442,34373,현대유럽철학,3,1,3,3,null
7,20,442,20205,불교철학,3,2,3,3,null
7,20,442,20221,비판적사고와행위(캡스톤디자인),3,2,3,3,null
7,20,442,35075,영상철학,3,2,3,3,null
7,20,442,34374,포스트모더니즘과철학,3,2,3,3,null
7,20,442,20231,한국철학,3,2,3,3,null
7,20,442,38135,철학전공인턴십1,4,1,null,1,null
7,20,442,38136,철학전공인턴십2,4,1,null,2,null
7,20,442,38135,철학전공인턴십1,4,2,null,1,null
7,20,442,38136,철학전공인턴십2,4,2,null,2,null
7,20,442,34375,동양현대철학,4,1,3,3,null
7,20,442,38795,서양중세철학,4,1,3,3,null
7,20,442,35080,여성주의철학,4,1,3,3,null
7,20,442,20214,역사철학,4,1,3,3,null
7,20,442,38796,철학자연구,4,1,3,3,null
7,20,442,20199,과학철학,4,2,3,3,null
7,20,442,20206,사회정치철학,4,2,3,3,null
7,20,442,20212,심리철학,4,2,3,3,null
7,20,442,38797,철학문제연구,4,2,3,3,null
7,20,442,38137,한국근현대철학,4,2,3,3,null
7,21,453,35073,서양철학입문,1,1,3,3,null
7,21,453,33264,동양철학입문,1,2,3,3,null
7,21,453,34376,서양고대철학,1,2,3,3,null
7,21,453,33669,논리학,2,1,3,3,null
7,21,453,33269,문화철학,2,1,3,3,null
7,21,453,20208,서양근세철학,2,1,3,3,null
7,21,453,34368,유가철학,2,1,3,3,null
7,21,453,20198,윤리학,2,1,3,3,null
7,21,453,20235,형이상학,2,1,3,3,null
7,21,453,34370,도가철학,2,2,3,3,null
7,21,453,38794,동양고중세철학,2,2,3,3,null
7,21,453,20215,예술철학,2,2,3,3,null
7,21,453,35078,인식론,2,2,3,3,null
7,21,453,35076,철학교육(캡스톤디자인),2,2,3,3,null
7,21,453,30195,현대영미철학,2,2,3,3,null
7,21,453,38132,철학전공설계심화1,3,1,null,3,null
7,21,453,38133,철학전공설계심화2,3,1,null,3,null
7,21,453,38132,철학전공설계심화1,3,2,null,3,null
7,21,453,38133,철학전공설계심화2,3,2,null,3,null
7,21,453,20233,동양근세철학,3,1,3,3,null
7,21,453,20211,실존철학,3,1,3,3,null
7,21,453,20213,언어철학,3,1,3,3,null
7,21,453,34373,현대유럽철학,3,1,3,3,null
7,21,453,20205,불교철학,3,2,3,3,null
7,21,453,20221,비판적사고와행위(캡스톤디자인),3,2,3,3,null
7,21,453,35075,영상철학,3,2,3,3,null
7,21,453,34374,포스트모더니즘과철학,3,2,3,3,null
7,21,453,20231,한국철학,3,2,3,3,null
7,21,453,38135,철학전공인턴십1,4,1,null,1,null
7,21,453,38136,철학전공인턴십2,4,1,null,2,null
7,21,453,38135,철학전공인턴십1,4,2,null,1,null
7,21,453,38136,철학전공인턴십2,4,2,null,2,null
7,21,453,34375,동양현대철학,4,1,3,3,null
7,21,453,38795,서양중세철학,4,1,3,3,null
7,21,453,35080,여성주의철학,4,1,3,3,null
7,21,453,20214,역사철학,4,1,3,3,null
7,21,453,38796,철학자연구,4,1,3,3,null
7,21,453,20199,과학철학,4,2,3,3,null
7,21,453,20206,사회정치철학,4,2,3,3,null
7,21,453,20212,심리철학,4,2,3,3,null
7,21,453,38797,철학문제연구,4,2,3,3,null
7,21,453,38137,한국근현대철학,4,2,3,3,null
8,20,454,10023, 기독교와세계,1,1,3,3,null
8,20,454,10023, 기독교와세계,1,2,3,3,null
8,20,455,11352, 통합적사고와글쓰기,1,1,3,2,null
8,20,455,11352, 통합적사고와글쓰기,1,2,3,2,null
8,20,457,10099, Advanced English,1,1,3,3,null
8,20,457,10099, Advanced English,1,2,3,3,null
8,20,458,10563,기본중국어,1,1,3,3,null
8,20,458,10563,기본중국어,1,2,3,3,null
8,20,458,10133,중급중국어,1,1,3,3,null
8,20,458,10133,중급중국어,1,2,3,3,null
8,20,458,10564,기본프랑스어,1,1,3,3,null
8,20,458,10564,기본프랑스어,1,2,3,3,null
8,20,458,10565,중급프랑스어,1,1,3,3,null
8,20,458,10565,중급프랑스어,1,2,3,3,null
8,20,458,10566,기본독일어,1,1,3,3,null
8,20,458,10566,기본독일어,1,2,3,3,null
8,20,458,10130,중급독일어,1,1,3,3,null
8,20,458,10130,중급독일어,1,2,3,3,null
8,20,458,10570,기본일본어,1,1,3,3,null
8,20,458,10570,기본일본어,1,2,3,3,null
8,20,458,10132,중급일본어,1,1,3,3,null
8,20,458,10132,중급일본어,1,2,3,3,null
8,20,458,10571,기본스페인어,1,1,3,3,null
8,20,458,10571,기본스페인어,1,2,3,3,null
8,20,458,10665,중급스페인어,1,1,3,3,null
8,20,458,10665,중급스페인어,1,2,3,3,null
8,20,458,10572,기본러시아어,1,1,3,3,null
8,20,458,10572,기본러시아어,1,2,3,3,null
8,20,456,11208, IT융합설계개론,null,1,3,3,null
8,20,456,11208, IT융합설계개론,null,2,3,3,null
8,20,456,11206, 계산의기초와융합적문제해결,null,1,3,3,null
8,20,456,11206, 계산의기초와융합적문제해결,null,2,3,3,null
8,20,456,11204, 논리와컴퓨터,null,1,3,3,null
8,20,456,11204, 논리와컴퓨터,null,2,3,3,null
8,20,456,11357, 데이터컨버전스와법,null,1,3,3,null
8,20,456,11357, 데이터컨버전스와법,null,2,3,3,null
8,20,456,11373, 데이터컴퓨팅,null,1,3,3,null
8,20,456,11373, 데이터컴퓨팅,null,2,3,3,null
8,20,456,11356, 리눅스와시스템적사고,null,1,3,3,null
8,20,456,11356, 리눅스와시스템적사고,null,2,3,3,null
8,20,456,11309, 문제해결과SW프로그래밍,null,1,3,3,null
8,20,456,11309, 문제해결과SW프로그래밍,null,2,3,3,null
8,20,456,11365, 빅데이터와젠더,null,1,3,3,null
8,20,456,11365, 빅데이터와젠더,null,2,3,3,null
8,20,456,11367, 사회문제해결을위한R프로그래밍기초,null,1,3,3,null
8,20,456,11367, 사회문제해결을위한R프로그래밍기초,null,2,3,3,null
8,20,456,11233, 음악테크놀로지와프로그래밍,null,1,3,3,null
8,20,456,11233, 음악테크놀로지와프로그래밍,null,2,3,3,null
8,20,456,11368, 정보와인공지능의수리적이해,null,1,3,3,null
8,20,456,11368, 정보와인공지능의수리적이해,null,2,3,3,null
8,20,456,11205, 컴퓨터과학적인식과문제해결,null,1,3,3,null
8,20,456,11205, 컴퓨터과학적인식과문제해결,null,2,3,3,null
8,20,456,11374, 컴퓨터보안과윈도우포렌식,null,1,3,3,null
8,20,456,11374, 컴퓨터보안과윈도우포렌식,null,2,3,3,null
8,20,456,11362, 컴퓨터속의우주,null,1,3,3,null
8,20,456,11362, 컴퓨터속의우주,null,2,3,3,null
8,20,456,11369, 컴퓨터식문제해결기법,null,1,3,3,null
8,20,456,11369, 컴퓨터식문제해결기법,null,2,3,3,null
8,20,456,11232, 컴퓨터적사고와이해,null,1,3,3,null
8,20,456,11232, 컴퓨터적사고와이해,null,2,3,3,null
8,20,456,11234, 컴퓨터적사고와조형적활용,null,1,3,3,null
8,20,456,11234, 컴퓨터적사고와조형적활용,null,2,3,3,null
8,20,456,11211, 컴퓨팅적사고와프로그래밍,null,1,3,3,null
8,20,456,11211, 컴퓨팅적사고와프로그래밍,null,2,3,3,null
8,20,456,11364, 푸드테크시대의음식과디자인,null,1,3,3,null
8,20,456,11364, 푸드테크시대의음식과디자인,null,2,3,3,null
8,20,456,11207, 프로그래밍과통계적사고,null,1,3,3,null
8,20,456,11207, 프로그래밍과통계적사고,null,2,3,3,null
8,20,456,11361, 프로그래밍을위한컴퓨팅적사고,null,1,3,3,null
8,20,456,11361, 프로그래밍을위한컴퓨팅적사고,null,2,3,3,null
8,20,459,11053, 21세기사회와문학의대화,null,1,3,3,null
8,20,459,11053, 21세기사회와문학의대화,null,2,3,3,null
8,20,459,11334, Critical and Creative Textual Studies,null,1,3,3,null
8,20,459,11334, Critical and Creative Textual Studies,null,2,3,3,null
8,20,459,11183, The Story of Human Language,null,1,3,3,null
8,20,459,11183, The Story of Human Language,null,2,3,3,null
8,20,459,11165, Topics in Multiethnic American Literature,null,1,3,3,null
8,20,459,11165, Topics in Multiethnic American Literature,null,2,3,3,null
8,20,459,11112, 다매체시대의비교문학,null,1,3,3,null
8,20,459,11112, 다매체시대의비교문학,null,2,3,3,null
8,20,459,11108, 동아시아문학으로문화읽기,null,1,3,3,null
8,20,459,11108, 동아시아문학으로문화읽기,null,2,3,3,null
8,20,459,11038, 디지털미디어시대의동아시아문자,null,1,3,3,null
8,20,459,11038, 디지털미디어시대의동아시아문자,null,2,3,3,null
8,20,459,10041, 문학과삶,null,1,3,3,null
8,20,459,10041, 문학과삶,null,2,3,3,null
8,20,459,10654, 문학과영화,null,1,3,3,null
8,20,459,10654, 문학과영화,null,2,3,3,null
8,20,459,11148, 문학으로보는사랑의역사,null,1,3,3,null
8,20,459,11148, 문학으로보는사랑의역사,null,2,3,3,null
8,20,459,11184, 문학으로함께배우는매체/이야기,null,1,3,3,null
8,20,459,11184, 문학으로함께배우는매체/이야기,null,2,3,3,null
8,20,459,11146, 문화로읽는현대시의세계,null,1,3,3,null
8,20,459,11146, 문화로읽는현대시의세계,null,1,3,3,null
8,20,459,11147, 사이언스픽션의이해,null,1,3,3,null
8,20,459,11147, 사이언스픽션의이해,null,2,3,3,null
8,20,459,11297, 생태와문학,null,1,3,3,null
8,20,459,11297, 생태와문학,null,2,3,3,null
8,20,459,10768, 신화·상상력·문화,null,1,3,3,null
8,20,459,10768, 신화·상상력·문화,null,2,3,3,null
8,20,459,11109, 여행문학과세계인식,null,1,3,3,null
8,20,459,11109, 여행문학과세계인식,null,2,3,3,null
8,20,459,10882, 인간과언어,null,1,3,3,null
8,20,459,10882, 인간과언어,null,2,3,3,null
8,20,459,11258, 자연과문학,null,1,3,3,null
8,20,459,11258, 자연과문학,null,2,3,3,null
8,20,459,10543, 한국현대시와삶읽기,null,1,3,3,null
8,20,459,10543, 한국현대시와삶읽기,null,2,3,3,null
8,20,459,11134, 현대영어권문학의동향,null,1,3,3,null
8,20,459,11134, 현대영어권문학의동향,null,2,3,3,null
8,20,459,10896, 환상문학의세계,null,1,3,3,null
8,20,459,10896, 환상문학의세계,null,2,3,3,null
8,20,459,10950, 디지털스토리텔링의이해,null,1,3,3,null
8,20,459,10950, 디지털스토리텔링의이해,null,2,3,3,null
8,20,460,11107, 21세기의예술과인간,null,1,3,3,null
8,20,460,11107, 21세기의예술과인간,null,2,3,3,null
8,20,460,11164, Contemporary Photography,null,1,3,3,null
8,20,460,11164, Contemporary Photography,null,2,3,3,null
8,20,460,10033, 동양미술의이해,null,1,3,3,null
8,20,460,10033, 동양미술의이해,null,2,3,3,null
8,20,460,10778, 디지털매체와예술,null,1,3,3,null
8,20,460,10778, 디지털매체와예술,null,2,3,3,null
8,20,460,10576, 무용의이해,null,1,3,3,null
8,20,460,10576, 무용의이해,null,2,3,3,null
8,20,460,11153, 문화콘텐츠기획의이해,null,1,3,3,null
8,20,460,11153, 문화콘텐츠기획의이해,null,2,3,3,null
8,20,460,11328, 미술로치유하는마음,null,1,3,3,null
8,20,460,11328, 미술로치유하는마음,null,2,3,3,null
8,20,460,11083, 미학과미술,null,1,3,3,null
8,20,460,11083, 미학과미술,null,2,3,3,null
8,20,460,10072, 서양미술의이해,null,1,3,3,null
8,20,460,10072, 서양미술의이해,null,2,3,3,null
8,20,460,10073, 서양음악의이해,null,1,3,3,null
8,20,460,10073, 서양음악의이해,null,2,3,3,null
8,20,460,11084, 시각문화로서미술작품읽기,null,1,3,3,null
8,20,460,11084, 시각문화로서미술작품읽기,null,2,3,3,null
8,20,460,11209, 시각적사고를통한일상의문화와트랜드,null,1,3,3,null
8,20,460,11209, 시각적사고를통한일상의문화와트랜드,null,2,3,3,null
8,20,460,10090, 여성과예술,null,1,3,3,null
8,20,460,10090, 여성과예술,null,2,3,3,null
8,20,460,11113, 여성의몸과창조적움직임,null,1,3,3,null
8,20,460,11113, 여성의몸과창조적움직임,null,2,3,3,null
8,20,460,10097, 연극의이론과실제,null,1,3,3,null
8,20,460,10097, 연극의이론과실제,null,2,3,3,null
8,20,460,11110, 예술가와그의시대,null,1,3,3,null
8,20,460,11110, 예술가와그의시대,null,2,3,3,null
8,20,460,10100, 예술과사상,null,1,3,3,null
8,20,460,10100, 예술과사상,null,2,3,3,null
8,20,460,11055, 옛시와그림의만남,null,1,3,3,null
8,20,460,11055, 옛시와그림의만남,null,2,3,3,null
8,20,460,11265, 음악과건강,null,1,3,3,null
8,20,460,11265, 음악과건강,null,2,3,3,null
8,20,460,11075, 창조와상상의기술,null,1,3,3,null
8,20,460,11075, 창조와상상의기술,null,2,3,3,null
8,20,460,11035," 퍼포먼스인문학:제의,놀이,연극",null,1,3,3,null
8,20,460,11035," 퍼포먼스인문학:제의,놀이,연극",null,2,3,3,null
8,20,460,10892," 표현,예술,그리고시대정신",null,1,3,3,null
8,20,460,10892," 표현,예술,그리고시대정신",null,2,3,3,null
8,20,460,10152, 한국미술의이해,null,1,3,3,null
8,20,460,10152, 한국미술의이해,null,2,3,3,null
8,20,460,11333," 한국사와상상력,스토리텔링",null,1,3,3,null
8,20,460,11333," 한국사와상상력,스토리텔링",null,2,3,3,null
8,20,460,10883, 한국의문화공간과예술,null,1,3,3,null
8,20,460,10883, 한국의문화공간과예술,null,2,3,3,null
8,20,460,10165, 현대미술사,null,1,3,3,null
8,20,460,10165, 현대미술사,null,2,3,3,null
8,20,460,11330, Reading American Popular Culture in the Digital Age,null,1,3,3,null
8,20,460,11330, Reading American Popular Culture in the Digital Age,null,2,3,3,null
8,20,460,10018, 국악의이해,null,1,3,3,null
8,20,460,10018, 국악의이해,null,2,3,3,null
8,20,460,11329, 색채의이해,null,1,3,3,null
8,20,460,11329, 색채의이해,null,2,3,3,null
8,20,460,11263, 예술과기술,null,1,3,3,null
8,20,460,11263, 예술과기술,null,2,3,3,null
8,20,460,11116, Introduction to World Music and Culture,null,1,3,3,null
8,20,460,11116, Introduction to World Music and Culture,null,2,3,3,null
8,20,460,11135, 사물과예술,null,1,3,3,null
8,20,460,11135, 사물과예술,null,2,3,3,null
8,20,461,11190, The Art of Thinking,null,1,3,3,null
8,20,461,11190, The Art of Thinking,null,2,3,3,null
8,20,461,10545, 근대일본과동아시아,null,1,3,3,null
8,20,461,10545, 근대일본과동아시아,null,2,3,3,null
8,20,461,11046, 동서양의인간이해,null,1,3,3,null
8,20,461,11046, 동서양의인간이해,null,2,3,3,null
8,20,461,10034, 동양철학의이해,null,1,3,3,null
8,20,461,10034, 동양철학의이해,null,2,3,3,null
8,20,461,10769, 모던/포스트모던문화읽기,null,1,3,3,null
8,20,461,10769, 모던/포스트모던문화읽기,null,2,3,3,null
8,20,461,11056, 문화로읽는한국사,null,1,3,3,null
8,20,461,11056, 문화로읽는한국사,null,2,3,3,null
8,20,461,11185, 문화와예술을통해본르네상스역사,null,1,3,3,null
8,20,461,11185, 문화와예술을통해본르네상스역사,null,2,3,3,null
8,20,461,10772, 여성과사회정의,null,1,3,3,null
8,20,461,10772, 여성과사회정의,null,2,3,3,null
8,20,461,11054, 연어프로젝트:한국여성나의뿌리를찾아서 ,null,1,3,3,null
8,20,461,11054, 연어프로젝트:한국여성나의뿌리를찾아서 ,null,2,3,3,null
8,20,461,10108, 인간과종교,null,1,3,3,null
8,20,461,10108, 인간과종교,null,2,3,3,null
8,20,461,11041, 인간과철학적사유,null,1,3,3,null
8,20,461,11041, 인간과철학적사유,null,2,3,3,null
8,20,461,11293, 인물로본중국의역사,null,1,3,3,null
8,20,461,11293, 인물로본중국의역사,null,2,3,3,null
8,20,461,10581, 인물로본한국사,null,1,3,3,null
8,20,461,10581, 인물로본한국사,null,2,3,3,null
8,20,461,11078, 젠더와역사,null,1,3,3,null
8,20,461,11078, 젠더와역사,null,2,3,3,null
8,20,461,10767, 종교와문화,null,1,3,3,null
8,20,461,10767, 종교와문화,null,2,3,3,null
8,20,461,11057, 주제로살펴보는서양근현대사,null,1,3,3,null
8,20,461,11057, 주제로살펴보는서양근현대사,null,2,3,3,null
8,20,461,10544, 중국의역사와문화,null,1,3,3,null
8,20,461,10544, 중국의역사와문화,null,2,3,3,null
8,20,461,11297, 질병치료와백신의역사,null,1,3,3,null
8,20,461,11297, 질병치료와백신의역사,null,2,3,3,null
8,20,461,11189, 철학의은유들,null,1,3,3,null
8,20,461,11189, 철학의은유들,null,2,3,3,null
8,20,461,11045, 패러다임전환과비판이론,null,1,3,3,null
8,20,461,11045, 패러다임전환과비판이론,null,2,3,3,null
8,20,461,10149, 한국근현대사 ,null,1,3,3,null
8,20,461,10149, 한국근현대사 ,null,2,3,3,null
8,20,461,11058, 한국사의새로운이해,null,1,3,3,null
8,20,461,11058, 한국사의새로운이해,null,2,3,3,null
8,20,461,11366, 한국의문화유산역사여행,null,1,3,3,null
8,20,461,11366, 한국의문화유산역사여행,null,2,3,3,null
8,20,461,11186, Evolutionary Origin of Humans,null,1,3,3,null
8,20,461,11186, Evolutionary Origin of Humans,null,2,3,3,null
8,20,461,11295, 인공지능시대의과학과종교,null,1,3,3,null
8,20,461,11295, 인공지능시대의과학과종교,null,2,3,3,null
8,20,462,11360, ICT융복합복지와법,null,1,3,3,null
8,20,462,11360, ICT융복합복지와법,null,2,3,3,null
8,20,462,11259, SDGs시대글로벌보건협력:개발도상국의보건의료현황과국제사회의지원 ,null,1,3,3,null
8,20,462,11259, SDGs시대글로벌보건협력:개발도상국의보건의료현황과국제사회의지원 ,null,2,3,3,null
8,20,462,10011, 가족건강과간호,null,1,3,3,null
8,20,462,10011, 가족건강과간호,null,2,3,3,null
8,20,462,10932, 건축으로읽는사회문화사,null,1,3,3,null
8,20,462,10932, 건축으로읽는사회문화사,null,2,3,3,null
8,20,462,10013, 경영과사회,null,1,3,3,null
8,20,462,10013, 경영과사회,null,2,3,3,null
8,20,462,11210, 교육커뮤니케이션의이해와실제,null,1,3,3,null
8,20,462,11210, 교육커뮤니케이션의이해와실제,null,2,3,3,null
8,20,462,10949, 국제구호와개발협력,null,1,3,3,null
8,20,462,10949, 국제구호와개발협력,null,2,3,3,null
8,20,462,10913, 글로벌시대의다문화사회,null,1,3,3,null
8,20,462,10913, 글로벌시대의다문화사회,null,2,3,3,null
8,20,462,10914, 글로벌시대의아시아여성,null,1,3,3,null
8,20,462,10914, 글로벌시대의아시아여성,null,2,3,3,null
8,20,462,11260, 기업과정신과혁신,null,1,3,3,null
8,20,462,11260, 기업과정신과혁신,null,2,3,3,null
8,20,462,10091, 노동과젠더,null,1,3,3,null
8,20,462,10091, 노동과젠더,null,2,3,3,null
8,20,462,11332, 도시공간문화로읽는한국사,null,1,3,3,null
8,20,462,11332, 도시공간문화로읽는한국사,null,2,3,3,null
8,20,462,10886, 동양고전의현대적이해,null,1,3,3,null
8,20,462,10886, 동양고전의현대적이해,null,2,3,3,null
8,20,462,11292, 모방과인간,null,1,3,3,null
8,20,462,11292, 모방과인간,null,2,3,3,null
8,20,462,11193, 법과젠더,null,1,3,3,null
8,20,462,11193, 법과젠더,null,2,3,3,null
8,20,462,10549, 북한정치의이해,null,1,3,3,null
8,20,462,10549, 북한정치의이해,null,2,3,3,null
8,20,462,10548, 북한주민의문화와생활,null,1,3,3,null
8,20,462,10548, 북한주민의문화와생활,null,2,3,3,null
8,20,462,10929, 브레인스펙트럼,null,1,3,3,null
8,20,462,10929, 브레인스펙트럼,null,2,3,3,null
8,20,462,10573, 생명윤리와법,null,1,3,3,null
8,20,462,10573, 생명윤리와법,null,2,3,3,null
8,20,462,10074, 성문화연구,null,1,3,3,null
8,20,462,10074, 성문화연구,null,2,3,3,null
8,20,462,10081, 시민생활과법,null,1,3,3,null
8,20,462,10081, 시민생활과법,null,2,3,3,null
8,20,462,10094, 여성학,null,1,3,3,null
8,20,462,10094, 여성학,null,2,3,3,null
8,20,462,11089, 여행과지리:글로벌화의지역탐색,null,1,3,3,null
8,20,462,11089, 여행과지리:글로벌화의지역탐색,null,2,3,3,null
8,20,462,10908, 영상이미지와젠더,null,1,3,3,null
8,20,462,10908, 영상이미지와젠더,null,2,3,3,null
8,20,462,10904, 우리사회의문제와쟁점찾기,null,1,3,3,null
8,20,462,10904, 우리사회의문제와쟁점찾기,null,2,3,3,null
8,20,462,11358, 인간관계심리,null,1,3,3,null
8,20,462,11358, 인간관계심리,null,2,3,3,null
8,20,462,10109, 인간발달과가족,null,1,3,3,null
8,20,462,10109, 인간발달과가족,null,2,3,3,null
8,20,462,10903, 인간발달과문화의다양성,null,1,3,3,null
8,20,462,10903, 인간발달과문화의다양성,null,2,3,3,null
8,20,462,11114, 인간은왜춤을추는가,null,1,3,3,null
8,20,462,11114, 인간은왜춤을추는가,null,2,3,3,null
8,20,462,11103, 인터넷과법,null,1,3,3,null
8,20,462,11103, 인터넷과법,null,2,3,3,null
8,20,462,11359, 정신건강과행복,null,1,3,3,null
8,20,462,11359, 정신건강과행복,null,2,3,3,null
8,20,462,11104, 죄와벌,null,1,3,3,null
8,20,462,11104, 죄와벌,null,2,3,3,null
8,20,462,10905, 지구촌의사회복지,null,1,3,3,null
8,20,462,10905, 지구촌의사회복지,null,2,3,3,null
8,20,462,11105, 직업세계와법,null,1,3,3,null
8,20,462,11105, 직업세계와법,null,2,3,3,null
8,20,462,11039, 키워드로읽는중국문화,null,1,3,3,null
8,20,462,11039, 키워드로읽는중국문화,null,2,3,3,null
8,20,462,11215, 통합적분쟁이해와조정,null,1,3,3,null
8,20,462,11215, 통합적분쟁이해와조정,null,2,3,3,null
8,20,462,10887, 현대중국의이해,null,1,3,3,null
8,20,462,10887, 현대중국의이해,null,2,3,3,null
8,20,462,11162, Middle Eastern Political Theology: Religious Sources,null,1,3,3,null
8,20,462,11162, Middle Eastern Political Theology: Religious Sources,null,2,3,3,null
8,20,462,11079, 장애와사회,null,1,3,3,null
8,20,462,11079, 장애와사회,null,2,3,3,null
8,20,462,11296, 청춘의아픔과치유:행복인문학,null,1,3,3,null
8,20,462,11296, 청춘의아픔과치유:행복인문학,null,2,3,3,null
8,20,462,10181, 환경과인간,null,1,3,3,null
8,20,462,10181, 환경과인간,null,2,3,3,null
8,20,462,11188, Introduction to Ethnic Conflict and Management,null,1,3,3,null
8,20,462,11188, Introduction to Ethnic Conflict and Management,null,2,3,3,null
8,20,462,11106, 글로벌시민의이해와리더십,null,1,3,3,null
8,20,462,11106, 글로벌시민의이해와리더십,null,2,3,3,null
8,20,462,10933, 대학생의성건강,null,1,3,3,null
8,20,462,10933, 대학생의성건강,null,2,3,3,null
8,20,462,11308, 데이터로고전읽기,null,1,3,3,null
8,20,462,11308, 데이터로고전읽기,null,2,3,3,null
8,20,462,11351, 삶을위한멘탈코칭,null,1,3,3,null
8,20,462,11351, 삶을위한멘탈코칭,null,1,3,3,null
8,20,463,10556, 4차산업혁명과창의융합SW,null,1,3,3,null
8,20,463,10556, 4차산업혁명과창의융합SW,null,2,3,3,null
8,20,463,10930, Behavior of Animals,null,1,3,3,null
8,20,463,10930, Behavior of Animals,null,2,3,3,null
8,20,463,11111, SF영화로배우는철학,null,1,3,3,null
8,20,463,11111, SF영화로배우는철학,null,2,3,3,null
8,20,463,11213, 과학과몸의역사,null,1,3,3,null
8,20,463,11213, 과학과몸의역사,null,2,3,3,null
8,20,463,11155, 과학과허구,null,1,3,3,null
8,20,463,11155, 과학과허구,null,2,3,3,null
8,20,463,11101, 과학문화와커뮤니케이션,null,1,3,3,null
8,20,463,11101, 과학문화와커뮤니케이션,null,2,3,3,null
8,20,463,10776, 글로벌시민을위한과학소양,null,1,3,3,null
8,20,463,10776, 글로벌시민을위한과학소양,null,2,3,3,null
8,20,463,11154, 사물인터넷개론,null,1,3,3,null
8,20,463,11154, 사물인터넷개론,null,2,3,3,null
8,20,463,10052, 약과건강,null,1,3,3,null
8,20,463,10052, 약과건강,null,2,3,3,null
8,20,463,11102," 에너지의이해,이용,실천",null,1,3,3,null
8,20,463,11102," 에너지의이해,이용,실천",null,2,3,3,null
8,20,463,11257, 에피소드로보는과학철학,null,1,3,3,null
8,20,463,11257, 에피소드로보는과학철학,null,2,3,3,null
8,20,463,10910, 위험판단심리학,null,1,3,3,null
8,20,463,10910, 위험판단심리학,null,2,3,3,null
8,20,463,10104, 응용통계입문,null,1,3,3,null
8,20,463,10104, 응용통계입문,null,2,3,3,null
8,20,463,11336, 인공지능과인간,null,1,3,3,null
8,20,463,11336, 인공지능과인간,null,2,3,3,null
8,20,463,11261, 인공지능시대의정보산업이해,null,1,3,3,null
8,20,463,11261, 인공지능시대의정보산업이해,null,2,3,3,null
8,20,463,10559, 인류문명과환경과학,null,1,3,3,null
8,20,463,10559, 인류문명과환경과학,null,2,3,3,null
8,20,463,11156," 자연과의대화,환경생태",null,1,3,3,null
8,20,463,11156," 자연과의대화,환경생태",null,2,3,3,null
8,20,463,11160, 정보기술과미래사회,null,1,3,3,null
8,20,463,11160, 정보기술과미래사회,null,2,3,3,null
8,20,463,10123, 정보사회와인터넷윤리,null,1,3,3,null
8,20,463,10123, 정보사회와인터넷윤리,null,2,3,3,null
8,20,463,11096, 정보화사회와통계,null,1,3,3,null
8,20,463,11096, 정보화사회와통계,null,2,3,3,null
8,20,463,10135, 지구의역사,null,1,3,3,null
8,20,463,10135, 지구의역사,null,2,3,3,null
8,20,463,11042, 컴퓨터와마음,null,1,3,3,null
8,20,463,11042, 컴퓨터와마음,null,2,3,3,null
8,20,463,11152, 콘텐츠컴퓨팅,null,1,3,3,null
8,20,463,11152, 콘텐츠컴퓨팅,null,2,3,3,null
8,20,463,11145, 크리에이티브컴퓨팅,null,1,3,3,null
8,20,463,11145, 크리에이티브컴퓨팅,null,2,3,3,null
8,20,463,10164, 현대물리학과인간사고의변혁,null,1,3,3,null
8,20,463,10164, 현대물리학과인간사고의변혁,null,2,3,3,null
8,20,463,11157, 환경재난과국제협력,null,1,3,3,null
8,20,463,11157, 환경재난과국제협력,null,2,3,3,null
8,20,463,11262, 생활속의미생물,null,1,3,3,null
8,20,463,11262, 생활속의미생물,null,2,3,3,null
8,20,463,11264, 세계의자연유산과지오투어리즘,null,1,3,3,null
8,20,463,11264, 세계의자연유산과지오투어리즘,null,2,3,3,null
8,20,463,11043, 현대사회의기록과정보,null,1,3,3,null
8,20,463,11043, 현대사회의기록과정보,null,2,3,3,null
8,20,463,11187, 빅데이터사회와정보활용,null,1,3,3,null
8,20,463,11187, 빅데이터사회와정보활용,null,2,3,3,null
8,20,463,11098, 주거로보는건축문화,null,1,3,3,null
8,20,463,11098, 주거로보는건축문화,null,2,3,3,null
8,21,465,10023, 기독교와세계,1,1,3,3,null
8,21,465,10023, 기독교와세계,1,2,3,3,null
8,21,466,11352, 통합적사고와글쓰기,1,1,3,2,null
8,21,466,11352, 통합적사고와글쓰기,1,2,3,2,null
8,21,468,10099, Advanced English,1,1,3,3,null
8,21,468,10099, Advanced English,1,2,3,3,null
8,21,469,10563,기본중국어,1,1,3,3,null
8,21,469,10563,기본중국어,1,2,3,3,null
8,21,469,10133,중급중국어,1,1,3,3,null
8,21,469,10133,중급중국어,1,2,3,3,null
8,21,469,10564,기본프랑스어,1,1,3,3,null
8,21,469,10564,기본프랑스어,1,2,3,3,null
8,21,469,10565,중급프랑스어,1,1,3,3,null
8,21,469,10565,중급프랑스어,1,2,3,3,null
8,21,469,10566,기본독일어,1,1,3,3,null
8,21,469,10566,기본독일어,1,2,3,3,null
8,21,469,10130,중급독일어,1,1,3,3,null
8,21,469,10130,중급독일어,1,2,3,3,null
8,21,469,10570,기본일본어,1,1,3,3,null
8,21,469,10570,기본일본어,1,2,3,3,null
8,21,469,10132,중급일본어,1,1,3,3,null
8,21,469,10132,중급일본어,1,2,3,3,null
8,21,469,10571,기본스페인어,1,1,3,3,null
8,21,469,10571,기본스페인어,1,2,3,3,null
8,21,469,10665,중급스페인어,1,1,3,3,null
8,21,469,10665,중급스페인어,1,2,3,3,null
8,21,469,10572,기본러시아어,1,1,3,3,null
8,21,469,10572,기본러시아어,1,2,3,3,null
8,21,467,11208, IT융합설계개론,null,1,3,3,null
8,21,467,11208, IT융합설계개론,null,2,3,3,null
8,21,467,11206, 계산의기초와융합적문제해결,null,1,3,3,null
8,21,467,11206, 계산의기초와융합적문제해결,null,2,3,3,null
8,21,467,11204, 논리와컴퓨터,null,1,3,3,null
8,21,467,11204, 논리와컴퓨터,null,2,3,3,null
8,21,467,11357, 데이터컨버전스와법,null,1,3,3,null
8,21,467,11357, 데이터컨버전스와법,null,2,3,3,null
8,21,467,11373, 데이터컴퓨팅,null,1,3,3,null
8,21,467,11373, 데이터컴퓨팅,null,2,3,3,null
8,21,467,11356, 리눅스와시스템적사고,null,1,3,3,null
8,21,467,11356, 리눅스와시스템적사고,null,2,3,3,null
8,21,467,11309, 문제해결과SW프로그래밍,null,1,3,3,null
8,21,467,11309, 문제해결과SW프로그래밍,null,2,3,3,null
8,21,467,11365, 빅데이터와젠더,null,1,3,3,null
8,21,467,11365, 빅데이터와젠더,null,2,3,3,null
8,21,467,11367, 사회문제해결을위한R프로그래밍기초,null,1,3,3,null
8,21,467,11367, 사회문제해결을위한R프로그래밍기초,null,2,3,3,null
8,21,467,11233, 음악테크놀로지와프로그래밍,null,1,3,3,null
8,21,467,11233, 음악테크놀로지와프로그래밍,null,2,3,3,null
8,21,467,11368, 정보와인공지능의수리적이해,null,1,3,3,null
8,21,467,11368, 정보와인공지능의수리적이해,null,2,3,3,null
8,21,467,11205, 컴퓨터과학적인식과문제해결,null,1,3,3,null
8,21,467,11205, 컴퓨터과학적인식과문제해결,null,2,3,3,null
8,21,467,11374, 컴퓨터보안과윈도우포렌식,null,1,3,3,null
8,21,467,11374, 컴퓨터보안과윈도우포렌식,null,2,3,3,null
8,21,467,11362, 컴퓨터속의우주,null,1,3,3,null
8,21,467,11362, 컴퓨터속의우주,null,2,3,3,null
8,21,467,11369, 컴퓨터식문제해결기법,null,1,3,3,null
8,21,467,11369, 컴퓨터식문제해결기법,null,2,3,3,null
8,21,467,11232, 컴퓨터적사고와이해,null,1,3,3,null
8,21,467,11232, 컴퓨터적사고와이해,null,2,3,3,null
8,21,467,11234, 컴퓨터적사고와조형적활용,null,1,3,3,null
8,21,467,11234, 컴퓨터적사고와조형적활용,null,2,3,3,null
8,21,467,11211, 컴퓨팅적사고와프로그래밍,null,1,3,3,null
8,21,467,11211, 컴퓨팅적사고와프로그래밍,null,2,3,3,null
8,21,467,11364, 푸드테크시대의음식과디자인,null,1,3,3,null
8,21,467,11364, 푸드테크시대의음식과디자인,null,2,3,3,null
8,21,467,11207, 프로그래밍과통계적사고,null,1,3,3,null
8,21,467,11207, 프로그래밍과통계적사고,null,2,3,3,null
8,21,467,11361, 프로그래밍을위한컴퓨팅적사고,null,1,3,3,null
8,21,467,11361, 프로그래밍을위한컴퓨팅적사고,null,2,3,3,null
8,21,470,11053, 21세기사회와문학의대화,null,1,3,3,null
8,21,470,11053, 21세기사회와문학의대화,null,2,3,3,null
8,21,470,11334, Critical and Creative Textual Studies,null,1,3,3,null
8,21,470,11334, Critical and Creative Textual Studies,null,2,3,3,null
8,21,470,11183, The Story of Human Language,null,1,3,3,null
8,21,470,11183, The Story of Human Language,null,2,3,3,null
8,21,470,11165, Topics in Multiethnic American Literature,null,1,3,3,null
8,21,470,11165, Topics in Multiethnic American Literature,null,2,3,3,null
8,21,470,11112, 다매체시대의비교문학,null,1,3,3,null
8,21,470,11112, 다매체시대의비교문학,null,2,3,3,null
8,21,470,11108, 동아시아문학으로문화읽기,null,1,3,3,null
8,21,470,11108, 동아시아문학으로문화읽기,null,2,3,3,null
8,21,470,11038, 디지털미디어시대의동아시아문자,null,1,3,3,null
8,21,470,11038, 디지털미디어시대의동아시아문자,null,2,3,3,null
8,21,470,10041, 문학과삶,null,1,3,3,null
8,21,470,10041, 문학과삶,null,2,3,3,null
8,21,470,10654, 문학과영화,null,1,3,3,null
8,21,470,10654, 문학과영화,null,2,3,3,null
8,21,470,11148, 문학으로보는사랑의역사,null,1,3,3,null
8,21,470,11148, 문학으로보는사랑의역사,null,2,3,3,null
8,21,470,11184, 문학으로함께배우는매체/이야기,null,1,3,3,null
8,21,470,11184, 문학으로함께배우는매체/이야기,null,2,3,3,null
8,21,470,11146, 문화로읽는현대시의세계,null,1,3,3,null
8,21,470,11146, 문화로읽는현대시의세계,null,1,3,3,null
8,21,470,11147, 사이언스픽션의이해,null,1,3,3,null
8,21,470,11147, 사이언스픽션의이해,null,2,3,3,null
8,21,470,11297, 생태와문학,null,1,3,3,null
8,21,470,11297, 생태와문학,null,2,3,3,null
8,21,470,10768, 신화·상상력·문화,null,1,3,3,null
8,21,470,10768, 신화·상상력·문화,null,2,3,3,null
8,21,470,11109, 여행문학과세계인식,null,1,3,3,null
8,21,470,11109, 여행문학과세계인식,null,2,3,3,null
8,21,470,10882, 인간과언어,null,1,3,3,null
8,21,470,10882, 인간과언어,null,2,3,3,null
8,21,470,11258, 자연과문학,null,1,3,3,null
8,21,470,11258, 자연과문학,null,2,3,3,null
8,21,470,10543, 한국현대시와삶읽기,null,1,3,3,null
8,21,470,10543, 한국현대시와삶읽기,null,2,3,3,null
8,21,470,11134, 현대영어권문학의동향,null,1,3,3,null
8,21,470,11134, 현대영어권문학의동향,null,2,3,3,null
8,21,470,10896, 환상문학의세계,null,1,3,3,null
8,21,470,10896, 환상문학의세계,null,2,3,3,null
8,21,470,10950, 디지털스토리텔링의이해,null,1,3,3,null
8,21,470,10950, 디지털스토리텔링의이해,null,2,3,3,null
8,21,471,11107, 21세기의예술과인간,null,1,3,3,null
8,21,471,11107, 21세기의예술과인간,null,2,3,3,null
8,21,471,11164, Contemporary Photography,null,1,3,3,null
8,21,471,11164, Contemporary Photography,null,2,3,3,null
8,21,471,10033, 동양미술의이해,null,1,3,3,null
8,21,471,10033, 동양미술의이해,null,2,3,3,null
8,21,471,10778, 디지털매체와예술,null,1,3,3,null
8,21,471,10778, 디지털매체와예술,null,2,3,3,null
8,21,471,10576, 무용의이해,null,1,3,3,null
8,21,471,10576, 무용의이해,null,2,3,3,null
8,21,471,11153, 문화콘텐츠기획의이해,null,1,3,3,null
8,21,471,11153, 문화콘텐츠기획의이해,null,2,3,3,null
8,21,471,11328, 미술로치유하는마음,null,1,3,3,null
8,21,471,11328, 미술로치유하는마음,null,2,3,3,null
8,21,471,11083, 미학과미술,null,1,3,3,null
8,21,471,11083, 미학과미술,null,2,3,3,null
8,21,471,10072, 서양미술의이해,null,1,3,3,null
8,21,471,10072, 서양미술의이해,null,2,3,3,null
8,21,471,10073, 서양음악의이해,null,1,3,3,null
8,21,471,10073, 서양음악의이해,null,2,3,3,null
8,21,471,11084, 시각문화로서미술작품읽기,null,1,3,3,null
8,21,471,11084, 시각문화로서미술작품읽기,null,2,3,3,null
8,21,471,11209, 시각적사고를통한일상의문화와트랜드,null,1,3,3,null
8,21,471,11209, 시각적사고를통한일상의문화와트랜드,null,2,3,3,null
8,21,471,10090, 여성과예술,null,1,3,3,null
8,21,471,10090, 여성과예술,null,2,3,3,null
8,21,471,11113, 여성의몸과창조적움직임,null,1,3,3,null
8,21,471,11113, 여성의몸과창조적움직임,null,2,3,3,null
8,21,471,10097, 연극의이론과실제,null,1,3,3,null
8,21,471,10097, 연극의이론과실제,null,2,3,3,null
8,21,471,11110, 예술가와그의시대,null,1,3,3,null
8,21,471,11110, 예술가와그의시대,null,2,3,3,null
8,21,471,10100, 예술과사상,null,1,3,3,null
8,21,471,10100, 예술과사상,null,2,3,3,null
8,21,471,11055, 옛시와그림의만남,null,1,3,3,null
8,21,471,11055, 옛시와그림의만남,null,2,3,3,null
8,21,471,11265, 음악과건강,null,1,3,3,null
8,21,471,11265, 음악과건강,null,2,3,3,null
8,21,471,11075, 창조와상상의기술,null,1,3,3,null
8,21,471,11075, 창조와상상의기술,null,2,3,3,null
8,21,471,11035," 퍼포먼스인문학:제의,놀이,연극",null,1,3,3,null
8,21,471,11035," 퍼포먼스인문학:제의,놀이,연극",null,2,3,3,null
8,21,471,10892," 표현,예술,그리고시대정신",null,1,3,3,null
8,21,471,10892," 표현,예술,그리고시대정신",null,2,3,3,null
8,21,471,10152, 한국미술의이해,null,1,3,3,null
8,21,471,10152, 한국미술의이해,null,2,3,3,null
8,21,471,11333," 한국사와상상력,스토리텔링",null,1,3,3,null
8,21,471,11333," 한국사와상상력,스토리텔링",null,2,3,3,null
8,21,471,10883, 한국의문화공간과예술,null,1,3,3,null
8,21,471,10883, 한국의문화공간과예술,null,2,3,3,null
8,21,471,10165, 현대미술사,null,1,3,3,null
8,21,471,10165, 현대미술사,null,2,3,3,null
8,21,471,11330, Reading American Popular Culture in the Digital Age,null,1,3,3,null
8,21,471,11330, Reading American Popular Culture in the Digital Age,null,2,3,3,null
8,21,471,10018, 국악의이해,null,1,3,3,null
8,21,471,10018, 국악의이해,null,2,3,3,null
8,21,471,11329, 색채의이해,null,1,3,3,null
8,21,471,11329, 색채의이해,null,2,3,3,null
8,21,471,11263, 예술과기술,null,1,3,3,null
8,21,471,11263, 예술과기술,null,2,3,3,null
8,21,471,11116, Introduction to World Music and Culture,null,1,3,3,null
8,21,471,11116, Introduction to World Music and Culture,null,2,3,3,null
8,21,471,11135, 사물과예술,null,1,3,3,null
8,21,471,11135, 사물과예술,null,2,3,3,null
8,21,472,11190, The Art of Thinking,null,1,3,3,null
8,21,472,11190, The Art of Thinking,null,2,3,3,null
8,21,472,10545, 근대일본과동아시아,null,1,3,3,null
8,21,472,10545, 근대일본과동아시아,null,2,3,3,null
8,21,472,11046, 동서양의인간이해,null,1,3,3,null
8,21,472,11046, 동서양의인간이해,null,2,3,3,null
8,21,472,10034, 동양철학의이해,null,1,3,3,null
8,21,472,10034, 동양철학의이해,null,2,3,3,null
8,21,472,10769, 모던/포스트모던문화읽기,null,1,3,3,null
8,21,472,10769, 모던/포스트모던문화읽기,null,2,3,3,null
8,21,472,11056, 문화로읽는한국사,null,1,3,3,null
8,21,472,11056, 문화로읽는한국사,null,2,3,3,null
8,21,472,11185, 문화와예술을통해본르네상스역사,null,1,3,3,null
8,21,472,11185, 문화와예술을통해본르네상스역사,null,2,3,3,null
8,21,472,10772, 여성과사회정의,null,1,3,3,null
8,21,472,10772, 여성과사회정의,null,2,3,3,null
8,21,472,11054, 연어프로젝트:한국여성나의뿌리를찾아서 ,null,1,3,3,null
8,21,472,11054, 연어프로젝트:한국여성나의뿌리를찾아서 ,null,2,3,3,null
8,21,472,10108, 인간과종교,null,1,3,3,null
8,21,472,10108, 인간과종교,null,2,3,3,null
8,21,472,11041, 인간과철학적사유,null,1,3,3,null
8,21,472,11041, 인간과철학적사유,null,2,3,3,null
8,21,472,11293, 인물로본중국의역사,null,1,3,3,null
8,21,472,11293, 인물로본중국의역사,null,2,3,3,null
8,21,472,10581, 인물로본한국사,null,1,3,3,null
8,21,472,10581, 인물로본한국사,null,2,3,3,null
8,21,472,11078, 젠더와역사,null,1,3,3,null
8,21,472,11078, 젠더와역사,null,2,3,3,null
8,21,472,10767, 종교와문화,null,1,3,3,null
8,21,472,10767, 종교와문화,null,2,3,3,null
8,21,472,11057, 주제로살펴보는서양근현대사,null,1,3,3,null
8,21,472,11057, 주제로살펴보는서양근현대사,null,2,3,3,null
8,21,472,10544, 중국의역사와문화,null,1,3,3,null
8,21,472,10544, 중국의역사와문화,null,2,3,3,null
8,21,472,11297, 질병치료와백신의역사,null,1,3,3,null
8,21,472,11297, 질병치료와백신의역사,null,2,3,3,null
8,21,472,11189, 철학의은유들,null,1,3,3,null
8,21,472,11189, 철학의은유들,null,2,3,3,null
8,21,472,11045, 패러다임전환과비판이론,null,1,3,3,null
8,21,472,11045, 패러다임전환과비판이론,null,2,3,3,null
8,21,472,10149, 한국근현대사 ,null,1,3,3,null
8,21,472,10149, 한국근현대사 ,null,2,3,3,null
8,21,472,11058, 한국사의새로운이해,null,1,3,3,null
8,21,472,11058, 한국사의새로운이해,null,2,3,3,null
8,21,472,11366, 한국의문화유산역사여행,null,1,3,3,null
8,21,472,11366, 한국의문화유산역사여행,null,2,3,3,null
8,21,472,11186, Evolutionary Origin of Humans,null,1,3,3,null
8,21,472,11186, Evolutionary Origin of Humans,null,2,3,3,null
8,21,472,11295, 인공지능시대의과학과종교,null,1,3,3,null
8,21,472,11295, 인공지능시대의과학과종교,null,2,3,3,null
8,21,473,11360, ICT융복합복지와법,null,1,3,3,null
8,21,473,11360, ICT융복합복지와법,null,2,3,3,null
8,21,473,11259, SDGs시대글로벌보건협력:개발도상국의보건의료현황과국제사회의지원 ,null,1,3,3,null
8,21,473,11259, SDGs시대글로벌보건협력:개발도상국의보건의료현황과국제사회의지원 ,null,2,3,3,null
8,21,473,10011, 가족건강과간호,null,1,3,3,null
8,21,473,10011, 가족건강과간호,null,2,3,3,null
8,21,473,10932, 건축으로읽는사회문화사,null,1,3,3,null
8,21,473,10932, 건축으로읽는사회문화사,null,2,3,3,null
8,21,473,10013, 경영과사회,null,1,3,3,null
8,21,473,10013, 경영과사회,null,2,3,3,null
8,21,473,11210, 교육커뮤니케이션의이해와실제,null,1,3,3,null
8,21,473,11210, 교육커뮤니케이션의이해와실제,null,2,3,3,null
8,21,473,10949, 국제구호와개발협력,null,1,3,3,null
8,21,473,10949, 국제구호와개발협력,null,2,3,3,null
8,21,473,10913, 글로벌시대의다문화사회,null,1,3,3,null
8,21,473,10913, 글로벌시대의다문화사회,null,2,3,3,null
8,21,473,10914, 글로벌시대의아시아여성,null,1,3,3,null
8,21,473,10914, 글로벌시대의아시아여성,null,2,3,3,null
8,21,473,11260, 기업과정신과혁신,null,1,3,3,null
8,21,473,11260, 기업과정신과혁신,null,2,3,3,null
8,21,473,10091, 노동과젠더,null,1,3,3,null
8,21,473,10091, 노동과젠더,null,2,3,3,null
8,21,473,11332, 도시공간문화로읽는한국사,null,1,3,3,null
8,21,473,11332, 도시공간문화로읽는한국사,null,2,3,3,null
8,21,473,10886, 동양고전의현대적이해,null,1,3,3,null
8,21,473,10886, 동양고전의현대적이해,null,2,3,3,null
8,21,473,11292, 모방과인간,null,1,3,3,null
8,21,473,11292, 모방과인간,null,2,3,3,null
8,21,473,11193, 법과젠더,null,1,3,3,null
8,21,473,11193, 법과젠더,null,2,3,3,null
8,21,473,10549, 북한정치의이해,null,1,3,3,null
8,21,473,10549, 북한정치의이해,null,2,3,3,null
8,21,473,10548, 북한주민의문화와생활,null,1,3,3,null
8,21,473,10548, 북한주민의문화와생활,null,2,3,3,null
8,21,473,10929, 브레인스펙트럼,null,1,3,3,null
8,21,473,10929, 브레인스펙트럼,null,2,3,3,null
8,21,473,10573, 생명윤리와법,null,1,3,3,null
8,21,473,10573, 생명윤리와법,null,2,3,3,null
8,21,473,10074, 성문화연구,null,1,3,3,null
8,21,473,10074, 성문화연구,null,2,3,3,null
8,21,473,10081, 시민생활과법,null,1,3,3,null
8,21,473,10081, 시민생활과법,null,2,3,3,null
8,21,473,10094, 여성학,null,1,3,3,null
8,21,473,10094, 여성학,null,2,3,3,null
8,21,473,11089, 여행과지리:글로벌화의지역탐색,null,1,3,3,null
8,21,473,11089, 여행과지리:글로벌화의지역탐색,null,2,3,3,null
8,21,473,10908, 영상이미지와젠더,null,1,3,3,null
8,21,473,10908, 영상이미지와젠더,null,2,3,3,null
8,21,473,10904, 우리사회의문제와쟁점찾기,null,1,3,3,null
8,21,473,10904, 우리사회의문제와쟁점찾기,null,2,3,3,null
8,21,473,11358, 인간관계심리,null,1,3,3,null
8,21,473,11358, 인간관계심리,null,2,3,3,null
8,21,473,10109, 인간발달과가족,null,1,3,3,null
8,21,473,10109, 인간발달과가족,null,2,3,3,null
8,21,473,10903, 인간발달과문화의다양성,null,1,3,3,null
8,21,473,10903, 인간발달과문화의다양성,null,2,3,3,null
8,21,473,11114, 인간은왜춤을추는가,null,1,3,3,null
8,21,473,11114, 인간은왜춤을추는가,null,2,3,3,null
8,21,473,11103, 인터넷과법,null,1,3,3,null
8,21,473,11103, 인터넷과법,null,2,3,3,null
8,21,473,11359, 정신건강과행복,null,1,3,3,null
8,21,473,11359, 정신건강과행복,null,2,3,3,null
8,21,473,11104, 죄와벌,null,1,3,3,null
8,21,473,11104, 죄와벌,null,2,3,3,null
8,21,473,10905, 지구촌의사회복지,null,1,3,3,null
8,21,473,10905, 지구촌의사회복지,null,2,3,3,null
8,21,473,11105, 직업세계와법,null,1,3,3,null
8,21,473,11105, 직업세계와법,null,2,3,3,null
8,21,473,11039, 키워드로읽는중국문화,null,1,3,3,null
8,21,473,11039, 키워드로읽는중국문화,null,2,3,3,null
8,21,473,11215, 통합적분쟁이해와조정,null,1,3,3,null
8,21,473,11215, 통합적분쟁이해와조정,null,2,3,3,null
8,21,473,10887, 현대중국의이해,null,1,3,3,null
8,21,473,10887, 현대중국의이해,null,2,3,3,null
8,21,473,11162, Middle Eastern Political Theology: Religious Sources,null,1,3,3,null
8,21,473,11162, Middle Eastern Political Theology: Religious Sources,null,2,3,3,null
8,21,473,11079, 장애와사회,null,1,3,3,null
8,21,473,11079, 장애와사회,null,2,3,3,null
8,21,473,11296, 청춘의아픔과치유:행복인문학,null,1,3,3,null
8,21,473,11296, 청춘의아픔과치유:행복인문학,null,2,3,3,null
8,21,473,10181, 환경과인간,null,1,3,3,null
8,21,473,10181, 환경과인간,null,2,3,3,null
8,21,473,11188, Introduction to Ethnic Conflict and Management,null,1,3,3,null
8,21,473,11188, Introduction to Ethnic Conflict and Management,null,2,3,3,null
8,21,473,11106, 글로벌시민의이해와리더십,null,1,3,3,null
8,21,473,11106, 글로벌시민의이해와리더십,null,2,3,3,null
8,21,473,10933, 대학생의성건강,null,1,3,3,null
8,21,473,10933, 대학생의성건강,null,2,3,3,null
8,21,473,11308, 데이터로고전읽기,null,1,3,3,null
8,21,473,11308, 데이터로고전읽기,null,2,3,3,null
8,21,473,11351, 삶을위한멘탈코칭,null,1,3,3,null
8,21,473,11351, 삶을위한멘탈코칭,null,1,3,3,null
8,21,474,10556, 4차산업혁명과창의융합SW,null,1,3,3,null
8,21,474,10556, 4차산업혁명과창의융합SW,null,2,3,3,null
8,21,474,10930, Behavior of Animals,null,1,3,3,null
8,21,474,10930, Behavior of Animals,null,2,3,3,null
8,21,474,11111, SF영화로배우는철학,null,1,3,3,null
8,21,474,11111, SF영화로배우는철학,null,2,3,3,null
8,21,474,11213, 과학과몸의역사,null,1,3,3,null
8,21,474,11213, 과학과몸의역사,null,2,3,3,null
8,21,474,11155, 과학과허구,null,1,3,3,null
8,21,474,11155, 과학과허구,null,2,3,3,null
8,21,474,11101, 과학문화와커뮤니케이션,null,1,3,3,null
8,21,474,11101, 과학문화와커뮤니케이션,null,2,3,3,null
8,21,474,10776, 글로벌시민을위한과학소양,null,1,3,3,null
8,21,474,10776, 글로벌시민을위한과학소양,null,2,3,3,null
8,21,474,11154, 사물인터넷개론,null,1,3,3,null
8,21,474,11154, 사물인터넷개론,null,2,3,3,null
8,21,474,10052, 약과건강,null,1,3,3,null
8,21,474,10052, 약과건강,null,2,3,3,null
8,21,474,11102," 에너지의이해,이용,실천",null,1,3,3,null
8,21,474,11102," 에너지의이해,이용,실천",null,2,3,3,null
8,21,474,11257, 에피소드로보는과학철학,null,1,3,3,null
8,21,474,11257, 에피소드로보는과학철학,null,2,3,3,null
8,21,474,10910, 위험판단심리학,null,1,3,3,null
8,21,474,10910, 위험판단심리학,null,2,3,3,null
8,21,474,10104, 응용통계입문,null,1,3,3,null
8,21,474,10104, 응용통계입문,null,2,3,3,null
8,21,474,11336, 인공지능과인간,null,1,3,3,null
8,21,474,11336, 인공지능과인간,null,2,3,3,null
8,21,474,11261, 인공지능시대의정보산업이해,null,1,3,3,null
8,21,474,11261, 인공지능시대의정보산업이해,null,2,3,3,null
8,21,474,10559, 인류문명과환경과학,null,1,3,3,null
8,21,474,10559, 인류문명과환경과학,null,2,3,3,null
8,21,474,11156," 자연과의대화,환경생태",null,1,3,3,null
8,21,474,11156," 자연과의대화,환경생태",null,2,3,3,null
8,21,474,11160, 정보기술과미래사회,null,1,3,3,null
8,21,474,11160, 정보기술과미래사회,null,2,3,3,null
8,21,474,10123, 정보사회와인터넷윤리,null,1,3,3,null
8,21,474,10123, 정보사회와인터넷윤리,null,2,3,3,null
8,21,474,11096, 정보화사회와통계,null,1,3,3,null
8,21,474,11096, 정보화사회와통계,null,2,3,3,null
8,21,474,10135, 지구의역사,null,1,3,3,null
8,21,474,10135, 지구의역사,null,2,3,3,null
8,21,474,11042, 컴퓨터와마음,null,1,3,3,null
8,21,474,11042, 컴퓨터와마음,null,2,3,3,null
8,21,474,11152, 콘텐츠컴퓨팅,null,1,3,3,null
8,21,474,11152, 콘텐츠컴퓨팅,null,2,3,3,null
8,21,474,11145, 크리에이티브컴퓨팅,null,1,3,3,null
8,21,474,11145, 크리에이티브컴퓨팅,null,2,3,3,null
8,21,474,10164, 현대물리학과인간사고의변혁,null,1,3,3,null
8,21,474,10164, 현대물리학과인간사고의변혁,null,2,3,3,null
8,21,474,11157, 환경재난과국제협력,null,1,3,3,null
8,21,474,11157, 환경재난과국제협력,null,2,3,3,null
8,21,474,11262, 생활속의미생물,null,1,3,3,null
8,21,474,11262, 생활속의미생물,null,2,3,3,null
8,21,474,11264, 세계의자연유산과지오투어리즘,null,1,3,3,null
8,21,474,11264, 세계의자연유산과지오투어리즘,null,2,3,3,null
8,21,474,11043, 현대사회의기록과정보,null,1,3,3,null
8,21,474,11043, 현대사회의기록과정보,null,2,3,3,null
8,21,474,11187, 빅데이터사회와정보활용,null,1,3,3,null
8,21,474,11187, 빅데이터사회와정보활용,null,2,3,3,null
8,21,474,11098, 주거로보는건축문화,null,1,3,3,null
8,21,474,11098, 주거로보는건축문화,null,2,3,3,null
8,20,464,33492,세계종교와한국종교,1,1,3,3,null
8,20,464,35160,신약성서의세계,1,1,3,3,null
8,20,464,33491,인간관계와자아발달,1,1,3,3,null
8,20,464,33549,구약성서의세계,1,2,3,3,null
8,20,464,35161,조직신학입문,1,2,3,3,null
8,20,464,20170,기독교윤리와사회문제,2,1,3,3,null
8,20,464,20173,복음서연구,2,1,3,3,null
8,20,464,33658,성서히브리어,2,1,3,3,null
8,20,464,33657,세계기독교역사,2,1,3,3,null
8,20,464,36836,예배학,2,1,3,3,null
8,20,464,33659,기독교교육학,2,2,3,3,null
8,20,464,33661,성서희랍어,2,2,3,3,null
8,20,464,33660,예언자연구,2,2,3,3,null
8,20,464,35162,현대신학,2,2,3,3,null
8,20,464,38148,기독전공설계심화I,3,1,null,3,null
8,20,464,38148,기독전공설계심화I,3,2,null,3,null
8,20,464,38149,기독전공설계심화II,3,1,null,3,null
8,20,464,38149,기독전공설계심화II,3,2,null,3,null
8,20,464,37729,에큐메니컬현장실습I,3,1,null,1,null
8,20,464,37729,에큐메니컬현장실습I,3,1,null,1,null
8,20,464,37730,에큐메니컬현장실습II,3,1,null,2,null
8,20,464,37730,에큐메니컬현장실습II,3,2,null,2,null
8,20,464,37731,에큐메니컬현장실습III,3,1,null,3,null
8,20,464,37731,에큐메니컬현장실습III,3,2,null,3,null
8,20,464,33663,기독교신학과현대사상,3,1,3,3,null
8,20,464,35163,기독교윤리사상사,3,1,3,3,null
8,20,464,33662,성서교육방법,3,1,3,3,null
8,20,464,20184,오경연구,3,1,3,3,null
8,20,464,20192,한국기독교사,3,1,3,3,null
8,20,464,34366,기독교사상사,3,2,3,3,null
8,20,464,20171,기독교윤리학,3,2,3,3,null
8,20,464,33259,목회상담학의이론과실제,3,2,3,3,null
8,20,464,33666,바울연구,3,2,3,3,null
8,20,464,20182,여성신학과종교문화캡스톤디자인,3,2,3,3,null
8,20,464,36837,한국사상과기독교윤리,3,2,3,3,null
8,20,464,30187,구약신학,4,1,3,3,null
8,20,464,20167,기독교교육커리큘럼,4,1,3,3,null
8,20,464,30189,신약성서와젠더,4,1,3,3,null
8,20,464,35164,철학과종교,4,1,3,3,null
8,20,464,38151,동아시아교회사,4,2,3,3,null
8,20,464,35167,발달이론과종교교육,4,2,3,3,null
8,20,464,20174,세계기독교와에큐메닉스,4,2,3,3,null
8,20,464,36838,예배·문화·예술,4,2,3,3,null
8,20,464,35165,종교와심리학,4,2,3,3,null
8,21,475,33492,세계종교와한국종교,1,1,3,3,null
8,21,475,35160,신약성서의세계,1,1,3,3,null
8,21,475,33491,인간관계와자아발달,1,1,3,3,null
8,21,475,33549,구약성서의세계,1,2,3,3,null
8,21,475,35161,조직신학입문,1,2,3,3,null
8,21,475,20170,기독교윤리와사회문제,2,1,3,3,null
8,21,475,20173,복음서연구,2,1,3,3,null
8,21,475,33658,성서히브리어,2,1,3,3,null
8,21,475,33657,세계기독교역사,2,1,3,3,null
8,21,475,36836,예배학,2,1,3,3,null
8,21,475,33659,기독교교육학,2,2,3,3,null
8,21,475,33661,성서희랍어,2,2,3,3,null
8,21,475,33660,예언자연구,2,2,3,3,null
8,21,475,35162,현대신학,2,2,3,3,null
8,21,475,38148,기독전공설계심화I,3,1,null,3,null
8,21,475,38148,기독전공설계심화I,3,2,null,3,null
8,21,475,38149,기독전공설계심화II,3,1,null,3,null
8,21,475,38149,기독전공설계심화II,3,2,null,3,null
8,21,475,37729,에큐메니컬현장실습I,3,1,null,1,null
8,21,475,37729,에큐메니컬현장실습I,3,1,null,1,null
8,21,475,37730,에큐메니컬현장실습II,3,1,null,2,null
8,21,475,37730,에큐메니컬현장실습II,3,2,null,2,null
8,21,475,37731,에큐메니컬현장실습III,3,1,null,3,null
8,21,475,37731,에큐메니컬현장실습III,3,2,null,3,null
8,21,475,33663,기독교신학과현대사상,3,1,3,3,null
8,21,475,35163,기독교윤리사상사,3,1,3,3,null
8,21,475,33662,성서교육방법,3,1,3,3,null
8,21,475,20184,오경연구,3,1,3,3,null
8,21,475,20192,한국기독교사,3,1,3,3,null
8,21,475,34366,기독교사상사,3,2,3,3,null
8,21,475,20171,기독교윤리학,3,2,3,3,null
8,21,475,33259,목회상담학의이론과실제,3,2,3,3,null
8,21,475,33666,바울연구,3,2,3,3,null
8,21,475,20182,여성신학과종교문화캡스톤디자인,3,2,3,3,null
8,21,475,36837,한국사상과기독교윤리,3,2,3,3,null
8,21,475,30187,구약신학,4,1,3,3,null
8,21,475,20167,기독교교육커리큘럼,4,1,3,3,null
8,21,475,30189,신약성서와젠더,4,1,3,3,null
8,21,475,35164,철학과종교,4,1,3,3,null
8,21,475,38151,동아시아교회사,4,2,3,3,null
8,21,475,35167,발달이론과종교교육,4,2,3,3,null
8,21,475,20174,세계기독교와에큐메닉스,4,2,3,3,null
8,21,475,36838,예배·문화·예술,4,2,3,3,null
8,21,475,35165,종교와심리학,4,2,3,3,null
